  1:	0.842  0.002  0.004  0.035  0.047  0.004  0.023  0.009  0.026  0.009	10
  2:	0.034  0.840  0.007  0.024  0.019  0.022  0.007  0.009  0.020  0.018	18
  3:	0.008  0.001  0.002  0.805  0.002  0.002  0.174  0.004  0.002  0.002	1
  4:	0.013  0.001  0.003  0.675  0.011  0.003  0.113  0.111  0.002  0.069	1
  5:	0.003  0.945  0.006  0.013  0.003  0.003  0.004  0.003  0.014  0.004	12
  6:	0.007  0.002  0.004  0.003  0.004  0.002  0.970  0.003  0.002  0.001	21
  7:	0.001  0.001  0.001  0.001  0.001  0.001  0.001  0.001  0.001  0.992	20
  8:	0.950  0.002  0.003  0.009  0.012  0.003  0.005  0.006  0.003  0.008	20
  9:	0.002  0.049  0.939  0.001  0.001  0.001  0.001  0.002  0.002  0.001	21
 10:	0.006  0.776  0.008  0.007  0.017  0.002  0.004  0.019  0.153  0.009	21
 11:	0.021  0.058  0.025  0.050  0.028  0.024  0.015  0.034  0.705  0.039	21
 12:	0.002  0.986  0.001  0.001  0.001  0.001  0.002  0.001  0.003  0.001	6
 13:	0.009  0.966  0.002  0.003  0.005  0.004  0.004  0.003  0.002  0.001	12
 14:	0.010  0.001  0.062  0.022  0.007  0.007  0.794  0.059  0.012  0.026	14
 15:	0.005  0.000  0.001  0.009  0.972  0.001  0.002  0.005  0.001  0.002	21
 16:	0.009  0.803  0.004  0.062  0.004  0.016  0.016  0.004  0.076  0.007	10
 17:	0.001  0.991  0.001  0.001  0.001  0.001  0.001  0.001  0.001  0.001	3
 18:	0.001  0.980  0.003  0.002  0.002  0.005  0.002  0.002  0.001  0.001	1
 19:	0.026  0.001  0.009  0.912  0.032  0.004  0.004  0.004  0.006  0.002	21
 20:	0.003  0.004  0.007  0.005  0.002  0.003  0.004  0.953  0.004  0.015	21
 21:	0.040  0.001  0.007  0.009  0.015  0.012  0.006  0.905  0.002  0.003	21
 22:	0.006  0.001  0.006  0.005  0.961  0.004  0.005  0.003  0.005  0.003	21
 23:	0.014  0.925  0.004  0.004  0.010  0.010  0.009  0.009  0.007  0.006	22
 24:	0.001  0.013  0.001  0.001  0.001  0.978  0.001  0.001  0.001  0.001	20
 25:	0.003  0.010  0.001  0.001  0.003  0.002  0.002  0.002  0.977  0.001	20

  1:	0.003  0.002  0.839  0.004  0.017  0.008  0.112  0.008  0.001  0.006	10
  2:	0.035  0.027  0.026  0.011  0.030  0.020  0.029  0.021  0.790  0.010	18
  3:	0.001  0.003  0.504  0.024  0.005  0.002  0.370  0.011  0.030  0.051	1
  4:	0.001  0.003  0.291  0.030  0.008  0.037  0.494  0.105  0.015  0.014	1
  5:	0.049  0.003  0.004  0.007  0.030  0.006  0.005  0.004  0.884  0.009	12
  6:	0.002  0.005  0.602  0.006  0.006  0.003  0.006  0.004  0.003  0.363	21
  7:	0.001  0.001  0.001  0.001  0.001  0.992  0.001  0.001  0.001  0.001	20
  8:	0.001  0.003  0.930  0.006  0.002  0.011  0.033  0.008  0.003  0.003	20
  9:	0.001  0.001  0.002  0.003  0.002  0.001  0.003  0.003  0.049  0.935	21
 10:	0.772  0.001  0.001  0.001  0.001  0.001  0.001  0.001  0.222  0.001	21
 11:	0.024  0.020  0.027  0.015  0.698  0.047  0.049  0.040  0.046  0.036	21
 12:	0.186  0.001  0.001  0.001  0.001  0.001  0.001  0.001  0.807  0.001	6
 13:	0.020  0.005  0.008  0.003  0.003  0.002  0.006  0.006  0.943  0.004	12
 14:	0.001  0.006  0.479  0.055  0.014  0.023  0.003  0.008  0.001  0.409	14
 15:	0.001  0.001  0.005  0.003  0.001  0.002  0.976  0.008  0.000  0.001	21
 16:	0.006  0.015  0.022  0.005  0.112  0.011  0.028  0.004  0.785  0.012	10
 17:	0.007  0.001  0.001  0.001  0.001  0.001  0.001  0.001  0.986  0.001	3
 18:	0.002  0.006  0.002  0.002  0.002  0.002  0.002  0.002  0.979  0.002	1
 19:	0.004  0.021  0.368  0.022  0.041  0.012  0.511  0.005  0.001  0.014	21
 20:	0.001  0.006  0.003  0.953  0.005  0.006  0.003  0.010  0.004  0.009	21
 21:	0.001  0.005  0.006  0.105  0.001  0.004  0.008  0.861  0.000  0.008	21
 22:	0.003  0.004  0.006  0.003  0.004  0.003  0.964  0.004  0.001  0.008	21
 23:	0.199  0.014  0.011  0.009  0.007  0.007  0.010  0.012  0.723  0.008	22
 24:	0.001  0.978  0.001  0.001  0.001  0.001  0.001  0.001  0.013  0.001	20
 25:	0.001  0.002  0.002  0.002  0.978  0.001  0.002  0.001  0.009  0.001	20

  1:	0.011  0.020  0.765  0.001  0.003  0.089  0.007  0.002  0.002  0.101	10
  2:	0.017  0.026  0.021  0.796  0.009  0.022  0.020  0.033  0.027  0.030	18
  3:	0.011  0.003  0.156  0.002  0.018  0.002  0.002  0.001  0.001  0.803	1
  4:	0.118  0.002  0.066  0.001  0.004  0.018  0.090  0.001  0.003  0.697	1
  5:	0.006  0.023  0.005  0.891  0.010  0.004  0.006  0.041  0.003  0.011	12
  6:	0.010  0.004  0.862  0.004  0.105  0.005  0.002  0.001  0.004  0.002	21
  7:	0.002  0.001  0.001  0.001  0.001  0.001  0.992  0.000  0.001  0.001	20
  8:	0.011  0.002  0.889  0.003  0.002  0.036  0.017  0.001  0.003  0.037	20
  9:	0.003  0.001  0.001  0.049  0.939  0.002  0.001  0.001  0.001  0.002	21
 10:	0.001  0.001  0.001  0.224  0.001  0.001  0.001  0.770  0.001  0.001	21
 11:	0.056  0.675  0.024  0.051  0.030  0.030  0.045  0.018  0.021  0.049	21
 12:	0.002  0.001  0.001  0.813  0.001  0.001  0.001  0.179  0.001  0.001	6
 13:	0.006  0.003  0.007  0.945  0.004  0.006  0.002  0.018  0.005  0.006	12
 14:	0.047  0.013  0.661  0.002  0.234  0.003  0.024  0.001  0.006  0.011	14
 15:	0.007  0.001  0.003  0.000  0.001  0.973  0.002  0.001  0.001  0.010	21
 16:	0.005  0.097  0.011  0.787  0.008  0.006  0.009  0.004  0.012  0.062	10
 17:	0.001  0.001  0.001  0.987  0.001  0.001  0.001  0.006  0.001  0.001	3
 18:	0.003  0.002  0.002  0.978  0.003  0.002  0.002  0.001  0.006  0.002	1
 19:	0.005  0.006  0.011  0.001  0.009  0.033  0.003  0.001  0.003  0.928	21
 20:	0.954  0.005  0.003  0.003  0.008  0.002  0.016  0.001  0.003  0.004	21
 21:	0.934  0.002  0.013  0.001  0.007  0.016  0.003  0.001  0.013  0.012	21
 22:	0.004  0.005  0.005  0.001  0.007  0.964  0.003  0.002  0.005  0.005	21
 23:	0.016  0.007  0.014  0.732  0.006  0.012  0.006  0.188  0.013  0.005	22
 24:	0.002  0.001  0.001  0.013  0.001  0.001  0.001  0.001  0.978  0.001	20
 25:	0.002  0.977  0.002  0.009  0.001  0.003  0.001  0.001  0.002  0.002	20

  1:	0.907  0.003  0.003  0.001  0.010  0.010  0.033  0.013  0.005  0.014	10
  2:	0.038  0.008  0.025  0.843  0.021  0.018  0.008  0.010  0.010  0.019	18
  3:	0.572  0.004  0.002  0.006  0.003  0.001  0.270  0.050  0.015  0.078	1
  4:	0.345  0.003  0.003  0.003  0.006  0.062  0.130  0.052  0.123  0.273	1
  5:	0.004  0.006  0.003  0.946  0.013  0.004  0.004  0.003  0.003  0.013	12
  6:	0.006  0.003  0.003  0.002  0.003  0.002  0.969  0.003  0.003  0.006	21
  7:	0.001  0.001  0.001  0.001  0.001  0.992  0.001  0.001  0.001  0.001	20
  8:	0.956  0.003  0.002  0.003  0.002  0.005  0.008  0.011  0.007  0.003	20
  9:	0.002  0.938  0.001  0.049  0.002  0.001  0.002  0.002  0.002  0.001	21
 10:	0.009  0.008  0.002  0.792  0.118  0.012  0.005  0.028  0.018  0.008	21
 11:	0.034  0.026  0.022  0.057  0.715  0.043  0.017  0.014  0.041  0.031	21
 12:	0.002  0.001  0.001  0.987  0.002  0.001  0.002  0.002  0.001  0.001	6
 13:	0.008  0.002  0.004  0.967  0.002  0.001  0.004  0.003  0.003  0.005	12
 14:	0.026  0.067  0.007  0.001  0.014  0.026  0.795  0.005  0.055  0.004	14
 15:	0.004  0.001  0.002  0.000  0.001  0.001  0.001  0.002  0.002  0.985	21
 16:	0.015  0.004  0.017  0.801  0.103  0.009  0.035  0.006  0.004  0.006	10
 17:	0.001  0.001  0.001  0.991  0.001  0.001  0.001  0.001  0.001  0.001	3
 18:	0.002  0.003  0.007  0.980  0.001  0.001  0.002  0.002  0.002  0.002	1
 19:	0.663  0.018  0.015  0.001  0.026  0.004  0.009  0.104  0.015  0.146	21
 20:	0.003  0.007  0.003  0.004  0.005  0.017  0.004  0.002  0.953  0.002	21
 21:	0.025  0.008  0.012  0.001  0.002  0.003  0.006  0.007  0.917  0.020	21
 22:	0.005  0.003  0.002  0.001  0.004  0.002  0.003  0.975  0.002  0.004	21
 23:	0.008  0.004  0.011  0.923  0.007  0.007  0.009  0.008  0.010  0.014	22
 24:	0.001  0.001  0.978  0.013  0.001  0.001  0.001  0.001  0.001  0.001	20
 25:	0.003  0.001  0.002  0.009  0.976  0.001  0.002  0.002  0.002  0.003	20

  1:	0.006  0.003  0.023  0.046  0.008  0.002  0.008  0.842  0.026  0.036	10
  2:	0.010  0.024  0.008  0.019  0.017  0.843  0.009  0.030  0.019  0.021	18
  3:	0.003  0.001  0.177  0.003  0.002  0.001  0.003  0.004  0.001  0.804	1
  4:	0.003  0.003  0.093  0.016  0.091  0.001  0.087  0.007  0.003  0.697	1
  5:	0.008  0.003  0.004  0.004  0.003  0.945  0.004  0.002  0.014  0.012	12
  6:	0.004  0.002  0.972  0.005  0.001  0.002  0.003  0.005  0.002  0.003	21
  7:	0.001  0.001  0.001  0.001  0.993  0.001  0.001  0.001  0.001  0.001	20
  8:	0.004  0.003  0.005  0.010  0.008  0.002  0.005  0.952  0.003  0.008	20
  9:	0.940  0.001  0.002  0.001  0.001  0.049  0.002  0.001  0.002  0.001	21
 10:	0.015  0.002  0.006  0.028  0.011  0.800  0.024  0.006  0.099  0.009	21
 11:	0.033  0.021  0.015  0.027  0.041  0.059  0.041  0.017  0.698  0.047	21
 12:	0.002  0.001  0.002  0.001  0.001  0.987  0.001  0.002  0.002  0.001	6
 13:	0.003  0.004  0.004  0.004  0.002  0.967  0.003  0.006  0.002  0.004	12
 14:	0.075  0.007  0.793  0.006  0.024  0.001  0.053  0.007  0.011  0.022	14
 15:	0.002  0.001  0.002  0.973  0.002  0.000  0.005  0.004  0.001  0.009	21
 16:	0.005  0.017  0.016  0.004  0.007  0.804  0.004  0.007  0.077  0.059	10
 17:	0.001  0.001  0.001  0.001  0.001  0.991  0.001  0.001  0.001  0.001	3
 18:	0.003  0.005  0.001  0.001  0.001  0.981  0.002  0.001  0.002  0.002	1
 19:	0.012  0.003  0.004  0.030  0.003  0.001  0.004  0.023  0.007  0.914	21
 20:	0.010  0.003  0.004  0.002  0.014  0.004  0.953  0.002  0.004  0.004	21
 21:	0.010  0.013  0.008  0.014  0.003  0.001  0.906  0.034  0.002  0.009	21
 22:	0.009  0.004  0.005  0.960  0.003  0.001  0.003  0.005  0.005  0.004	21
 23:	0.006  0.010  0.009  0.011  0.007  0.925  0.009  0.012  0.007  0.004	22
 24:	0.002  0.978  0.001  0.002  0.001  0.013  0.001  0.001  0.001  0.001	20
 25:	0.002  0.002  0.002  0.003  0.001  0.009  0.002  0.002  0.977  0.001	20

  1:	0.011  0.039  0.002  0.015  0.049  0.003  0.003  0.031  0.005  0.840	10
  2:	0.020  0.008  0.838  0.020  0.023  0.023  0.008  0.023  0.007  0.029	18
  3:	0.002  0.182  0.001  0.002  0.800  0.001  0.002  0.003  0.003  0.004	1
  4:	0.115  0.098  0.001  0.003  0.701  0.002  0.003  0.018  0.030  0.030	1
  5:	0.005  0.004  0.943  0.015  0.012  0.003  0.007  0.003  0.004  0.003	12
  6:	0.002  0.971  0.003  0.002  0.003  0.002  0.004  0.005  0.004  0.004	21
  7:	0.992  0.001  0.001  0.001  0.001  0.001  0.001  0.001  0.001  0.001	20
  8:	0.007  0.007  0.003  0.004  0.012  0.003  0.003  0.005  0.006  0.951	20
  9:	0.002  0.002  0.049  0.002  0.001  0.001  0.938  0.001  0.002  0.001	21
 10:	0.012  0.003  0.797  0.062  0.010  0.002  0.007  0.018  0.084  0.004	21
 11:	0.053  0.017  0.058  0.698  0.049  0.025  0.026  0.032  0.014  0.028	21
 12:	0.002  0.002  0.987  0.002  0.001  0.001  0.001  0.001  0.001  0.002	6
 13:	0.002  0.004  0.966  0.002  0.004  0.004  0.003  0.005  0.003  0.007	12
 14:	0.028  0.768  0.001  0.010  0.015  0.007  0.066  0.007  0.091  0.006	14
 15:	0.003  0.002  0.000  0.001  0.009  0.001  0.001  0.971  0.003  0.009	21
 16:	0.010  0.018  0.802  0.079  0.056  0.018  0.004  0.005  0.003  0.006	10
 17:	0.001  0.001  0.991  0.001  0.001  0.001  0.001  0.001  0.001  0.001	3
 18:	0.002  0.002  0.980  0.001  0.003  0.005  0.003  0.002  0.002  0.001	1
 19:	0.004  0.003  0.001  0.007  0.919  0.004  0.008  0.029  0.004  0.021	21
 20:	0.008  0.004  0.004  0.005  0.005  0.006  0.011  0.003  0.950  0.003	21
 21:	0.013  0.004  0.001  0.002  0.004  0.012  0.200  0.013  0.146  0.605	21
 22:	0.004  0.005  0.001  0.005  0.005  0.004  0.007  0.961  0.003  0.005	21
 23:	0.009  0.011  0.922  0.007  0.004  0.011  0.005  0.010  0.007  0.015	22
 24:	0.001  0.001  0.013  0.001  0.001  0.978  0.001  0.001  0.001  0.001	20
 25:	0.002  0.002  0.009  0.977  0.002  0.002  0.001  0.002  0.002  0.002	20

  1:	0.003  0.758  0.002  0.106  0.096  0.002  0.007  0.001  0.006  0.019	10
  2:	0.032  0.018  0.033  0.028  0.024  0.010  0.014  0.796  0.020  0.025	18
  3:	0.003  0.167  0.001  0.804  0.004  0.004  0.008  0.002  0.001  0.006	1
  4:	0.005  0.074  0.001  0.703  0.024  0.004  0.085  0.001  0.100  0.003	1
  5:	0.005  0.005  0.043  0.012  0.004  0.009  0.005  0.891  0.006  0.021	12
  6:	0.006  0.961  0.002  0.002  0.003  0.010  0.007  0.004  0.002  0.004	21
  7:	0.001  0.001  0.000  0.001  0.001  0.001  0.001  0.001  0.993  0.001	20
  8:	0.004  0.884  0.001  0.042  0.038  0.002  0.007  0.003  0.018  0.002	20
  9:	0.001  0.001  0.001  0.001  0.001  0.940  0.002  0.049  0.001  0.001	21
 10:	0.001  0.001  0.769  0.001  0.001  0.001  0.001  0.224  0.001  0.001	21
 11:	0.028  0.027  0.019  0.047  0.033  0.027  0.045  0.049  0.043  0.681	21
 12:	0.001  0.001  0.177  0.001  0.001  0.001  0.001  0.815  0.001  0.001	6
 13:	0.006  0.007  0.017  0.005  0.007  0.004  0.004  0.946  0.002  0.003	12
 14:	0.008  0.746  0.001  0.011  0.002  0.159  0.035  0.002  0.025  0.011	14
 15:	0.002  0.004  0.001  0.008  0.975  0.001  0.006  0.000  0.002  0.001	21
 16:	0.015  0.011  0.003  0.063  0.005  0.006  0.004  0.789  0.009  0.095	10
 17:	0.001  0.001  0.005  0.001  0.001  0.001  0.001  0.988  0.001  0.001	3
 18:	0.007  0.002  0.001  0.002  0.002  0.003  0.002  0.978  0.001  0.002	1
 19:	0.005  0.009  0.001  0.927  0.034  0.010  0.004  0.001  0.003  0.007	21
 20:	0.004  0.003  0.001  0.004  0.002  0.007  0.954  0.003  0.016  0.004	21
 21:	0.015  0.012  0.001  0.012  0.017  0.008  0.931  0.001  0.003  0.001	21
 22:	0.005  0.005  0.002  0.005  0.962  0.008  0.003  0.001  0.003  0.005	21
 23:	0.016  0.015  0.188  0.005  0.012  0.006  0.012  0.732  0.006  0.007	22
 24:	0.979  0.001  0.001  0.001  0.001  0.001  0.001  0.013  0.001  0.001	20
 25:	0.002  0.002  0.001  0.002  0.003  0.001  0.002  0.009  0.001  0.977	20

  1:	0.008  0.085  0.023  0.007  0.770  0.002  0.065  0.035  0.001  0.003	10
  2:	0.011  0.024  0.023  0.018  0.020  0.025  0.010  0.022  0.840  0.007	18
  3:	0.009  0.794  0.003  0.001  0.181  0.002  0.003  0.002  0.001  0.004	1
  4:	0.063  0.701  0.003  0.114  0.057  0.002  0.006  0.051  0.001  0.003	1
  5:	0.005  0.010  0.014  0.004  0.003  0.003  0.002  0.007  0.945  0.007	12
  6:	0.010  0.002  0.005  0.002  0.958  0.005  0.002  0.004  0.004  0.008	21
  7:	0.002  0.001  0.001  0.992  0.001  0.001  0.001  0.001  0.001  0.001	20
  8:	0.008  0.037  0.002  0.017  0.880  0.003  0.026  0.022  0.003  0.001	20
  9:	0.003  0.001  0.002  0.001  0.001  0.001  0.002  0.002  0.049  0.938	21
 10:	0.074  0.009  0.046  0.011  0.005  0.002  0.028  0.008  0.807  0.009	21
 11:	0.035  0.040  0.696  0.046  0.032  0.023  0.013  0.026  0.058  0.031	21
 12:	0.002  0.001  0.002  0.001  0.002  0.001  0.002  0.001  0.987  0.001	6
 13:	0.004  0.004  0.002  0.002  0.005  0.005  0.004  0.005  0.968  0.002	12
 14:	0.072  0.009  0.009  0.021  0.728  0.005  0.003  0.002  0.002  0.149	14
 15:	0.003  0.007  0.002  0.001  0.002  0.002  0.003  0.979  0.001  0.001	21
 16:	0.004  0.058  0.079  0.008  0.009  0.019  0.005  0.004  0.810  0.004	10
 17:	0.001  0.001  0.001  0.001  0.001  0.001  0.001  0.001  0.991  0.001	3
 18:	0.002  0.003  0.002  0.002  0.001  0.005  0.002  0.002  0.980  0.003	1
 19:	0.006  0.924  0.009  0.003  0.007  0.003  0.028  0.010  0.001  0.008	21
 20:	0.954  0.004  0.006  0.010  0.003  0.005  0.003  0.003  0.004  0.010	21
 21:	0.469  0.010  0.002  0.031  0.022  0.024  0.005  0.305  0.001  0.131	21
 22:	0.004  0.006  0.003  0.002  0.003  0.002  0.973  0.004  0.001  0.003	21
 23:	0.011  0.004  0.007  0.006  0.014  0.011  0.008  0.016  0.920  0.005	22
 24:	0.002  0.001  0.001  0.001  0.001  0.977  0.001  0.001  0.013  0.001	20
 25:	0.003  0.002  0.976  0.001  0.002  0.002  0.002  0.003  0.009  0.001	20

  1:	0.003  0.908  0.005  0.038  0.003  0.009  0.003  0.010  0.019  0.001	10
  2:	0.038  0.035  0.013  0.011  0.030  0.027  0.010  0.021  0.027  0.788	18
  3:	0.001  0.515  0.031  0.259  0.002  0.005  0.005  0.002  0.158  0.021	1
  4:	0.001  0.259  0.128  0.148  0.003  0.009  0.006  0.051  0.382  0.013	1
  5:	0.051  0.005  0.005  0.008  0.003  0.028  0.009  0.006  0.005  0.880	12
  6:	0.001  0.004  0.003  0.974  0.003  0.003  0.004  0.002  0.005  0.002	21
  7:	0.001  0.001  0.001  0.001  0.001  0.001  0.001  0.993  0.001  0.001	20
  8:	0.001  0.959  0.007  0.007  0.002  0.002  0.003  0.005  0.012  0.003	20
  9:	0.001  0.001  0.002  0.002  0.001  0.002  0.940  0.001  0.001  0.049	21
 10:	0.773  0.001  0.001  0.001  0.001  0.001  0.001  0.001  0.001  0.221	21
 11:	0.023  0.030  0.043  0.019  0.025  0.696  0.026  0.051  0.043  0.045	21
 12:	0.190  0.001  0.001  0.001  0.001  0.001  0.001  0.001  0.001  0.802	6
 13:	0.021  0.010  0.004  0.007  0.004  0.003  0.004  0.002  0.006  0.940	12
 14:	0.002  0.023  0.069  0.788  0.006  0.013  0.066  0.026  0.006  0.001	14
 15:	0.001  0.005  0.005  0.003  0.001  0.002  0.001  0.002  0.980  0.000	21
 16:	0.005  0.015  0.005  0.043  0.013  0.123  0.005  0.010  0.009  0.771	10
 17:	0.007  0.001  0.001  0.001  0.001  0.001  0.001  0.001  0.001  0.986	3
 18:	0.002  0.002  0.002  0.001  0.006  0.002  0.003  0.002  0.002  0.979	1
 19:	0.004  0.598  0.015  0.007  0.012  0.027  0.016  0.005  0.316  0.001	21
 20:	0.002  0.002  0.954  0.004  0.003  0.005  0.007  0.017  0.002  0.003	21
 21:	0.001  0.014  0.935  0.006  0.012  0.002  0.009  0.003  0.017  0.001	21
 22:	0.003  0.006  0.003  0.007  0.004  0.006  0.008  0.003  0.959  0.001	21
 23:	0.206  0.007  0.012  0.012  0.013  0.007  0.007  0.007  0.012  0.717	22
 24:	0.001  0.001  0.001  0.001  0.978  0.001  0.001  0.001  0.002  0.013	20
 25:	0.001  0.002  0.002  0.002  0.002  0.978  0.001  0.001  0.003  0.009	20

  1:	0.002  0.003  0.902  0.009  0.004  0.004  0.011  0.027  0.037  0.001	10
  2:	0.141  0.016  0.030  0.030  0.009  0.037  0.016  0.028  0.009  0.686	18
  3:	0.009  0.003  0.436  0.005  0.034  0.003  0.002  0.181  0.324  0.003	1
  4:	0.007  0.005  0.126  0.013  0.140  0.003  0.047  0.400  0.257  0.002	1
  5:	0.197  0.014  0.006  0.022  0.004  0.004  0.006  0.005  0.008  0.735	12
  6:	0.001  0.004  0.005  0.003  0.003  0.003  0.002  0.006  0.972  0.002	21
  7:	0.001  0.001  0.001  0.001  0.001  0.001  0.993  0.001  0.001  0.001	20
  8:	0.001  0.003  0.960  0.002  0.008  0.003  0.005  0.010  0.006  0.002	20
  9:	0.001  0.940  0.001  0.002  0.002  0.001  0.001  0.001  0.002  0.049	21
 10:	0.927  0.001  0.001  0.001  0.001  0.001  0.001  0.001  0.001  0.066	21
 11:	0.028  0.025  0.028  0.698  0.051  0.021  0.046  0.045  0.022  0.038	21
 12:	0.426  0.001  0.001  0.001  0.001  0.001  0.001  0.000  0.001  0.568	6
 13:	0.112  0.008  0.006  0.003  0.003  0.005  0.002  0.005  0.006  0.848	12
 14:	0.002  0.064  0.020  0.013  0.069  0.006  0.027  0.007  0.791  0.001	14
 15:	0.001  0.001  0.005  0.002  0.005  0.001  0.002  0.981  0.003  0.000	21
 16:	0.012  0.005  0.015  0.129  0.005  0.015  0.012  0.012  0.040  0.755	10
 17:	0.002  0.001  0.001  0.001  0.001  0.001  0.001  0.001  0.001  0.991	3
 18:	0.001  0.002  0.002  0.002  0.002  0.006  0.002  0.002  0.002  0.978	1
 19:	0.003  0.014  0.568  0.029  0.020  0.013  0.005  0.340  0.007  0.001	21
 20:	0.002  0.007  0.002  0.005  0.954  0.004  0.016  0.002  0.005  0.003	21
 21:	0.001  0.033  0.067  0.002  0.852  0.014  0.005  0.018  0.007  0.000	21
 22:	0.003  0.009  0.006  0.006  0.003  0.004  0.003  0.958  0.007  0.001	21
 23:	0.600  0.004  0.005  0.004  0.006  0.009  0.005  0.006  0.007  0.355	22
 24:	0.001  0.001  0.001  0.001  0.001  0.979  0.001  0.002  0.001  0.012	20
 25:	0.001  0.001  0.002  0.978  0.002  0.002  0.001  0.003  0.002  0.008	20

