  1:	0.009  0.024  0.004  0.008  0.025  0.035  0.004  0.029  0.002  0.838  0.022	10
  2:	0.010  0.009  0.022  0.017  0.007  0.024  0.007  0.018  0.839  0.028  0.021	18
  3:	0.005  0.002  0.001  0.001  0.173  0.805  0.002  0.003  0.001  0.003  0.004	1
  4:	0.117  0.007  0.004  0.074  0.091  0.669  0.003  0.023  0.001  0.010  0.002	1
  5:	0.004  0.003  0.003  0.004  0.005  0.012  0.006  0.007  0.943  0.002  0.012	12
  6:	0.005  0.003  0.002  0.002  0.966  0.003  0.003  0.007  0.002  0.005  0.002	21
  7:	0.002  0.001  0.001  0.992  0.001  0.001  0.001  0.001  0.001  0.001  0.001	20
  8:	0.007  0.011  0.002  0.008  0.004  0.009  0.003  0.003  0.002  0.947  0.002	20
  9:	0.002  0.001  0.001  0.001  0.002  0.001  0.938  0.001  0.049  0.001  0.001	21
 10:	0.029  0.025  0.002  0.011  0.005  0.008  0.010  0.009  0.797  0.005  0.099	21
 11:	0.054  0.009  0.020  0.042  0.017  0.034  0.024  0.027  0.060  0.016  0.694	21
 12:	0.002  0.002  0.001  0.001  0.002  0.001  0.001  0.001  0.986  0.002  0.003	6
 13:	0.004  0.003  0.004  0.001  0.004  0.003  0.003  0.005  0.964  0.007  0.002	12
 14:	0.077  0.005  0.007  0.025  0.787  0.021  0.055  0.004  0.001  0.007  0.011	14
 15:	0.002  0.002  0.002  0.001  0.001  0.005  0.001  0.981  0.000  0.003  0.001	21
 16:	0.004  0.004  0.019  0.008  0.017  0.056  0.004  0.003  0.800  0.005  0.078	10
 17:	0.001  0.001  0.001  0.001  0.001  0.001  0.001  0.001  0.990  0.001  0.001	3
 18:	0.002  0.001  0.005  0.001  0.002  0.003  0.003  0.002  0.978  0.001  0.001	1
 19:	0.006  0.025  0.004  0.003  0.004  0.905  0.009  0.013  0.001  0.024  0.007	21
 20:	0.952  0.002  0.003  0.015  0.004  0.005  0.007  0.002  0.004  0.002  0.004	21
 21:	0.900  0.005  0.013  0.003  0.007  0.010  0.007  0.020  0.001  0.033  0.002	21
 22:	0.003  0.973  0.002  0.002  0.002  0.005  0.003  0.003  0.001  0.002  0.003	21
 23:	0.011  0.006  0.009  0.006  0.009  0.003  0.004  0.017  0.918  0.011  0.006	22
 24:	0.001  0.001  0.977  0.001  0.001  0.001  0.001  0.001  0.013  0.001  0.001	20
 25:	0.002  0.002  0.002  0.001  0.002  0.001  0.001  0.003  0.009  0.002  0.975	20

  1:	0.029  0.005  0.002  0.001  0.006  0.005  0.074  0.762  0.112  0.002  0.000	10
  2:	0.022  0.012  0.010  0.083  0.020  0.017  0.024  0.020  0.026  0.031  0.734	18
  3:	0.003  0.006  0.005  0.001  0.013  0.002  0.002  0.164  0.801  0.002  0.001	1
  4:	0.003  0.107  0.002  0.001  0.002  0.099  0.013  0.056  0.713  0.004  0.001	1
  5:	0.018  0.004  0.012  0.119  0.009  0.006  0.004  0.006  0.010  0.004  0.809	12
  6:	0.003  0.007  0.010  0.001  0.006  0.001  0.003  0.960  0.002  0.004  0.003	21
  7:	0.001  0.001  0.001  0.000  0.001  0.992  0.001  0.001  0.001  0.001  0.001	20
  8:	0.004  0.007  0.002  0.001  0.002  0.014  0.037  0.882  0.046  0.003  0.003	20
  9:	0.002  0.002  0.939  0.001  0.002  0.001  0.001  0.001  0.001  0.001  0.049	21
 10:	0.001  0.001  0.001  0.849  0.001  0.001  0.001  0.001  0.001  0.001  0.144	21
 11:	0.030  0.011  0.008  0.003  0.871  0.008  0.019  0.009  0.014  0.007  0.020	21
 12:	0.002  0.001  0.001  0.309  0.001  0.001  0.001  0.001  0.001  0.001  0.684	6
 13:	0.003  0.003  0.005  0.065  0.004  0.002  0.005  0.007  0.005  0.005  0.894	12
 14:	0.020  0.029  0.158  0.001  0.008  0.024  0.002  0.742  0.008  0.005  0.002	14
 15:	0.002  0.006  0.001  0.001  0.001  0.002  0.975  0.004  0.007  0.001  0.000	21
 16:	0.016  0.003  0.007  0.008  0.131  0.007  0.005  0.010  0.057  0.011  0.746	10
 17:	0.001  0.001  0.001  0.003  0.001  0.001  0.001  0.001  0.001  0.001  0.989	3
 18:	0.002  0.002  0.003  0.001  0.002  0.001  0.002  0.001  0.002  0.006  0.978	1
 19:	0.004  0.003  0.009  0.001  0.015  0.002  0.030  0.008  0.924  0.003  0.000	21
 20:	0.005  0.950  0.005  0.001  0.011  0.015  0.002  0.003  0.003  0.003  0.002	21
 21:	0.002  0.935  0.008  0.001  0.002  0.003  0.015  0.012  0.010  0.011  0.000	21
 22:	0.007  0.003  0.006  0.002  0.002  0.003  0.963  0.005  0.005  0.004  0.001	21
 23:	0.006  0.009  0.005  0.398  0.007  0.006  0.008  0.011  0.004  0.011  0.535	22
 24:	0.001  0.001  0.001  0.000  0.001  0.001  0.001  0.001  0.001  0.978  0.013	20
 25:	0.973  0.001  0.001  0.001  0.004  0.001  0.002  0.002  0.002  0.002  0.012	20

  1:	0.025  0.001  0.082  0.005  0.004  0.009  0.007  0.004  0.013  0.846  0.003	10
  2:	0.026  0.786  0.011  0.014  0.030  0.023  0.014  0.010  0.019  0.035  0.031	18
  3:	0.003  0.024  0.162  0.012  0.003  0.040  0.004  0.004  0.002  0.747  0.001	1
  4:	0.013  0.015  0.031  0.113  0.003  0.007  0.006  0.005  0.060  0.746  0.001	1
  5:	0.027  0.884  0.006  0.004  0.004  0.012  0.004  0.010  0.006  0.005  0.040	12
  6:	0.002  0.002  0.971  0.004  0.003  0.005  0.003  0.003  0.001  0.005  0.001	21
  7:	0.001  0.001  0.001  0.001  0.001  0.001  0.001  0.001  0.992  0.001  0.000	20
  8:	0.006  0.003  0.064  0.011  0.004  0.002  0.009  0.004  0.016  0.880  0.001	20
  9:	0.002  0.049  0.002  0.002  0.001  0.002  0.001  0.939  0.001  0.001  0.001	21
 10:	0.001  0.224  0.001  0.001  0.001  0.001  0.001  0.001  0.001  0.001  0.769	21
 11:	0.026  0.021  0.009  0.012  0.006  0.884  0.015  0.005  0.008  0.010  0.003	21
 12:	0.002  0.812  0.001  0.001  0.001  0.001  0.001  0.001  0.001  0.001  0.179	6
 13:	0.003  0.941  0.008  0.004  0.005  0.003  0.005  0.004  0.002  0.008  0.016	12
 14:	0.021  0.001  0.788  0.070  0.007  0.007  0.005  0.064  0.026  0.009  0.001	14
 15:	0.002  0.000  0.002  0.005  0.001  0.001  0.007  0.002  0.001  0.977  0.001	21
 16:	0.022  0.748  0.036  0.003  0.012  0.139  0.007  0.004  0.008  0.017  0.004	10
 17:	0.001  0.988  0.001  0.001  0.001  0.001  0.001  0.001  0.001  0.001  0.004	3
 18:	0.002  0.976  0.001  0.002  0.007  0.002  0.002  0.003  0.002  0.002  0.001	1
 19:	0.010  0.001  0.005  0.007  0.008  0.041  0.025  0.014  0.004  0.882  0.003	21
 20:	0.004  0.003  0.004  0.949  0.003  0.011  0.002  0.005  0.017  0.002  0.001	21
 21:	0.002  0.001  0.006  0.930  0.012  0.002  0.006  0.008  0.003  0.029  0.001	21
 22:	0.004  0.000  0.002  0.002  0.002  0.003  0.975  0.003  0.002  0.004  0.001	21
 23:	0.008  0.721  0.012  0.013  0.014  0.011  0.009  0.007  0.007  0.012  0.188	22
 24:	0.001  0.013  0.001  0.001  0.978  0.001  0.001  0.001  0.001  0.001  0.000	20
 25:	0.974  0.012  0.002  0.001  0.001  0.004  0.001  0.001  0.001  0.002  0.001	20

  1:	0.003  0.001  0.000  0.030  0.011  0.753  0.006  0.184  0.007  0.002  0.002	10
  2:	0.041  0.265  0.541  0.022  0.027  0.022  0.016  0.035  0.008  0.010  0.012	18
  3:	0.004  0.010  0.001  0.001  0.305  0.142  0.002  0.519  0.012  0.003  0.001	1
  4:	0.006  0.013  0.001  0.004  0.162  0.097  0.039  0.519  0.154  0.005  0.001	1
  5:	0.005  0.361  0.567  0.019  0.010  0.005  0.005  0.004  0.004  0.009  0.010	12
  6:	0.006  0.001  0.002  0.002  0.004  0.962  0.002  0.003  0.005  0.010  0.003	21
  7:	0.001  0.001  0.001  0.001  0.001  0.001  0.993  0.001  0.001  0.001  0.000	20
  8:	0.004  0.001  0.002  0.003  0.002  0.876  0.016  0.086  0.008  0.002  0.001	20
  9:	0.001  0.001  0.049  0.001  0.002  0.002  0.001  0.001  0.002  0.940  0.001	21
 10:	0.001  0.251  0.044  0.001  0.001  0.001  0.001  0.000  0.001  0.001  0.700	21
 11:	0.008  0.006  0.020  0.057  0.847  0.010  0.010  0.021  0.012  0.006  0.003	21
 12:	0.001  0.584  0.387  0.002  0.001  0.001  0.001  0.001  0.001  0.001  0.020	6
 13:	0.004  0.272  0.692  0.002  0.004  0.004  0.002  0.004  0.004  0.005  0.006	12
 14:	0.007  0.001  0.001  0.011  0.016  0.749  0.023  0.003  0.039  0.149  0.001	14
 15:	0.002  0.000  0.000  0.002  0.002  0.003  0.002  0.982  0.005  0.001  0.001	21
 16:	0.012  0.043  0.686  0.029  0.167  0.020  0.010  0.016  0.004  0.006  0.007	10
 17:	0.001  0.002  0.991  0.001  0.001  0.001  0.001  0.001  0.001  0.001  0.001	3
 18:	0.011  0.002  0.967  0.003  0.003  0.002  0.002  0.003  0.004  0.003  0.002	1
 19:	0.018  0.001  0.000  0.005  0.268  0.058  0.008  0.621  0.009  0.011  0.002	21
 20:	0.004  0.002  0.001  0.003  0.011  0.003  0.017  0.002  0.950  0.006  0.001	21
 21:	0.016  0.001  0.000  0.001  0.002  0.012  0.003  0.022  0.933  0.008  0.001	21
 22:	0.006  0.002  0.000  0.007  0.002  0.005  0.003  0.958  0.004  0.010  0.002	21
 23:	0.008  0.907  0.053  0.003  0.003  0.005  0.003  0.005  0.005  0.003  0.006	22
 24:	0.979  0.001  0.012  0.001  0.001  0.001  0.001  0.001  0.001  0.001  0.000	20
 25:	0.002  0.001  0.010  0.975  0.004  0.002  0.001  0.002  0.001  0.001  0.001	20

  1:	0.003  0.001  0.916  0.023  0.013  0.011  0.010  0.005  0.009  0.003  0.006	10
  2:	0.035  0.784  0.032  0.019  0.011  0.021  0.024  0.012  0.013  0.031  0.018	18
  3:	0.001  0.016  0.521  0.256  0.094  0.002  0.003  0.018  0.004  0.003  0.084	1
  4:	0.002  0.009  0.314  0.428  0.035  0.078  0.022  0.076  0.008  0.005  0.022	1
  5:	0.048  0.882  0.004  0.008  0.007  0.006  0.021  0.005  0.004  0.004  0.011	12
  6:	0.002  0.002  0.030  0.013  0.918  0.004  0.007  0.006  0.004  0.007  0.008	21
  7:	0.001  0.001  0.001  0.001  0.001  0.992  0.001  0.001  0.001  0.001  0.001	20
  8:	0.001  0.003  0.960  0.004  0.004  0.005  0.002  0.007  0.010  0.002  0.001	20
  9:	0.001  0.049  0.001  0.002  0.923  0.002  0.001  0.006  0.010  0.001  0.003	21
 10:	0.772  0.222  0.001  0.001  0.001  0.001  0.001  0.001  0.001  0.001  0.001	21
 11:	0.005  0.021  0.007  0.010  0.010  0.008  0.020  0.010  0.015  0.008  0.885	21
 12:	0.187  0.805  0.001  0.001  0.001  0.001  0.001  0.001  0.001  0.001  0.001	6
 13:	0.018  0.941  0.010  0.006  0.004  0.002  0.003  0.005  0.005  0.004  0.003	12
 14:	0.001  0.001  0.038  0.005  0.863  0.020  0.031  0.022  0.003  0.008  0.008	14
 15:	0.001  0.000  0.003  0.987  0.001  0.001  0.001  0.002  0.002  0.001  0.001	21
 16:	0.005  0.748  0.013  0.010  0.025  0.008  0.018  0.003  0.008  0.011  0.150	10
 17:	0.005  0.987  0.001  0.001  0.001  0.001  0.001  0.001  0.001  0.001  0.001	3
 18:	0.001  0.977  0.002  0.002  0.003  0.001  0.002  0.002  0.002  0.006  0.002	1
 19:	0.005  0.001  0.638  0.205  0.009  0.004  0.007  0.015  0.065  0.010  0.042	21
 20:	0.002  0.002  0.002  0.002  0.005  0.016  0.003  0.950  0.002  0.003  0.012	21
 21:	0.001  0.001  0.017  0.020  0.009  0.003  0.001  0.927  0.006  0.012  0.002	21
 22:	0.001  0.000  0.004  0.004  0.003  0.002  0.003  0.003  0.975  0.002  0.003	21
 23:	0.200  0.713  0.006  0.017  0.009  0.007  0.006  0.012  0.008  0.014  0.008	22
 24:	0.001  0.013  0.001  0.001  0.001  0.001  0.001  0.001  0.001  0.977  0.001	20
 25:	0.001  0.012  0.002  0.002  0.001  0.001  0.972  0.001  0.002  0.002  0.004	20

  1:	0.001  0.839  0.008  0.007  0.024  0.043  0.036  0.020  0.004  0.003  0.015	10
  2:	0.783  0.036  0.010  0.029  0.011  0.021  0.027  0.021  0.034  0.009  0.020	18
  3:	0.002  0.005  0.003  0.001  0.178  0.003  0.801  0.001  0.001  0.002  0.003	1
  4:	0.001  0.006  0.153  0.067  0.080  0.013  0.671  0.004  0.001  0.003  0.002	1
  5:	0.884  0.003  0.005  0.004  0.006  0.004  0.013  0.018  0.044  0.009  0.010	12
  6:	0.002  0.005  0.003  0.002  0.971  0.005  0.003  0.001  0.001  0.003  0.004	21
  7:	0.001  0.002  0.016  0.971  0.002  0.002  0.001  0.001  0.001  0.001  0.002	20
  8:	0.003  0.954  0.007  0.006  0.005  0.010  0.008  0.003  0.001  0.003  0.002	20
  9:	0.049  0.001  0.002  0.001  0.002  0.001  0.001  0.001  0.001  0.939  0.002	21
 10:	0.223  0.001  0.001  0.001  0.001  0.001  0.001  0.001  0.770  0.001  0.001	21
 11:	0.022  0.006  0.009  0.010  0.007  0.016  0.011  0.022  0.003  0.006  0.888	21
 12:	0.807  0.001  0.001  0.001  0.001  0.001  0.001  0.001  0.185  0.001  0.001	6
 13:	0.941  0.009  0.005  0.003  0.006  0.006  0.005  0.003  0.016  0.003  0.003	12
 14:	0.002  0.006  0.052  0.019  0.810  0.006  0.019  0.016  0.001  0.063  0.006	14
 15:	0.001  0.004  0.005  0.002  0.002  0.974  0.009  0.001  0.001  0.001  0.001	21
 16:	0.756  0.007  0.003  0.009  0.022  0.004  0.057  0.014  0.003  0.005  0.120	10
 17:	0.987  0.001  0.001  0.001  0.001  0.001  0.001  0.001  0.005  0.001  0.001	3
 18:	0.980  0.002  0.002  0.003  0.002  0.002  0.002  0.001  0.001  0.004  0.002	1
 19:	0.001  0.023  0.003  0.003  0.004  0.030  0.908  0.003  0.001  0.007  0.016	21
 20:	0.003  0.002  0.961  0.007  0.004  0.002  0.003  0.003  0.001  0.005  0.009	21
 21:	0.001  0.032  0.914  0.010  0.006  0.014  0.011  0.001  0.001  0.008  0.002	21
 22:	0.001  0.005  0.003  0.004  0.006  0.962  0.005  0.005  0.002  0.006  0.002	21
 23:	0.721  0.013  0.010  0.013  0.013  0.013  0.004  0.006  0.192  0.006  0.008	22
 24:	0.016  0.001  0.001  0.970  0.001  0.002  0.002  0.001  0.001  0.002  0.002	20
 25:	0.013  0.001  0.001  0.001  0.002  0.002  0.002  0.972  0.001  0.001  0.004	20

  1:	0.007  0.030  0.004  0.011  0.003  0.012  0.103  0.037  0.783  0.004  0.007	10
  2:	0.009  0.021  0.021  0.017  0.837  0.009  0.007  0.023  0.029  0.020  0.007	18
  3:	0.004  0.003  0.007  0.001  0.001  0.004  0.165  0.809  0.002  0.001  0.002	1
  4:	0.015  0.002  0.097  0.088  0.001  0.005  0.072  0.682  0.032  0.002  0.002	1
  5:	0.005  0.012  0.003  0.004  0.942  0.003  0.004  0.015  0.004  0.003  0.006	12
  6:	0.007  0.003  0.003  0.001  0.003  0.003  0.967  0.003  0.006  0.002  0.003	21
  7:	0.002  0.001  0.001  0.991  0.001  0.001  0.001  0.001  0.001  0.001  0.001	20
  8:	0.014  0.006  0.004  0.023  0.004  0.009  0.054  0.019  0.859  0.005  0.003	20
  9:	0.003  0.002  0.001  0.001  0.049  0.002  0.002  0.001  0.001  0.001  0.937	21
 10:	0.099  0.042  0.003  0.009  0.799  0.023  0.003  0.007  0.006  0.002  0.007	21
 11:	0.020  0.698  0.032  0.041  0.057  0.012  0.016  0.048  0.026  0.022  0.028	21
 12:	0.002  0.002  0.001  0.001  0.986  0.002  0.002  0.001  0.001  0.001  0.001	6
 13:	0.003  0.002  0.004  0.002  0.965  0.003  0.004  0.004  0.006  0.004  0.003	12
 14:	0.113  0.009  0.014  0.023  0.001  0.005  0.756  0.013  0.006  0.006  0.053	14
 15:	0.004  0.001  0.005  0.001  0.000  0.009  0.002  0.006  0.968  0.001  0.002	21
 16:	0.004  0.081  0.003  0.008  0.801  0.004  0.017  0.054  0.005  0.018  0.004	10
 17:	0.001  0.001  0.001  0.001  0.990  0.001  0.001  0.001  0.001  0.001  0.001	3
 18:	0.002  0.001  0.002  0.001  0.979  0.001  0.002  0.002  0.002  0.005  0.003	1
 19:	0.006  0.008  0.003  0.003  0.001  0.024  0.004  0.908  0.033  0.003  0.008	21
 20:	0.947  0.005  0.009  0.006  0.004  0.003  0.004  0.004  0.003  0.006  0.010	21
 21:	0.105  0.001  0.855  0.004  0.000  0.004  0.003  0.012  0.007  0.004  0.004	21
 22:	0.003  0.004  0.002  0.002  0.001  0.973  0.002  0.005  0.003  0.002  0.003	21
 23:	0.010  0.006  0.009  0.007  0.920  0.007  0.011  0.004  0.014  0.009  0.004	22
 24:	0.002  0.001  0.001  0.001  0.013  0.001  0.001  0.001  0.001  0.977  0.001	20
 25:	0.003  0.976  0.001  0.001  0.009  0.002  0.002  0.002  0.002  0.001  0.001	20

  1:	0.903  0.024  0.008  0.004  0.003  0.039  0.000  0.010  0.004  0.002  0.002	10
  2:	0.032  0.026  0.038  0.008  0.011  0.011  0.541  0.017  0.036  0.268  0.011	18
  3:	0.424  0.295  0.005  0.020  0.003  0.222  0.002  0.001  0.003  0.023  0.001	1
  4:	0.239  0.472  0.007  0.060  0.007  0.117  0.001  0.069  0.002  0.025  0.001	1
  5:	0.005  0.003  0.027  0.004  0.008  0.005  0.570  0.005  0.004  0.355  0.013	12
  6:	0.006  0.005  0.002  0.003  0.003  0.973  0.002  0.002  0.002  0.001  0.001	21
  7:	0.001  0.001  0.001  0.001  0.001  0.001  0.001  0.992  0.001  0.001  0.000	20
  8:	0.963  0.007  0.002  0.007  0.003  0.007  0.002  0.004  0.003  0.001  0.001	20
  9:	0.002  0.001  0.001  0.002  0.939  0.002  0.049  0.001  0.001  0.001  0.001	21
 10:	0.001  0.000  0.001  0.001  0.001  0.001  0.044  0.001  0.001  0.251  0.700	21
 11:	0.046  0.046  0.702  0.029  0.025  0.020  0.030  0.045  0.021  0.019  0.016	21
 12:	0.001  0.001  0.002  0.001  0.001  0.001  0.385  0.001  0.001  0.583  0.024	6
 13:	0.006  0.004  0.003  0.003  0.005  0.005  0.696  0.002  0.003  0.265  0.007	12
 14:	0.024  0.004  0.012  0.085  0.066  0.774  0.001  0.025  0.006  0.001  0.001	14
 15:	0.009  0.978  0.001  0.003  0.001  0.003  0.000  0.002  0.001  0.000  0.001	21
 16:	0.016  0.011  0.145  0.005  0.006  0.042  0.693  0.012  0.013  0.049  0.008	10
 17:	0.001  0.001  0.001  0.001  0.001  0.001  0.990  0.001  0.001  0.002  0.001	3
 18:	0.002  0.002  0.002  0.003  0.003  0.002  0.971  0.003  0.008  0.002  0.001	1
 19:	0.497  0.397  0.035  0.015  0.014  0.013  0.001  0.007  0.018  0.001  0.003	21
 20:	0.004  0.003  0.007  0.953  0.009  0.004  0.001  0.011  0.005  0.002  0.001	21
 21:	0.346  0.015  0.002  0.455  0.149  0.006  0.000  0.009  0.015  0.001  0.001	21
 22:	0.007  0.958  0.005  0.003  0.009  0.007  0.000  0.003  0.004  0.002  0.002	21
 23:	0.006  0.004  0.003  0.006  0.003  0.005  0.053  0.003  0.006  0.905  0.007	22
 24:	0.002  0.001  0.001  0.001  0.001  0.001  0.012  0.001  0.979  0.001  0.001	20
 25:	0.003  0.003  0.978  0.002  0.001  0.002  0.007  0.001  0.002  0.001  0.001	20

  1:	0.013  0.021  0.007  0.001  0.003  0.041  0.024  0.003  0.008  0.055  0.823	10
  2:	0.012  0.026  0.012  0.793  0.025  0.013  0.017  0.031  0.019  0.026  0.025	18
  3:	0.085  0.006  0.005  0.002  0.001  0.004  0.002  0.001  0.002  0.821  0.071	1
  4:	0.038  0.003  0.096  0.001  0.003  0.008  0.025  0.001  0.095  0.708  0.022	1
  5:	0.010  0.020  0.005  0.891  0.003  0.004  0.006  0.041  0.005  0.010  0.004	12
  6:	0.553  0.006  0.006  0.003  0.006  0.004  0.013  0.002  0.003  0.005  0.400	21
  7:	0.001  0.001  0.001  0.001  0.001  0.001  0.001  0.000  0.992  0.001  0.001	20
  8:	0.004  0.002  0.006  0.003  0.003  0.017  0.007  0.001  0.011  0.017  0.929	20
  9:	0.931  0.002  0.004  0.049  0.001  0.006  0.002  0.001  0.002  0.002  0.001	21
 10:	0.001  0.001  0.001  0.225  0.001  0.001  0.001  0.768  0.001  0.001  0.001	21
 11:	0.042  0.678  0.045  0.050  0.021  0.013  0.028  0.019  0.044  0.039  0.021	21
 12:	0.002  0.001  0.001  0.816  0.001  0.001  0.001  0.175  0.001  0.001  0.001	6
 13:	0.005  0.003  0.003  0.943  0.005  0.005  0.007  0.014  0.002  0.005  0.008	12
 14:	0.594  0.018  0.028  0.001  0.008  0.003  0.004  0.001  0.019  0.022  0.302	14
 15:	0.002  0.001  0.002  0.000  0.002  0.002  0.981  0.001  0.001  0.005  0.002	21
 16:	0.013  0.098  0.004  0.782  0.013  0.006  0.004  0.003  0.008  0.062  0.008	10
 17:	0.001  0.001  0.001  0.987  0.001  0.001  0.001  0.005  0.001  0.001  0.001	3
 18:	0.003  0.001  0.002  0.977  0.007  0.002  0.002  0.001  0.001  0.003  0.002	1
 19:	0.009  0.007  0.004  0.001  0.003  0.025  0.013  0.001  0.003  0.915  0.018	21
 20:	0.008  0.005  0.953  0.003  0.003  0.002  0.002  0.001  0.015  0.005  0.002	21
 21:	0.012  0.002  0.916  0.001  0.012  0.007  0.018  0.001  0.003  0.009  0.020	21
 22:	0.004  0.003  0.003  0.000  0.002  0.973  0.004  0.001  0.002  0.006  0.002	21
 23:	0.009  0.006  0.010  0.733  0.013  0.009  0.017  0.181  0.007  0.003  0.011	22
 24:	0.002  0.001  0.001  0.013  0.977  0.001  0.001  0.000  0.001  0.001  0.001	20
 25:	0.002  0.975  0.002  0.009  0.002  0.002  0.003  0.001  0.001  0.002  0.002	20

  1:	0.004  0.021  0.010  0.005  0.005  0.858  0.008  0.074  0.011  0.004  0.001	10
  2:	0.035  0.022  0.021  0.011  0.014  0.037  0.011  0.011  0.020  0.031  0.786	18
  3:	0.001  0.002  0.045  0.004  0.018  0.756  0.002  0.144  0.001  0.002  0.025	1
  4:	0.001  0.011  0.009  0.003  0.107  0.762  0.007  0.014  0.068  0.002  0.016	1
  5:	0.047  0.022  0.011  0.008  0.004  0.006  0.004  0.007  0.006  0.004  0.880	12
  6:	0.002  0.001  0.003  0.003  0.003  0.004  0.003  0.974  0.001  0.002  0.002	21
  7:	0.001  0.001  0.001  0.001  0.001  0.001  0.001  0.001  0.993  0.001  0.001	20
  8:	0.001  0.003  0.002  0.004  0.014  0.880  0.009  0.065  0.016  0.004  0.003	20
  9:	0.001  0.001  0.002  0.940  0.002  0.001  0.001  0.002  0.001  0.001  0.049	21
 10:	0.771  0.001  0.002  0.001  0.001  0.001  0.001  0.001  0.001  0.001  0.221	21
 11:	0.005  0.021  0.888  0.005  0.012  0.009  0.016  0.009  0.008  0.006  0.021	21
 12:	0.189  0.001  0.001  0.001  0.001  0.001  0.001  0.001  0.001  0.001  0.803	6
 13:	0.018  0.002  0.004  0.003  0.005  0.008  0.005  0.008  0.002  0.005  0.940	12
 14:	0.001  0.018  0.007  0.064  0.077  0.008  0.004  0.786  0.026  0.006  0.001	14
 15:	0.001  0.001  0.001  0.002  0.005  0.978  0.007  0.002  0.001  0.001  0.000	21
 16:	0.005  0.020  0.143  0.005  0.003  0.015  0.006  0.034  0.008  0.012  0.748	10
 17:	0.005  0.001  0.001  0.001  0.001  0.001  0.001  0.001  0.001  0.001  0.987	3
 18:	0.001  0.002  0.002  0.002  0.002  0.002  0.002  0.002  0.001  0.006  0.978	1
 19:	0.004  0.007  0.040  0.013  0.006  0.891  0.022  0.004  0.004  0.007  0.001	21
 20:	0.002  0.003  0.012  0.005  0.950  0.002  0.002  0.004  0.015  0.003  0.003	21
 21:	0.001  0.001  0.002  0.007  0.931  0.029  0.007  0.007  0.003  0.012  0.000	21
 22:	0.001  0.003  0.003  0.003  0.003  0.005  0.975  0.003  0.002  0.002  0.000	21
 23:	0.202  0.006  0.009  0.007  0.012  0.011  0.008  0.012  0.006  0.014  0.712	22
 24:	0.001  0.001  0.001  0.001  0.001  0.001  0.001  0.001  0.001  0.978  0.013	20
 25:	0.002  0.973  0.004  0.001  0.001  0.002  0.002  0.002  0.001  0.002  0.012	20

