  1:	0.001  0.033  0.020  0.004  0.006  0.838  0.004  0.003  0.045  0.014  0.004  0.022  0.006	10
  2:	0.773  0.027  0.007  0.011  0.010  0.035  0.028  0.027  0.019  0.016  0.009  0.020  0.019	18
  3:	0.001  0.804  0.109  0.059  0.004  0.004  0.001  0.002  0.002  0.009  0.003  0.001  0.001	1
  4:	0.001  0.652  0.057  0.056  0.120  0.007  0.001  0.004  0.032  0.001  0.002  0.004  0.064	1
  5:	0.864  0.012  0.008  0.021  0.005  0.004  0.039  0.003  0.004  0.011  0.008  0.017  0.004	12
  6:	0.002  0.002  0.967  0.006  0.003  0.005  0.001  0.002  0.004  0.002  0.003  0.001  0.001	21
  7:	0.001  0.001  0.001  0.001  0.001  0.001  0.000  0.001  0.001  0.001  0.001  0.001  0.991	20
  8:	0.003  0.010  0.004  0.001  0.006  0.948  0.001  0.003  0.009  0.002  0.003  0.003  0.008	20
  9:	0.049  0.001  0.001  0.001  0.001  0.001  0.001  0.001  0.001  0.002  0.938  0.001  0.001	21
 10:	0.224  0.001  0.001  0.001  0.001  0.001  0.768  0.001  0.001  0.001  0.001  0.001  0.001	21
 11:	0.022  0.012  0.008  0.007  0.011  0.006  0.003  0.008  0.017  0.873  0.006  0.020  0.007	21
 12:	0.653  0.000  0.000  0.255  0.000  0.000  0.088  0.000  0.000  0.001  0.000  0.001  0.000	6
 13:	0.928  0.006  0.009  0.006  0.005  0.010  0.013  0.004  0.008  0.003  0.004  0.003  0.002	12
 14:	0.002  0.020  0.779  0.005  0.070  0.007  0.001  0.007  0.007  0.006  0.059  0.014  0.024	14
 15:	0.001  0.007  0.002  0.001  0.004  0.004  0.001  0.001  0.974  0.001  0.001  0.001  0.001	21
 16:	0.730  0.057  0.023  0.012  0.003  0.008  0.003  0.013  0.004  0.122  0.004  0.015  0.006	10
 17:	0.984  0.001  0.001  0.004  0.001  0.001  0.003  0.001  0.001  0.001  0.001  0.001  0.001	3
 18:	0.965  0.003  0.001  0.009  0.002  0.002  0.001  0.008  0.002  0.002  0.003  0.002  0.001	1
 19:	0.001  0.904  0.003  0.001  0.004  0.023  0.001  0.003  0.031  0.015  0.008  0.003  0.003	21
 20:	0.003  0.004  0.004  0.003  0.949  0.002  0.001  0.003  0.002  0.008  0.005  0.003  0.014	21
 21:	0.001  0.009  0.007  0.001  0.909  0.033  0.001  0.013  0.013  0.002  0.007  0.001  0.003	21
 22:	0.001  0.004  0.005  0.002  0.003  0.005  0.002  0.004  0.958  0.003  0.006  0.005  0.002	21
 23:	0.718  0.005  0.014  0.004  0.012  0.014  0.178  0.013  0.012  0.010  0.006  0.006  0.007	22
 24:	0.014  0.001  0.001  0.002  0.001  0.001  0.000  0.975  0.001  0.001  0.001  0.001  0.001	20
 25:	0.013  0.002  0.001  0.002  0.001  0.002  0.001  0.001  0.002  0.004  0.001  0.969  0.001	20

  1:	0.001  0.004  0.003  0.021  0.006  0.007  0.020  0.002  0.003  0.015  0.038  0.840  0.039	10
  2:	0.537  0.010  0.033  0.009  0.015  0.008  0.020  0.269  0.011  0.024  0.023  0.025  0.016	18
  3:	0.001  0.002  0.001  0.170  0.001  0.004  0.001  0.002  0.001  0.007  0.807  0.002  0.002	1
  4:	0.000  0.002  0.002  0.077  0.086  0.106  0.003  0.002  0.001  0.001  0.699  0.010  0.011	1
  5:	0.565  0.007  0.004  0.004  0.004  0.004  0.015  0.361  0.011  0.007  0.012  0.003  0.002	12
  6:	0.002  0.003  0.002  0.972  0.001  0.002  0.001  0.001  0.002  0.003  0.002  0.005  0.004	21
  7:	0.001  0.001  0.001  0.001  0.992  0.001  0.001  0.001  0.000  0.001  0.001  0.001  0.001	20
  8:	0.002  0.003  0.002  0.004  0.007  0.006  0.003  0.001  0.001  0.002  0.009  0.950  0.011	20
  9:	0.049  0.938  0.001  0.002  0.001  0.002  0.001  0.001  0.001  0.002  0.001  0.001  0.001	21
 10:	0.046  0.001  0.001  0.000  0.001  0.000  0.001  0.249  0.699  0.001  0.000  0.000  0.000	21
 11:	0.018  0.006  0.007  0.007  0.007  0.010  0.022  0.003  0.003  0.880  0.014  0.007  0.016	21
 12:	0.387  0.001  0.001  0.001  0.001  0.001  0.002  0.583  0.021  0.002  0.001  0.001  0.001	6
 13:	0.688  0.004  0.003  0.004  0.002  0.003  0.002  0.272  0.006  0.004  0.003  0.004  0.004	12
 14:	0.001  0.058  0.005  0.789  0.025  0.065  0.013  0.001  0.001  0.006  0.022  0.006  0.007	14
 15:	0.001  0.001  0.001  0.002  0.001  0.004  0.001  0.000  0.001  0.001  0.008  0.004  0.973	21
 16:	0.670  0.005  0.008  0.023  0.007  0.003  0.013  0.046  0.005  0.158  0.050  0.006  0.004	10
 17:	0.989  0.001  0.001  0.001  0.001  0.001  0.001  0.002  0.001  0.001  0.001  0.001  0.001	3
 18:	0.966  0.003  0.010  0.002  0.002  0.002  0.002  0.002  0.001  0.002  0.003  0.002  0.002	1
 19:	0.000  0.007  0.003  0.004  0.003  0.003  0.003  0.001  0.001  0.015  0.910  0.023  0.028	21
 20:	0.001  0.005  0.002  0.003  0.014  0.950  0.003  0.002  0.001  0.010  0.004  0.002  0.002	21
 21:	0.001  0.006  0.012  0.006  0.003  0.914  0.001  0.001  0.001  0.002  0.011  0.031  0.011	21
 22:	0.001  0.006  0.004  0.006  0.003  0.003  0.005  0.002  0.001  0.003  0.004  0.005  0.959	21
 23:	0.055  0.003  0.005  0.004  0.002  0.005  0.003  0.902  0.006  0.003  0.003  0.005  0.003	22
 24:	0.013  0.001  0.977  0.001  0.001  0.001  0.001  0.001  0.000  0.001  0.001  0.001  0.001	20
 25:	0.010  0.001  0.001  0.002  0.001  0.001  0.972  0.001  0.001  0.004  0.002  0.002  0.002	20

  1:	0.030  0.028  0.017  0.002  0.022  0.015  0.028  0.004  0.835  0.003  0.004  0.004  0.007	10
  2:	0.010  0.014  0.007  0.832  0.019  0.005  0.021  0.006  0.023  0.021  0.018  0.006  0.016	18
  3:	0.003  0.002  0.036  0.001  0.004  0.140  0.802  0.002  0.003  0.001  0.003  0.002  0.001	1
  4:	0.006  0.013  0.117  0.000  0.002  0.017  0.679  0.014  0.007  0.002  0.061  0.003  0.078	1
  5:	0.003  0.005  0.005  0.938  0.010  0.003  0.014  0.004  0.002  0.003  0.003  0.006  0.003	12
  6:	0.003  0.002  0.965  0.003  0.003  0.005  0.002  0.004  0.004  0.002  0.002  0.003  0.002	21
  7:	0.001  0.001  0.001  0.001  0.001  0.001  0.001  0.001  0.001  0.001  0.001  0.001  0.990	20
  8:	0.013  0.003  0.005  0.002  0.002  0.004  0.007  0.005  0.944  0.002  0.004  0.003  0.007	20
  9:	0.002  0.001  0.001  0.049  0.002  0.002  0.001  0.002  0.001  0.001  0.001  0.935  0.001	21
 10:	0.040  0.008  0.003  0.804  0.046  0.009  0.008  0.056  0.004  0.002  0.003  0.008  0.009	21
 11:	0.016  0.025  0.011  0.059  0.694  0.039  0.035  0.011  0.014  0.019  0.022  0.015  0.039	21
 12:	0.002  0.001  0.001  0.984  0.002  0.003  0.001  0.001  0.001  0.001  0.001  0.001  0.001	6
 13:	0.004  0.004  0.005  0.959  0.001  0.002  0.003  0.002  0.008  0.004  0.004  0.002  0.001	12
 14:	0.005  0.004  0.005  0.001  0.002  0.956  0.002  0.005  0.003  0.003  0.004  0.006  0.003	14
 15:	0.003  0.978  0.001  0.001  0.002  0.001  0.005  0.002  0.002  0.001  0.002  0.001  0.001	21
 16:	0.005  0.004  0.015  0.795  0.074  0.012  0.058  0.003  0.006  0.016  0.003  0.004  0.006	10
 17:	0.001  0.001  0.001  0.989  0.001  0.001  0.001  0.001  0.001  0.001  0.001  0.001  0.001	3
 18:	0.002  0.002  0.002  0.976  0.001  0.002  0.002  0.002  0.001  0.005  0.002  0.003  0.001	1
 19:	0.028  0.012  0.003  0.001  0.007  0.004  0.903  0.004  0.021  0.003  0.003  0.008  0.003	21
 20:	0.003  0.003  0.003  0.004  0.005  0.008  0.004  0.942  0.002  0.005  0.009  0.008  0.005	21
 21:	0.005  0.006  0.003  0.000  0.001  0.005  0.012  0.100  0.005  0.004  0.850  0.004  0.004	21
 22:	0.973  0.003  0.003  0.001  0.003  0.002  0.004  0.002  0.002  0.002  0.002  0.002  0.002	21
 23:	0.008  0.015  0.013  0.910  0.006  0.003  0.003  0.006  0.008  0.010  0.008  0.003  0.006	22
 24:	0.002  0.001  0.001  0.014  0.001  0.001  0.001  0.001  0.001  0.975  0.001  0.001  0.001	20
 25:	0.003  0.003  0.001  0.009  0.973  0.002  0.001  0.002  0.002  0.001  0.001  0.001  0.001	20

  1:	0.034  0.005  0.001  0.008  0.004  0.018  0.023  0.843  0.003  0.027  0.004  0.025  0.003	10
  2:	0.020  0.008  0.784  0.017  0.017  0.024  0.011  0.027  0.023  0.023  0.032  0.007  0.007	18
  3:	0.002  0.002  0.001  0.002  0.009  0.004  0.003  0.003  0.001  0.809  0.001  0.161  0.002	1
  4:	0.027  0.022  0.001  0.084  0.086  0.002  0.007  0.010  0.002  0.679  0.001  0.079  0.001	1
  5:	0.009  0.006  0.882  0.006  0.003  0.016  0.004  0.003  0.003  0.011  0.043  0.006  0.008	12
  6:	0.009  0.003  0.002  0.002  0.003  0.002  0.003  0.005  0.002  0.003  0.001  0.962  0.003	21
  7:	0.001  0.001  0.001  0.990  0.001  0.001  0.001  0.001  0.001  0.001  0.000  0.001  0.001	20
  8:	0.004  0.005  0.002  0.008  0.004  0.002  0.011  0.945  0.002  0.008  0.001  0.004  0.003	20
  9:	0.002  0.002  0.049  0.001  0.001  0.001  0.001  0.001  0.001  0.001  0.001  0.002  0.937	21
 10:	0.001  0.001  0.225  0.001  0.001  0.001  0.001  0.001  0.001  0.001  0.767  0.001  0.001	21
 11:	0.036  0.011  0.047  0.043  0.030  0.691  0.011  0.016  0.021  0.035  0.021  0.014  0.024	21
 12:	0.001  0.001  0.810  0.001  0.001  0.001  0.001  0.001  0.001  0.001  0.180  0.001  0.001	6
 13:	0.007  0.003  0.934  0.002  0.005  0.003  0.003  0.009  0.004  0.004  0.016  0.008  0.003	12
 14:	0.006  0.082  0.001  0.025  0.013  0.010  0.005  0.007  0.006  0.014  0.001  0.771  0.059	14
 15:	0.978  0.001  0.000  0.001  0.002  0.001  0.002  0.003  0.002  0.006  0.001  0.001  0.001	21
 16:	0.004  0.004  0.767  0.007  0.003  0.097  0.005  0.008  0.012  0.062  0.003  0.023  0.004	10
 17:	0.001  0.001  0.985  0.001  0.001  0.001  0.001  0.001  0.001  0.001  0.006  0.001  0.001	3
 18:	0.002  0.002  0.974  0.001  0.002  0.002  0.002  0.002  0.005  0.002  0.001  0.001  0.004	1
 19:	0.019  0.004  0.001  0.003  0.003  0.008  0.024  0.024  0.004  0.899  0.001  0.004  0.007	21
 20:	0.004  0.946  0.003  0.005  0.010  0.004  0.002  0.002  0.005  0.003  0.001  0.004  0.010	21
 21:	0.008  0.103  0.000  0.004  0.850  0.001  0.003  0.006  0.004  0.012  0.001  0.003  0.005	21
 22:	0.005  0.002  0.000  0.002  0.002  0.003  0.970  0.002  0.002  0.005  0.001  0.002  0.003	21
 23:	0.021  0.007  0.721  0.006  0.011  0.007  0.007  0.011  0.011  0.003  0.182  0.008  0.004	22
 24:	0.002  0.001  0.013  0.001  0.001  0.001  0.001  0.001  0.976  0.001  0.000  0.001  0.001	20
 25:	0.005  0.002  0.009  0.001  0.001  0.972  0.002  0.002  0.002  0.002  0.001  0.002  0.001	20

  1:	0.055  0.032  0.831  0.001  0.007  0.004  0.014  0.004  0.021  0.004  0.003  0.020  0.004	10
  2:	0.023  0.022  0.023  0.680  0.016  0.011  0.025  0.013  0.007  0.007  0.129  0.016  0.027	18
  3:	0.003  0.800  0.004  0.000  0.001  0.002  0.008  0.004  0.173  0.002  0.002  0.001  0.001	1
  4:	0.020  0.680  0.008  0.001  0.087  0.003  0.001  0.085  0.097  0.010  0.001  0.004  0.002	1
  5:	0.004  0.011  0.004  0.735  0.005  0.013  0.007  0.003  0.005  0.006  0.189  0.014  0.003	12
  6:	0.007  0.002  0.005  0.002  0.001  0.003  0.003  0.002  0.966  0.004  0.001  0.001  0.002	21
  7:	0.001  0.001  0.001  0.001  0.991  0.001  0.001  0.001  0.001  0.001  0.000  0.001  0.001	20
  8:	0.011  0.008  0.948  0.002  0.007  0.003  0.002  0.005  0.003  0.006  0.001  0.003  0.002	20
  9:	0.002  0.001  0.001  0.049  0.001  0.937  0.002  0.001  0.001  0.002  0.001  0.001  0.001	21
 10:	0.001  0.001  0.001  0.067  0.001  0.001  0.001  0.001  0.001  0.001  0.924  0.001  0.001	21
 11:	0.018  0.013  0.005  0.019  0.006  0.005  0.878  0.006  0.007  0.010  0.004  0.022  0.007	21
 12:	0.001  0.001  0.001  0.572  0.001  0.001  0.001  0.001  0.001  0.001  0.421  0.001  0.001	6
 13:	0.005  0.003  0.007  0.847  0.002  0.007  0.004  0.004  0.006  0.002  0.106  0.002  0.004	12
 14:	0.009  0.013  0.006  0.001  0.024  0.062  0.006  0.010  0.767  0.083  0.001  0.012  0.007	14
 15:	0.969  0.008  0.004  0.000  0.002  0.001  0.001  0.007  0.002  0.002  0.001  0.001  0.001	21
 16:	0.005  0.055  0.006  0.728  0.006  0.004  0.139  0.003  0.023  0.003  0.008  0.010  0.009	10
 17:	0.001  0.001  0.001  0.990  0.001  0.001  0.001  0.001  0.001  0.001  0.001  0.001  0.001	3
 18:	0.002  0.002  0.001  0.974  0.002  0.003  0.002  0.002  0.001  0.002  0.001  0.002  0.006	1
 19:	0.033  0.903  0.023  0.000  0.003  0.007  0.014  0.003  0.004  0.004  0.001  0.002  0.003	21
 20:	0.004  0.003  0.002  0.002  0.005  0.008  0.012  0.008  0.004  0.945  0.001  0.002  0.004	21
 21:	0.007  0.011  0.006  0.000  0.004  0.006  0.002  0.851  0.003  0.105  0.001  0.001  0.005	21
 22:	0.959  0.004  0.005  0.001  0.003  0.005  0.003  0.003  0.005  0.003  0.002  0.004  0.004	21
 23:	0.007  0.003  0.006  0.363  0.004  0.003  0.006  0.006  0.006  0.004  0.582  0.003  0.007	22
 24:	0.002  0.001  0.001  0.012  0.001  0.001  0.001  0.001  0.001  0.001  0.001  0.001  0.977	20
 25:	0.003  0.002  0.001  0.012  0.001  0.001  0.004  0.001  0.001  0.001  0.001  0.970  0.001	20

  1:	0.121  0.763  0.045  0.001  0.007  0.023  0.001  0.002  0.000  0.002  0.005  0.022  0.007	10
  2:	0.031  0.019  0.008  0.265  0.014  0.019  0.013  0.036  0.539  0.010  0.010  0.014  0.021	18
  3:	0.813  0.133  0.002  0.003  0.001  0.001  0.001  0.002  0.000  0.012  0.010  0.001  0.021	1
  4:	0.700  0.045  0.006  0.002  0.079  0.003  0.001  0.003  0.000  0.007  0.136  0.016  0.002	1
  5:	0.013  0.004  0.003  0.361  0.005  0.012  0.009  0.003  0.565  0.009  0.003  0.004  0.008	12
  6:	0.003  0.890  0.002  0.001  0.002  0.002  0.002  0.004  0.002  0.076  0.004  0.005  0.006	21
  7:	0.001  0.001  0.001  0.001  0.992  0.001  0.000  0.001  0.001  0.001  0.001  0.001  0.001	20
  8:	0.047  0.883  0.023  0.001  0.017  0.003  0.001  0.003  0.002  0.002  0.007  0.012  0.001	20
  9:	0.002  0.001  0.002  0.001  0.001  0.001  0.001  0.001  0.048  0.937  0.002  0.001  0.002	21
 10:	0.001  0.000  0.001  0.250  0.001  0.001  0.699  0.000  0.045  0.001  0.000  0.000  0.001	21
 11:	0.016  0.007  0.013  0.003  0.008  0.022  0.003  0.007  0.017  0.007  0.012  0.011  0.874	21
 12:	0.001  0.001  0.001  0.588  0.001  0.001  0.019  0.001  0.384  0.001  0.001  0.001  0.001	6
 13:	0.005  0.004  0.003  0.267  0.002  0.002  0.006  0.003  0.692  0.005  0.003  0.004  0.004	12
 14:	0.015  0.692  0.002  0.001  0.023  0.013  0.001  0.005  0.001  0.208  0.029  0.002  0.007	14
 15:	0.008  0.002  0.002  0.000  0.001  0.001  0.001  0.002  0.000  0.001  0.002  0.979  0.001	21
 16:	0.054  0.012  0.006  0.048  0.008  0.012  0.004  0.009  0.670  0.006  0.003  0.004  0.164	10
 17:	0.001  0.001  0.001  0.002  0.001  0.001  0.001  0.001  0.989  0.001  0.001  0.001  0.001	3
 18:	0.004  0.002  0.003  0.002  0.002  0.002  0.002  0.010  0.962  0.004  0.003  0.002  0.003	1
 19:	0.916  0.008  0.025  0.001  0.003  0.003  0.001  0.003  0.000  0.008  0.004  0.014  0.014	21
 20:	0.005  0.002  0.002  0.002  0.015  0.003  0.001  0.003  0.001  0.005  0.949  0.002  0.010	21
 21:	0.013  0.012  0.006  0.001  0.003  0.001  0.001  0.012  0.000  0.007  0.926  0.016  0.002	21
 22:	0.006  0.002  0.972  0.001  0.002  0.003  0.001  0.002  0.000  0.003  0.002  0.004  0.002	21
 23:	0.004  0.004  0.003  0.901  0.002  0.003  0.007  0.006  0.053  0.003  0.005  0.007  0.003	22
 24:	0.001  0.001  0.001  0.001  0.001  0.001  0.000  0.978  0.012  0.001  0.001  0.001  0.001	20
 25:	0.002  0.002  0.002  0.002  0.001  0.971  0.001  0.002  0.010  0.001  0.001  0.002  0.005	20

  1:	0.841  0.043  0.004  0.034  0.007  0.001  0.024  0.011  0.004  0.004  0.020  0.004  0.004	10
  2:	0.028  0.016  0.010  0.028  0.016  0.777  0.007  0.015  0.033  0.008  0.021  0.018  0.022	18
  3:	0.007  0.003  0.002  0.801  0.002  0.001  0.169  0.007  0.000  0.002  0.001  0.004  0.001	1
  4:	0.013  0.015  0.017  0.698  0.078  0.001  0.058  0.003  0.001  0.001  0.007  0.105  0.003	1
  5:	0.004  0.003  0.006  0.013  0.006  0.879  0.007  0.009  0.042  0.008  0.017  0.003  0.003	12
  6:	0.007  0.004  0.003  0.002  0.001  0.002  0.967  0.004  0.001  0.003  0.001  0.002  0.002	21
  7:	0.001  0.001  0.001  0.001  0.991  0.001  0.001  0.001  0.000  0.001  0.001  0.001  0.001	20
  8:	0.950  0.009  0.006  0.007  0.007  0.002  0.004  0.002  0.001  0.003  0.003  0.004  0.003	20
  9:	0.002  0.001  0.002  0.001  0.001  0.049  0.001  0.002  0.001  0.937  0.001  0.001  0.001	21
 10:	0.001  0.001  0.001  0.001  0.001  0.222  0.001  0.001  0.769  0.001  0.001  0.001  0.001	21
 11:	0.008  0.014  0.009  0.013  0.006  0.021  0.007  0.879  0.003  0.005  0.021  0.006  0.007	21
 12:	0.002  0.001  0.001  0.001  0.001  0.805  0.001  0.001  0.184  0.001  0.002  0.001  0.001	6
 13:	0.009  0.007  0.003  0.005  0.002  0.934  0.009  0.003  0.015  0.003  0.002  0.004  0.004	12
 14:	0.009  0.005  0.077  0.014  0.024  0.001  0.773  0.006  0.001  0.062  0.012  0.011  0.005	14
 15:	0.005  0.968  0.002  0.008  0.002  0.000  0.002  0.001  0.001  0.001  0.002  0.006  0.001	21
 16:	0.007  0.003  0.003  0.058  0.006  0.743  0.022  0.121  0.003  0.004  0.016  0.003  0.011	10
 17:	0.001  0.001  0.001  0.001  0.001  0.984  0.001  0.001  0.005  0.001  0.001  0.001  0.001	3
 18:	0.002  0.002  0.002  0.003  0.001  0.973  0.001  0.002  0.001  0.003  0.002  0.002  0.006	1
 19:	0.026  0.030  0.003  0.903  0.002  0.000  0.003  0.016  0.001  0.007  0.002  0.003  0.003	21
 20:	0.003  0.003  0.946  0.003  0.005  0.003  0.004  0.013  0.001  0.008  0.002  0.007  0.004	21
 21:	0.007  0.004  0.103  0.012  0.005  0.000  0.003  0.001  0.001  0.006  0.001  0.852  0.004	21
 22:	0.007  0.957  0.003  0.004  0.003  0.001  0.005  0.002  0.002  0.006  0.005  0.002  0.004	21
 23:	0.015  0.009  0.008  0.004  0.006  0.716  0.012  0.010  0.188  0.006  0.005  0.010  0.011	22
 24:	0.001  0.001  0.001  0.001  0.001  0.013  0.001  0.001  0.000  0.001  0.001  0.001  0.976	20
 25:	0.002  0.002  0.001  0.001  0.001  0.012  0.001  0.005  0.001  0.001  0.969  0.001  0.001	20

  1:	0.834  0.018  0.035  0.004  0.016  0.007  0.003  0.007  0.042  0.016  0.001  0.004  0.012	10
  2:	0.034  0.020  0.022  0.008  0.006  0.010  0.026  0.019  0.022  0.009  0.773  0.036  0.015	18
  3:	0.007  0.001  0.800  0.002  0.130  0.003  0.001  0.001  0.002  0.046  0.001  0.000  0.006	1
  4:	0.010  0.003  0.694  0.003  0.011  0.055  0.003  0.091  0.015  0.113  0.001  0.001  0.001	1
  5:	0.004  0.017  0.010  0.009  0.008  0.004  0.003  0.006  0.004  0.005  0.872  0.047  0.011	12
  6:	0.005  0.001  0.002  0.003  0.005  0.003  0.002  0.002  0.002  0.966  0.002  0.001  0.004	21
  7:	0.001  0.001  0.001  0.001  0.001  0.001  0.001  0.991  0.001  0.001  0.001  0.000  0.001	20
  8:	0.947  0.003  0.009  0.003  0.004  0.005  0.003  0.008  0.009  0.006  0.002  0.001  0.001	20
  9:	0.002  0.001  0.001  0.936  0.002  0.002  0.001  0.001  0.001  0.001  0.049  0.001  0.002	21
 10:	0.001  0.001  0.001  0.001  0.001  0.001  0.001  0.001  0.001  0.001  0.218  0.774  0.001	21
 11:	0.008  0.032  0.012  0.004  0.019  0.009  0.006  0.008  0.015  0.005  0.021  0.003  0.857	21
 12:	0.001  0.001  0.001  0.001  0.001  0.001  0.001  0.001  0.001  0.001  0.797  0.193  0.001	6
 13:	0.012  0.002  0.005  0.004  0.003  0.004  0.004  0.002  0.005  0.008  0.929  0.020  0.003	12
 14:	0.005  0.002  0.003  0.007  0.957  0.006  0.003  0.003  0.004  0.005  0.001  0.001  0.002	14
 15:	0.005  0.002  0.008  0.001  0.002  0.005  0.001  0.002  0.970  0.003  0.000  0.001  0.001	21
 16:	0.009  0.019  0.055  0.004  0.013  0.003  0.011  0.005  0.005  0.017  0.740  0.003  0.115	10
 17:	0.001  0.001  0.001  0.001  0.001  0.001  0.001  0.001  0.001  0.001  0.983  0.006  0.001	3
 18:	0.002  0.001  0.002  0.003  0.002  0.002  0.007  0.001  0.002  0.001  0.973  0.001  0.002	1
 19:	0.025  0.003  0.906  0.007  0.004  0.003  0.003  0.002  0.029  0.003  0.000  0.001  0.014	21
 20:	0.002  0.003  0.004  0.005  0.006  0.945  0.002  0.013  0.002  0.003  0.003  0.001  0.011	21
 21:	0.036  0.001  0.009  0.008  0.010  0.900  0.012  0.003  0.012  0.005  0.000  0.001  0.002	21
 22:	0.007  0.005  0.004  0.006  0.006  0.003  0.004  0.003  0.954  0.004  0.001  0.002  0.003	21
 23:	0.011  0.006  0.004  0.006  0.004  0.010  0.012  0.006  0.010  0.020  0.701  0.201  0.009	22
 24:	0.001  0.001  0.001  0.001  0.001  0.001  0.976  0.001  0.001  0.001  0.013  0.000  0.001	20
 25:	0.002  0.969  0.001  0.001  0.002  0.001  0.002  0.001  0.002  0.001  0.012  0.001  0.004	20

  1:	0.012  0.010  0.001  0.902  0.002  0.004  0.035  0.020  0.003  0.005  0.003  0.000  0.003	10
  2:	0.017  0.020  0.263  0.028  0.012  0.012  0.010  0.021  0.008  0.029  0.010  0.535  0.035	18
  3:	0.002  0.003  0.020  0.488  0.001  0.006  0.250  0.118  0.084  0.023  0.003  0.001  0.002	1
  4:	0.052  0.015  0.021  0.200  0.001  0.052  0.161  0.400  0.086  0.007  0.003  0.001  0.002	1
  5:	0.006  0.021  0.358  0.004  0.009  0.003  0.005  0.003  0.005  0.009  0.009  0.564  0.004	12
  6:	0.002  0.001  0.001  0.004  0.001  0.003  0.970  0.005  0.003  0.003  0.003  0.002  0.002	21
  7:	0.992  0.001  0.001  0.001  0.000  0.001  0.001  0.001  0.001  0.001  0.001  0.001  0.001	20
  8:	0.007  0.002  0.001  0.955  0.001  0.006  0.006  0.009  0.005  0.001  0.003  0.002  0.002	20
  9:	0.002  0.001  0.001  0.001  0.001  0.001  0.002  0.001  0.002  0.002  0.937  0.049  0.001	21
 10:	0.001  0.001  0.250  0.000  0.699  0.000  0.001  0.000  0.001  0.001  0.001  0.045  0.001	21
 11:	0.011  0.021  0.003  0.007  0.004  0.007  0.009  0.018  0.011  0.878  0.006  0.017  0.007	21
 12:	0.001  0.002  0.587  0.001  0.020  0.001  0.001  0.001  0.001  0.001  0.001  0.384  0.001	6
 13:	0.002  0.002  0.271  0.005  0.006  0.004  0.004  0.004  0.002  0.004  0.005  0.687  0.003	12
 14:	0.030  0.012  0.001  0.011  0.001  0.012  0.774  0.005  0.079  0.005  0.063  0.001  0.006	14
 15:	0.002  0.001  0.000  0.005  0.001  0.007  0.002  0.974  0.002  0.001  0.001  0.000  0.001	21
 16:	0.009  0.023  0.034  0.011  0.007  0.003  0.039  0.010  0.004  0.176  0.006  0.670  0.007	10
 17:	0.001  0.001  0.002  0.001  0.001  0.001  0.001  0.001  0.001  0.001  0.001  0.989  0.001	3
 18:	0.003  0.002  0.002  0.002  0.001  0.004  0.002  0.003  0.003  0.003  0.003  0.964  0.009	1
 19:	0.005  0.007  0.001  0.583  0.002  0.004  0.006  0.311  0.016  0.040  0.015  0.000  0.009	21
 20:	0.009  0.002  0.003  0.002  0.001  0.007  0.004  0.003  0.945  0.012  0.007  0.001  0.004	21
 21:	0.006  0.001  0.000  0.008  0.001  0.857  0.004  0.005  0.104  0.001  0.008  0.000  0.005	21
 22:	0.004  0.005  0.002  0.005  0.002  0.003  0.008  0.955  0.003  0.002  0.008  0.000  0.004	21
 23:	0.004  0.003  0.901  0.004  0.007  0.004  0.004  0.004  0.006  0.003  0.003  0.053  0.005	22
 24:	0.001  0.001  0.001  0.001  0.000  0.001  0.001  0.001  0.001  0.001  0.001  0.012  0.977	20
 25:	0.002  0.971  0.001  0.002  0.001  0.001  0.002  0.002  0.002  0.005  0.001  0.010  0.001	20

  1:	0.010  0.021  0.020  0.005  0.042  0.013  0.003  0.842  0.031  0.004  0.003  0.001  0.005	10
  2:	0.021  0.007  0.018  0.007  0.019  0.014  0.022  0.026  0.027  0.019  0.031  0.778  0.009	18
  3:	0.002  0.156  0.002  0.002  0.002  0.008  0.001  0.005  0.809  0.007  0.000  0.002  0.004	1
  4:	0.092  0.084  0.005  0.001  0.010  0.002  0.003  0.010  0.692  0.091  0.001  0.000  0.009	1
  5:	0.007  0.006  0.015  0.008  0.004  0.011  0.003  0.003  0.014  0.003  0.041  0.880  0.006	12
  6:	0.002  0.967  0.002  0.003  0.004  0.003  0.002  0.005  0.003  0.002  0.001  0.002  0.003	21
  7:	0.991  0.001  0.001  0.001  0.001  0.001  0.001  0.001  0.001  0.001  0.000  0.001  0.001	20
  8:	0.010  0.004  0.003  0.003  0.009  0.002  0.003  0.948  0.007  0.005  0.001  0.002  0.005	20
  9:	0.002  0.001  0.001  0.937  0.001  0.002  0.001  0.001  0.001  0.001  0.001  0.049  0.002	21
 10:	0.001  0.001  0.001  0.001  0.001  0.001  0.001  0.001  0.001  0.001  0.769  0.223  0.001	21
 11:	0.008  0.007  0.020  0.005  0.014  0.882  0.007  0.005  0.011  0.006  0.003  0.021  0.010	21
 12:	0.002  0.001  0.002  0.001  0.001  0.001  0.001  0.001  0.001  0.001  0.181  0.808  0.001	6
 13:	0.002  0.007  0.003  0.004  0.005  0.004  0.004  0.009  0.004  0.005  0.016  0.935  0.003	12
 14:	0.029  0.771  0.012  0.059  0.006  0.005  0.006  0.007  0.012  0.012  0.001  0.001  0.080	14
 15:	0.002  0.002  0.001  0.001  0.968  0.001  0.001  0.004  0.008  0.007  0.001  0.000  0.002	21
 16:	0.008  0.021  0.014  0.004  0.004  0.123  0.012  0.005  0.056  0.003  0.003  0.743  0.003	10
 17:	0.001  0.001  0.001  0.001  0.001  0.001  0.001  0.001  0.001  0.001  0.004  0.985  0.001	3
 18:	0.002  0.002  0.002  0.003  0.002  0.002  0.007  0.001  0.002  0.002  0.001  0.972  0.002	1
 19:	0.004  0.003  0.003  0.007  0.028  0.015  0.003  0.023  0.906  0.003  0.001  0.000  0.003	21
 20:	0.007  0.003  0.002  0.008  0.003  0.011  0.004  0.002  0.003  0.008  0.001  0.003  0.946	21
 21:	0.005  0.003  0.001  0.005  0.004  0.001  0.004  0.005  0.013  0.853  0.001  0.000  0.104	21
 22:	0.004  0.005  0.005  0.006  0.958  0.003  0.004  0.005  0.004  0.003  0.002  0.001  0.002	21
 23:	0.009  0.012  0.005  0.006  0.010  0.010  0.013  0.010  0.004  0.012  0.186  0.716  0.007	22
 24:	0.001  0.001  0.001  0.001  0.001  0.001  0.976  0.001  0.001  0.001  0.000  0.014  0.001	20
 25:	0.002  0.001  0.970  0.001  0.002  0.004  0.002  0.001  0.002  0.001  0.001  0.012  0.001	20

