  1:	0.007  0.014  0.003  0.004  0.017  0.045  0.005  0.006  0.001  0.013  0.021  0.834  0.004  0.026	10
  2:	0.022  0.015  0.022  0.046  0.008  0.015  0.008  0.017  0.758  0.008  0.023  0.025  0.007  0.025	18
  3:	0.005  0.004  0.001  0.000  0.023  0.002  0.002  0.001  0.001  0.186  0.001  0.006  0.002  0.764	1
  4:	0.104  0.001  0.002  0.001  0.077  0.023  0.022  0.054  0.000  0.074  0.006  0.007  0.002  0.626	1
  5:	0.004  0.009  0.003  0.064  0.006  0.004  0.005  0.005  0.853  0.008  0.016  0.003  0.008  0.013	12
  6:	0.003  0.004  0.002  0.001  0.964  0.003  0.003  0.002  0.002  0.005  0.001  0.004  0.003  0.002	21
  7:	0.001  0.001  0.001  0.000  0.001  0.001  0.001  0.990  0.001  0.001  0.001  0.001  0.001  0.001	20
  8:	0.006  0.001  0.003  0.001  0.006  0.009  0.006  0.009  0.002  0.003  0.003  0.942  0.002  0.008	20
  9:	0.002  0.002  0.001  0.001  0.001  0.001  0.002  0.001  0.049  0.002  0.001  0.001  0.935  0.001	21
 10:	0.001  0.001  0.001  0.790  0.001  0.001  0.001  0.001  0.201  0.001  0.001  0.001  0.001  0.001	21
 11:	0.008  0.877  0.006  0.003  0.006  0.013  0.009  0.006  0.020  0.014  0.018  0.005  0.004  0.011	21
 12:	0.001  0.001  0.001  0.218  0.001  0.001  0.001  0.001  0.770  0.003  0.001  0.001  0.001  0.001	6
 13:	0.006  0.004  0.004  0.030  0.007  0.005  0.003  0.002  0.919  0.004  0.003  0.008  0.003  0.005	12
 14:	0.009  0.003  0.004  0.001  0.168  0.005  0.024  0.007  0.001  0.751  0.005  0.004  0.016  0.005	14
 15:	0.009  0.001  0.001  0.001  0.003  0.967  0.002  0.002  0.000  0.001  0.001  0.003  0.001  0.008	21
 16:	0.004  0.126  0.011  0.004  0.019  0.004  0.003  0.006  0.732  0.024  0.012  0.005  0.004  0.046	10
 17:	0.001  0.001  0.001  0.004  0.001  0.001  0.001  0.001  0.985  0.001  0.001  0.001  0.001  0.001	3
 18:	0.003  0.002  0.007  0.001  0.001  0.002  0.002  0.002  0.969  0.003  0.001  0.001  0.003  0.003	1
 19:	0.004  0.014  0.003  0.001  0.003  0.031  0.003  0.002  0.000  0.003  0.002  0.022  0.007  0.904	21
 20:	0.010  0.010  0.004  0.001  0.003  0.003  0.942  0.004  0.003  0.007  0.002  0.002  0.007  0.003	21
 21:	0.852  0.001  0.004  0.001  0.003  0.004  0.102  0.004  0.000  0.004  0.001  0.005  0.006  0.013	21
 22:	0.004  0.002  0.004  0.002  0.004  0.954  0.003  0.003  0.001  0.005  0.005  0.004  0.006  0.004	21
 23:	0.014  0.008  0.011  0.246  0.014  0.008  0.008  0.006  0.659  0.003  0.005  0.009  0.005  0.004	22
 24:	0.001  0.001  0.975  0.000  0.001  0.001  0.001  0.001  0.013  0.002  0.001  0.001  0.001  0.001	20
 25:	0.001  0.004  0.001  0.001  0.001  0.002  0.001  0.001  0.012  0.002  0.969  0.001  0.001  0.001	20

  1:	0.025  0.005  0.006  0.001  0.840  0.024  0.004  0.028  0.004  0.004  0.016  0.017  0.004  0.022	10
  2:	0.030  0.020  0.017  0.777  0.025  0.013  0.033  0.023  0.009  0.019  0.007  0.009  0.008  0.010	18
  3:	0.004  0.004  0.001  0.001  0.005  0.002  0.001  0.801  0.002  0.001  0.140  0.033  0.001  0.003	1
  4:	0.004  0.099  0.082  0.001  0.007  0.019  0.001  0.676  0.010  0.002  0.014  0.078  0.001  0.005	1
  5:	0.023  0.003  0.005  0.873  0.003  0.006  0.046  0.008  0.005  0.002  0.009  0.006  0.007  0.004	12
  6:	0.004  0.002  0.002  0.002  0.004  0.002  0.001  0.002  0.003  0.002  0.005  0.965  0.003  0.002	21
  7:	0.001  0.001  0.990  0.001  0.001  0.001  0.000  0.001  0.001  0.001  0.001  0.001  0.001  0.001	20
  8:	0.003  0.004  0.006  0.002  0.943  0.004  0.001  0.008  0.006  0.003  0.004  0.005  0.003  0.009	20
  9:	0.002  0.001  0.001  0.049  0.001  0.001  0.001  0.001  0.002  0.001  0.002  0.001  0.935  0.001	21
 10:	0.001  0.001  0.001  0.218  0.001  0.001  0.773  0.001  0.001  0.001  0.001  0.001  0.001  0.001	21
 11:	0.693  0.024  0.041  0.048  0.015  0.023  0.018  0.036  0.011  0.017  0.036  0.010  0.015  0.013	21
 12:	0.002  0.001  0.001  0.799  0.001  0.001  0.190  0.001  0.001  0.001  0.001  0.001  0.001  0.001	6
 13:	0.003  0.005  0.002  0.929  0.008  0.007  0.018  0.004  0.003  0.004  0.003  0.008  0.003  0.003	12
 14:	0.004  0.004  0.003  0.001  0.004  0.004  0.001  0.003  0.006  0.004  0.954  0.004  0.006  0.003	14
 15:	0.002  0.002  0.001  0.000  0.002  0.977  0.001  0.005  0.002  0.002  0.001  0.001  0.001  0.002	21
 16:	0.103  0.003  0.007  0.760  0.007  0.003  0.003  0.060  0.004  0.012  0.011  0.019  0.004  0.005	10
 17:	0.001  0.001  0.001  0.983  0.001  0.001  0.007  0.001  0.001  0.001  0.001  0.001  0.001  0.001	3
 18:	0.002  0.002  0.001  0.970  0.001  0.002  0.001  0.003  0.002  0.006  0.002  0.001  0.004  0.002	1
 19:	0.010  0.003  0.003  0.001  0.023  0.012  0.001  0.904  0.003  0.003  0.004  0.003  0.007  0.022	21
 20:	0.007  0.007  0.004  0.003  0.002  0.003  0.001  0.004  0.945  0.005  0.007  0.003  0.007  0.002	21
 21:	0.002  0.850  0.004  0.000  0.005  0.006  0.001  0.011  0.101  0.005  0.005  0.003  0.005  0.003	21
 22:	0.004  0.002  0.002  0.000  0.002  0.003  0.001  0.005  0.002  0.002  0.002  0.003  0.003  0.969	21
 23:	0.010  0.009  0.006  0.707  0.010  0.017  0.193  0.003  0.007  0.010  0.004  0.015  0.005  0.006	22
 24:	0.001  0.001  0.001  0.013  0.001  0.001  0.000  0.001  0.001  0.975  0.001  0.001  0.001  0.001	20
 25:	0.973  0.001  0.001  0.009  0.002  0.003  0.001  0.001  0.002  0.001  0.002  0.001  0.001  0.002	20

  1:	0.053  0.028  0.012  0.001  0.004  0.004  0.007  0.004  0.023  0.018  0.003  0.004  0.002  0.837	10
  2:	0.022  0.020  0.021  0.552  0.034  0.009  0.014  0.010  0.010  0.018  0.017  0.006  0.245  0.021	18
  3:	0.003  0.812  0.011  0.000  0.002  0.003  0.001  0.011  0.143  0.001  0.001  0.003  0.002  0.006	1
  4:	0.023  0.681  0.001  0.000  0.002  0.002  0.076  0.102  0.091  0.003  0.001  0.009  0.003  0.007	1
  5:	0.004  0.013  0.008  0.582  0.003  0.008  0.005  0.002  0.004  0.013  0.019  0.004  0.331  0.003	12
  6:	0.006  0.002  0.002  0.002  0.002  0.003  0.001  0.002  0.968  0.001  0.002  0.002  0.001  0.005	21
  7:	0.001  0.001  0.001  0.001  0.001  0.001  0.991  0.001  0.001  0.001  0.000  0.001  0.001  0.001	20
  8:	0.010  0.008  0.001  0.002  0.003  0.003  0.007  0.004  0.004  0.003  0.001  0.006  0.001  0.948	20
  9:	0.002  0.001  0.002  0.048  0.001  0.937  0.001  0.001  0.001  0.001  0.001  0.001  0.001  0.001	21
 10:	0.001  0.000  0.001  0.051  0.000  0.001  0.001  0.000  0.000  0.001  0.708  0.001  0.234  0.000	21
 11:	0.022  0.012  0.873  0.017  0.008  0.006  0.006  0.006  0.007  0.020  0.003  0.010  0.003  0.007	21
 12:	0.001  0.001  0.001  0.403  0.001  0.001  0.001  0.001  0.001  0.002  0.038  0.001  0.549  0.001	6
 13:	0.005  0.004  0.004  0.702  0.003  0.004  0.002  0.004  0.004  0.002  0.010  0.002  0.249  0.005	12
 14:	0.008  0.012  0.006  0.001  0.005  0.061  0.023  0.012  0.768  0.011  0.001  0.085  0.001  0.005	14
 15:	0.969  0.008  0.001  0.000  0.001  0.001  0.002  0.006  0.002  0.001  0.001  0.002  0.000  0.004	21
 16:	0.005  0.050  0.159  0.668  0.007  0.004  0.007  0.003  0.025  0.012  0.005  0.004  0.045  0.007	10
 17:	0.001  0.001  0.001  0.988  0.001  0.001  0.001  0.001  0.001  0.001  0.001  0.001  0.002  0.001	3
 18:	0.003  0.003  0.002  0.963  0.009  0.003  0.002  0.003  0.002  0.002  0.001  0.003  0.002  0.001	1
 19:	0.032  0.903  0.016  0.000  0.003  0.007  0.002  0.003  0.004  0.003  0.001  0.003  0.001  0.022	21
 20:	0.004  0.003  0.012  0.001  0.004  0.006  0.005  0.007  0.004  0.002  0.001  0.946  0.003  0.002	21
 21:	0.007  0.011  0.001  0.000  0.004  0.005  0.003  0.852  0.003  0.001  0.001  0.105  0.001  0.005	21
 22:	0.958  0.004  0.003  0.000  0.004  0.006  0.002  0.002  0.005  0.005  0.001  0.003  0.001  0.005	21
 23:	0.006  0.003  0.003  0.099  0.005  0.003  0.003  0.004  0.004  0.003  0.036  0.005  0.822  0.004	22
 24:	0.002  0.001  0.001  0.012  0.977  0.001  0.001  0.001  0.001  0.001  0.000  0.001  0.001  0.001	20
 25:	0.003  0.001  0.004  0.010  0.001  0.001  0.001  0.001  0.002  0.971  0.001  0.001  0.001  0.001	20

  1:	0.006  0.004  0.833  0.004  0.003  0.018  0.014  0.008  0.041  0.033  0.004  0.001  0.014  0.016	10
  2:	0.009  0.009  0.026  0.019  0.023  0.020  0.015  0.019  0.016  0.025  0.032  0.774  0.006  0.007	18
  3:	0.003  0.002  0.004  0.005  0.001  0.001  0.009  0.001  0.002  0.801  0.000  0.001  0.133  0.036	1
  4:	0.003  0.015  0.005  0.105  0.002  0.005  0.002  0.068  0.018  0.679  0.001  0.001  0.005  0.093	1
  5:	0.010  0.005  0.003  0.003  0.003  0.022  0.008  0.005  0.003  0.008  0.044  0.874  0.007  0.005	12
  6:	0.004  0.003  0.004  0.002  0.002  0.001  0.005  0.002  0.002  0.002  0.001  0.002  0.005  0.964	21
  7:	0.001  0.001  0.001  0.001  0.001  0.001  0.001  0.990  0.001  0.001  0.000  0.001  0.001  0.001	20
  8:	0.004  0.005  0.943  0.005  0.003  0.003  0.002  0.009  0.008  0.007  0.001  0.002  0.003  0.005	20
  9:	0.936  0.002  0.001  0.001  0.001  0.001  0.002  0.001  0.001  0.001  0.001  0.049  0.002  0.001	21
 10:	0.001  0.001  0.001  0.001  0.001  0.001  0.001  0.001  0.001  0.001  0.769  0.222  0.001  0.001	21
 11:	0.006  0.008  0.005  0.005  0.006  0.019  0.875  0.006  0.014  0.010  0.003  0.021  0.016  0.004	21
 12:	0.001  0.001  0.001  0.001  0.001  0.001  0.001  0.001  0.001  0.001  0.184  0.804  0.001  0.001	6
 13:	0.004  0.003  0.009  0.004  0.004  0.002  0.003  0.002  0.005  0.005  0.017  0.931  0.004  0.007	12
 14:	0.009  0.007  0.003  0.004  0.003  0.002  0.002  0.004  0.005  0.003  0.001  0.001  0.952  0.004	14
 15:	0.002  0.002  0.003  0.006  0.001  0.001  0.001  0.001  0.969  0.007  0.001  0.000  0.001  0.003	21
 16:	0.005  0.003  0.006  0.002  0.012  0.014  0.127  0.005  0.004  0.053  0.003  0.737  0.012  0.016	10
 17:	0.001  0.001  0.001  0.001  0.001  0.001  0.001  0.001  0.001  0.001  0.006  0.983  0.001  0.001	3
 18:	0.004  0.003  0.001  0.002  0.006  0.002  0.003  0.002  0.002  0.002  0.001  0.969  0.002  0.001	1
 19:	0.009  0.003  0.023  0.003  0.002  0.002  0.016  0.002  0.030  0.903  0.001  0.000  0.003  0.003	21
 20:	0.010  0.941  0.002  0.008  0.003  0.002  0.012  0.005  0.003  0.003  0.001  0.003  0.006  0.003	21
 21:	0.008  0.102  0.005  0.850  0.004  0.001  0.001  0.004  0.004  0.011  0.001  0.000  0.005  0.003	21
 22:	0.008  0.002  0.004  0.003  0.004  0.005  0.003  0.003  0.954  0.004  0.002  0.001  0.005  0.004	21
 23:	0.008  0.007  0.010  0.011  0.011  0.005  0.010  0.006  0.009  0.004  0.188  0.710  0.004  0.017	22
 24:	0.001  0.001  0.001  0.001  0.975  0.001  0.001  0.001  0.001  0.001  0.000  0.014  0.001  0.001	20
 25:	0.001  0.001  0.001  0.001  0.001  0.969  0.004  0.001  0.002  0.001  0.001  0.012  0.002  0.001	20

  1:	0.781  0.003  0.006  0.074  0.024  0.002  0.002  0.023  0.000  0.008  0.002  0.069  0.001  0.006	10
  2:	0.021  0.006  0.015  0.009  0.015  0.013  0.010  0.019  0.550  0.022  0.034  0.021  0.251  0.012	18
  3:	0.132  0.005  0.015  0.002  0.002  0.001  0.006  0.002  0.001  0.020  0.001  0.811  0.003  0.002	1
  4:	0.086  0.009  0.125  0.006  0.014  0.001  0.002  0.007  0.000  0.003  0.003  0.679  0.002  0.064	1
  5:	0.005  0.005  0.003  0.003  0.007  0.013  0.008  0.016  0.578  0.006  0.003  0.008  0.342  0.005	12
  6:	0.957  0.006  0.003  0.002  0.004  0.002  0.009  0.002  0.002  0.006  0.004  0.002  0.001  0.001	21
  7:	0.001  0.001  0.001  0.001  0.001  0.000  0.001  0.001  0.001  0.001  0.001  0.001  0.001  0.991	20
  8:	0.899  0.005  0.008  0.023  0.014  0.001  0.001  0.003  0.002  0.001  0.002  0.024  0.001  0.016	20
  9:	0.002  0.002  0.001  0.001  0.001  0.000  0.937  0.001  0.049  0.002  0.001  0.001  0.001  0.001	21
 10:	0.001  0.000  0.000  0.000  0.000  0.700  0.001  0.001  0.048  0.001  0.000  0.000  0.246  0.001	21
 11:	0.011  0.009  0.006  0.012  0.010  0.003  0.005  0.021  0.017  0.877  0.007  0.012  0.003  0.007	21
 12:	0.001  0.001  0.001  0.001  0.000  0.018  0.001  0.002  0.392  0.001  0.001  0.001  0.580  0.001	6
 13:	0.005  0.002  0.004  0.003  0.004  0.006  0.004  0.002  0.700  0.004  0.003  0.003  0.258  0.002	12
 14:	0.739  0.077  0.008  0.002  0.002  0.001  0.123  0.009  0.001  0.006  0.004  0.006  0.001  0.021	14
 15:	0.003  0.002  0.002  0.002  0.979  0.001  0.001  0.001  0.000  0.001  0.002  0.005  0.000  0.001	21
 16:	0.015  0.003  0.003  0.006  0.003  0.005  0.006  0.010  0.676  0.168  0.008  0.050  0.040  0.006	10
 17:	0.001  0.001  0.001  0.001  0.001  0.001  0.001  0.001  0.988  0.001  0.001  0.001  0.002  0.001	3
 18:	0.002  0.002  0.003  0.002  0.002  0.002  0.003  0.002  0.965  0.003  0.008  0.003  0.002  0.002	1
 19:	0.012  0.003  0.003  0.026  0.013  0.001  0.008  0.003  0.000  0.015  0.003  0.909  0.001  0.002	21
 20:	0.004  0.945  0.008  0.003  0.003  0.001  0.008  0.002  0.001  0.012  0.004  0.003  0.002  0.004	21
 21:	0.006  0.104  0.851  0.003  0.006  0.001  0.005  0.001  0.000  0.001  0.005  0.013  0.000  0.003	21
 22:	0.003  0.002  0.002  0.971  0.004  0.001  0.003  0.002  0.000  0.002  0.002  0.005  0.001  0.002	21
 23:	0.006  0.005  0.004  0.003  0.009  0.013  0.003  0.003  0.084  0.003  0.006  0.003  0.857  0.003	22
 24:	0.001  0.001  0.001  0.001  0.001  0.000  0.001  0.001  0.012  0.001  0.977  0.001  0.001  0.001	20
 25:	0.002  0.001  0.001  0.001  0.002  0.001  0.001  0.970  0.010  0.005  0.002  0.001  0.001  0.001	20

  1:	0.005  0.026  0.003  0.021  0.006  0.003  0.001  0.841  0.004  0.004  0.021  0.022  0.029  0.013	10
  2:	0.010  0.014  0.019  0.010  0.018  0.009  0.774  0.027  0.018  0.032  0.020  0.008  0.023  0.019	18
  3:	0.003  0.002  0.001  0.003  0.001  0.003  0.001  0.003  0.006  0.000  0.001  0.165  0.801  0.009	1
  4:	0.003  0.010  0.003  0.007  0.080  0.013  0.001  0.005  0.090  0.001  0.004  0.094  0.689  0.002	1
  5:	0.011  0.006  0.003  0.004  0.005  0.005  0.873  0.003  0.003  0.045  0.018  0.006  0.009  0.009	12
  6:	0.004  0.005  0.002  0.003  0.001  0.004  0.002  0.005  0.002  0.001  0.001  0.963  0.002  0.003	21
  7:	0.001  0.001  0.001  0.001  0.990  0.001  0.001  0.001  0.001  0.000  0.001  0.001  0.001  0.001	20
  8:	0.004  0.003  0.003  0.009  0.008  0.005  0.002  0.947  0.004  0.001  0.003  0.004  0.006  0.002	20
  9:	0.937  0.001  0.001  0.001  0.001  0.002  0.049  0.001  0.001  0.001  0.001  0.001  0.001  0.002	21
 10:	0.001  0.001  0.001  0.001  0.001  0.001  0.222  0.001  0.001  0.769  0.001  0.001  0.001  0.001	21
 11:	0.007  0.009  0.006  0.011  0.006  0.010  0.021  0.005  0.006  0.003  0.019  0.007  0.010  0.879	21
 12:	0.001  0.001  0.001  0.001  0.001  0.001  0.803  0.001  0.001  0.186  0.001  0.001  0.001  0.001	6
 13:	0.004  0.006  0.003  0.004  0.002  0.003  0.932  0.009  0.005  0.016  0.003  0.007  0.004  0.003	12
 14:	0.066  0.004  0.006  0.004  0.022  0.087  0.001  0.007  0.011  0.001  0.011  0.763  0.012  0.005	14
 15:	0.002  0.978  0.002  0.002  0.001  0.002  0.000  0.003  0.002  0.001  0.001  0.001  0.005  0.001	21
 16:	0.005  0.003  0.012  0.004  0.006  0.003  0.741  0.005  0.002  0.003  0.014  0.022  0.058  0.121	10
 17:	0.001  0.001  0.001  0.001  0.001  0.001  0.984  0.001  0.001  0.005  0.001  0.001  0.001  0.001	3
 18:	0.004  0.002  0.006  0.002  0.002  0.002  0.971  0.001  0.002  0.001  0.001  0.001  0.003  0.002	1
 19:	0.009  0.013  0.002  0.024  0.003  0.003  0.000  0.024  0.003  0.001  0.003  0.004  0.895  0.015	21
 20:	0.010  0.002  0.004  0.002  0.005  0.943  0.003  0.002  0.008  0.001  0.002  0.003  0.003  0.011	21
 21:	0.008  0.006  0.004  0.003  0.004  0.104  0.000  0.005  0.850  0.001  0.001  0.003  0.010  0.001	21
 22:	0.004  0.003  0.002  0.971  0.002  0.002  0.000  0.002  0.002  0.001  0.003  0.002  0.005  0.002	21
 23:	0.007  0.017  0.012  0.007  0.006  0.007  0.708  0.010  0.010  0.191  0.005  0.009  0.003  0.008	22
 24:	0.002  0.001  0.975  0.001  0.001  0.001  0.014  0.001  0.001  0.000  0.001  0.001  0.001  0.001	20
 25:	0.001  0.002  0.001  0.002  0.001  0.001  0.012  0.001  0.001  0.001  0.969  0.001  0.001  0.004	20

  1:	0.027  0.020  0.032  0.041  0.004  0.839  0.004  0.005  0.002  0.014  0.003  0.000  0.003  0.006	10
  2:	0.011  0.020  0.024  0.015  0.029  0.024  0.007  0.014  0.268  0.024  0.009  0.531  0.011  0.011	18
  3:	0.183  0.001  0.791  0.002  0.002  0.005  0.002  0.004  0.002  0.003  0.002  0.000  0.000  0.001	1
  4:	0.113  0.004  0.672  0.012  0.002  0.011  0.009  0.099  0.002  0.002  0.002  0.000  0.001  0.070	1
  5:	0.006  0.014  0.012  0.003  0.003  0.004  0.005  0.002  0.362  0.007  0.007  0.560  0.011  0.004	12
  6:	0.967  0.002  0.002  0.005  0.002  0.005  0.003  0.002  0.001  0.003  0.003  0.002  0.002  0.001	21
  7:	0.001  0.001  0.001  0.001  0.001  0.001  0.001  0.001  0.001  0.001  0.001  0.001  0.000  0.991	20
  8:	0.006  0.003  0.007  0.009  0.003  0.947  0.006  0.005  0.001  0.001  0.003  0.002  0.001  0.008	20
  9:	0.002  0.001  0.001  0.001  0.001  0.001  0.002  0.001  0.001  0.002  0.937  0.048  0.001  0.001	21
 10:	0.001  0.001  0.000  0.000  0.001  0.000  0.000  0.000  0.250  0.001  0.001  0.045  0.699  0.001	21
 11:	0.011  0.019  0.013  0.017  0.008  0.006  0.013  0.006  0.003  0.874  0.005  0.017  0.003  0.006	21
 12:	0.001  0.002  0.001  0.001  0.000  0.001  0.001  0.001  0.588  0.001  0.001  0.383  0.019  0.001	6
 13:	0.005  0.002  0.003  0.003  0.003  0.005  0.003  0.004  0.273  0.004  0.005  0.683  0.006  0.002	12
 14:	0.774  0.012  0.015  0.005  0.006  0.006  0.080  0.012  0.001  0.005  0.060  0.001  0.001  0.022	14
 15:	0.004  0.001  0.008  0.968  0.001  0.004  0.002  0.007  0.000  0.001  0.001  0.000  0.001  0.002	21
 16:	0.026  0.012  0.050  0.004  0.007  0.007  0.003  0.003  0.048  0.163  0.005  0.661  0.004  0.007	10
 17:	0.001  0.001  0.001  0.001  0.001  0.001  0.001  0.001  0.002  0.001  0.001  0.988  0.001  0.001	3
 18:	0.003  0.002  0.003  0.003  0.010  0.001  0.003  0.003  0.002  0.003  0.003  0.960  0.002  0.002	1
 19:	0.006  0.002  0.904  0.031  0.003  0.023  0.004  0.003  0.001  0.015  0.007  0.000  0.001  0.002	21
 20:	0.005  0.002  0.003  0.003  0.004  0.002  0.944  0.008  0.002  0.013  0.008  0.001  0.001  0.005	21
 21:	0.005  0.001  0.011  0.004  0.004  0.006  0.104  0.853  0.000  0.001  0.005  0.000  0.001  0.004	21
 22:	0.007  0.004  0.004  0.957  0.004  0.005  0.003  0.003  0.002  0.003  0.005  0.000  0.001  0.003	21
 23:	0.006  0.003  0.003  0.004  0.005  0.004  0.005  0.004  0.902  0.003  0.003  0.053  0.006  0.002	22
 24:	0.001  0.001  0.001  0.001  0.977  0.001  0.001  0.001  0.001  0.001  0.001  0.012  0.000  0.001	20
 25:	0.002  0.970  0.002  0.002  0.001  0.001  0.001  0.001  0.001  0.005  0.001  0.010  0.001  0.001	20

  1:	0.006  0.004  0.007  0.028  0.003  0.003  0.020  0.014  0.001  0.839  0.029  0.003  0.018  0.023	10
  2:	0.020  0.009  0.016  0.027  0.032  0.021  0.009  0.019  0.775  0.025  0.015  0.008  0.018  0.006	18
  3:	0.008  0.004  0.002  0.805  0.001  0.001  0.004  0.006  0.001  0.004  0.003  0.002  0.001  0.157	1
  4:	0.116  0.015  0.069  0.679  0.001  0.003  0.004  0.002  0.001  0.010  0.015  0.001  0.006  0.080	1
  5:	0.004  0.005  0.006  0.012  0.043  0.003  0.004  0.010  0.875  0.003  0.006  0.009  0.014  0.006	12
  6:	0.003  0.003  0.001  0.002  0.001  0.002  0.003  0.004  0.002  0.004  0.006  0.003  0.001  0.963	21
  7:	0.001  0.001  0.990  0.001  0.000  0.001  0.001  0.001  0.001  0.001  0.001  0.001  0.001  0.001	20
  8:	0.006  0.006  0.007  0.007  0.001  0.002  0.010  0.001  0.002  0.946  0.004  0.003  0.002  0.004	20
  9:	0.002  0.002  0.001  0.001  0.001  0.001  0.001  0.002  0.049  0.001  0.001  0.936  0.001  0.001	21
 10:	0.001  0.001  0.001  0.001  0.769  0.001  0.001  0.001  0.223  0.001  0.001  0.001  0.001  0.001	21
 11:	0.008  0.010  0.006  0.010  0.003  0.006  0.012  0.879  0.021  0.005  0.008  0.005  0.018  0.007	21
 12:	0.001  0.001  0.001  0.001  0.182  0.001  0.001  0.001  0.806  0.001  0.001  0.001  0.002  0.001	6
 13:	0.006  0.003  0.002  0.005  0.016  0.004  0.003  0.003  0.932  0.009  0.007  0.003  0.002  0.007	12
 14:	0.014  0.075  0.022  0.016  0.001  0.006  0.005  0.005  0.001  0.006  0.004  0.058  0.012  0.774	14
 15:	0.003  0.001  0.001  0.005  0.001  0.002  0.002  0.001  0.000  0.002  0.977  0.001  0.001  0.001	21
 16:	0.003  0.003  0.006  0.054  0.003  0.012  0.004  0.127  0.738  0.005  0.003  0.004  0.013  0.024	10
 17:	0.001  0.001  0.001  0.001  0.005  0.001  0.001  0.001  0.984  0.001  0.001  0.001  0.001  0.001	3
 18:	0.003  0.002  0.002  0.002  0.001  0.006  0.002  0.002  0.970  0.002  0.002  0.003  0.002  0.002	1
 19:	0.005  0.003  0.003  0.898  0.001  0.003  0.024  0.015  0.000  0.022  0.013  0.007  0.003  0.004	21
 20:	0.010  0.941  0.005  0.003  0.001  0.005  0.002  0.011  0.003  0.002  0.003  0.008  0.002  0.004	21
 21:	0.854  0.101  0.004  0.011  0.001  0.005  0.003  0.001  0.000  0.005  0.006  0.005  0.001  0.003	21
 22:	0.003  0.002  0.002  0.004  0.001  0.002  0.970  0.002  0.000  0.002  0.003  0.002  0.003  0.002	21
 23:	0.015  0.007  0.006  0.003  0.184  0.010  0.007  0.009  0.714  0.010  0.016  0.005  0.005  0.010	22
 24:	0.001  0.001  0.001  0.001  0.000  0.975  0.001  0.001  0.013  0.001  0.001  0.001  0.001  0.001	20
 25:	0.001  0.002  0.001  0.002  0.001  0.002  0.002  0.005  0.012  0.001  0.002  0.001  0.968  0.001	20

  1:	0.040  0.011  0.008  0.001  0.000  0.028  0.003  0.003  0.003  0.006  0.002  0.002  0.004  0.889	10
  2:	0.010  0.016  0.009  0.026  0.451  0.019  0.025  0.005  0.009  0.011  0.373  0.011  0.010  0.025	18
  3:	0.166  0.002  0.001  0.039  0.001  0.156  0.002  0.103  0.006  0.018  0.001  0.001  0.008  0.495	1
  4:	0.081  0.009  0.029  0.048  0.000  0.407  0.004  0.109  0.003  0.003  0.001  0.001  0.070  0.234	1
  5:	0.006  0.016  0.005  0.078  0.538  0.005  0.004  0.005  0.008  0.006  0.316  0.009  0.002  0.004	12
  6:	0.971  0.001  0.001  0.000  0.002  0.005  0.002  0.003  0.003  0.002  0.001  0.001  0.002  0.004	21
  7:	0.001  0.001  0.990  0.000  0.001  0.001  0.001  0.001  0.001  0.001  0.001  0.000  0.001  0.001	20
  8:	0.009  0.002  0.005  0.003  0.001  0.010  0.002  0.005  0.003  0.001  0.001  0.001  0.006  0.952	20
  9:	0.002  0.001  0.001  0.001  0.048  0.001  0.001  0.002  0.937  0.002  0.001  0.000  0.001  0.001	21
 10:	0.001  0.001  0.001  0.247  0.044  0.000  0.000  0.000  0.001  0.001  0.006  0.697  0.000  0.000	21
 11:	0.012  0.020  0.007  0.001  0.017  0.021  0.007  0.011  0.005  0.876  0.004  0.003  0.007  0.008	21
 12:	0.002  0.003  0.001  0.513  0.413  0.001  0.001  0.001  0.001  0.002  0.048  0.013  0.001  0.001	6
 13:	0.006  0.002  0.002  0.072  0.675  0.004  0.003  0.003  0.005  0.003  0.209  0.006  0.004  0.005	12
 14:	0.778  0.012  0.023  0.001  0.001  0.005  0.007  0.080  0.062  0.005  0.001  0.001  0.011  0.013	14
 15:	0.003  0.001  0.002  0.000  0.000  0.975  0.001  0.002  0.001  0.001  0.000  0.001  0.007  0.004	21
 16:	0.042  0.015  0.008  0.002  0.581  0.012  0.007  0.003  0.004  0.136  0.173  0.005  0.003  0.009	10
 17:	0.001  0.001  0.001  0.003  0.986  0.001  0.001  0.001  0.001  0.001  0.001  0.001  0.001  0.001	3
 18:	0.003  0.002  0.002  0.002  0.952  0.002  0.010  0.002  0.003  0.003  0.012  0.001  0.002  0.002	1
 19:	0.007  0.006  0.004  0.001  0.000  0.329  0.009  0.013  0.012  0.044  0.001  0.002  0.003  0.568	21
 20:	0.006  0.002  0.005  0.001  0.001  0.003  0.004  0.947  0.007  0.010  0.005  0.001  0.008  0.002	21
 21:	0.005  0.001  0.004  0.000  0.000  0.005  0.005  0.106  0.008  0.001  0.001  0.001  0.857  0.008	21
 22:	0.009  0.005  0.003  0.001  0.000  0.953  0.004  0.003  0.008  0.002  0.002  0.001  0.003  0.004	21
 23:	0.004  0.002  0.002  0.135  0.041  0.002  0.003  0.003  0.003  0.002  0.792  0.007  0.002  0.002	22
 24:	0.002  0.001  0.001  0.001  0.010  0.001  0.976  0.001  0.001  0.001  0.003  0.000  0.001  0.001	20
 25:	0.002  0.968  0.001  0.001  0.008  0.002  0.002  0.001  0.001  0.005  0.006  0.001  0.001  0.001	20

  1:	0.845  0.027  0.007  0.003  0.004  0.014  0.004  0.001  0.020  0.017  0.032  0.003  0.004  0.018	10
  2:	0.030  0.015  0.018  0.029  0.017  0.017  0.009  0.776  0.010  0.018  0.026  0.020  0.008  0.007	18
  3:	0.005  0.002  0.001  0.000  0.005  0.007  0.002  0.001  0.003  0.001  0.806  0.001  0.002  0.163	1
  4:	0.017  0.017  0.091  0.001  0.092  0.002  0.001  0.001  0.005  0.003  0.689  0.003  0.014  0.063	1
  5:	0.004  0.006  0.005  0.041  0.003  0.009  0.009  0.877  0.004  0.017  0.010  0.003  0.006  0.006	12
  6:	0.007  0.006  0.001  0.001  0.002  0.003  0.003  0.002  0.003  0.001  0.003  0.002  0.004  0.961	21
  7:	0.001  0.001  0.990  0.000  0.001  0.001  0.001  0.001  0.001  0.001  0.001  0.001  0.001  0.001	20
  8:	0.948  0.003  0.007  0.001  0.004  0.001  0.002  0.002  0.009  0.003  0.007  0.002  0.006  0.004	20
  9:	0.002  0.001  0.001  0.001  0.001  0.002  0.936  0.049  0.001  0.001  0.001  0.001  0.002  0.001	21
 10:	0.001  0.001  0.001  0.768  0.001  0.001  0.001  0.223  0.001  0.001  0.001  0.001  0.001  0.001	21
 11:	0.008  0.009  0.006  0.003  0.006  0.877  0.005  0.021  0.012  0.019  0.011  0.007  0.009  0.007	21
 12:	0.002  0.001  0.001  0.182  0.001  0.001  0.001  0.806  0.001  0.002  0.001  0.001  0.001  0.001	6
 13:	0.010  0.007  0.002  0.015  0.005  0.003  0.003  0.932  0.004  0.003  0.005  0.003  0.002  0.006	12
 14:	0.009  0.003  0.024  0.001  0.011  0.006  0.061  0.001  0.005  0.010  0.015  0.006  0.078  0.769	14
 15:	0.003  0.978  0.001  0.001  0.002  0.001  0.001  0.000  0.002  0.001  0.004  0.001  0.001  0.001	21
 16:	0.007  0.003  0.005  0.003  0.003  0.125  0.005  0.740  0.004  0.014  0.054  0.013  0.004  0.022	10
 17:	0.001  0.001  0.001  0.005  0.001  0.001  0.001  0.984  0.001  0.001  0.001  0.001  0.001  0.001	3
 18:	0.002  0.002  0.002  0.001  0.002  0.002  0.003  0.971  0.002  0.001  0.003  0.005  0.003  0.002	1
 19:	0.026  0.015  0.003  0.001  0.003  0.015  0.008  0.000  0.023  0.003  0.894  0.002  0.004  0.003	21
 20:	0.003  0.003  0.005  0.001  0.008  0.012  0.007  0.003  0.002  0.002  0.003  0.004  0.944  0.004	21
 21:	0.007  0.005  0.004  0.001  0.851  0.001  0.005  0.000  0.003  0.001  0.012  0.004  0.102  0.003	21
 22:	0.003  0.003  0.002  0.001  0.002  0.002  0.003  0.000  0.971  0.003  0.004  0.002  0.002  0.002	21
 23:	0.013  0.015  0.006  0.180  0.012  0.011  0.005  0.716  0.007  0.005  0.003  0.011  0.007  0.010	22
 24:	0.001  0.001  0.001  0.000  0.001  0.001  0.001  0.013  0.001  0.001  0.001  0.975  0.001  0.001	20
 25:	0.002  0.002  0.001  0.001  0.001  0.005  0.001  0.012  0.002  0.968  0.002  0.001  0.001  0.001	20

