  1:	0.982  0.001  0.017	10
  2:	0.082  0.857  0.060	18
  3:	0.962  0.032  0.005	1
  4:	0.963  0.027  0.010	1
  5:	0.020  0.961  0.019	12
  6:	0.981  0.006  0.013	21
  7:	0.016  0.001  0.983	20
  8:	0.986  0.004  0.011	20
  9:	0.940  0.054  0.006	21
 10:	0.008  0.746  0.246	21
 11:	0.094  0.082  0.824	21
 12:	0.004  0.990  0.006	6
 13:	0.012  0.985  0.004	12
 14:	0.906  0.002  0.092	14
 15:	0.994  0.001  0.005	21
 16:	0.035  0.841  0.123	10
 17:	0.002  0.996  0.002	3
 18:	0.004  0.994  0.002	1
 19:	0.961  0.003  0.036	21
 20:	0.748  0.005  0.248	21
 21:	0.967  0.001  0.031	21
 22:	0.989  0.003  0.008	21
 23:	0.032  0.938  0.030	22
 24:	0.944  0.038  0.018	20
 25:	0.011  0.018  0.971	20

  1:	0.981  0.017  0.002	10
  2:	0.085  0.054  0.861	18
  3:	0.967  0.004  0.028	1
  4:	0.954  0.021  0.025	1
  5:	0.028  0.010  0.962	12
  6:	0.968  0.025  0.007	21
  7:	0.005  0.993  0.002	20
  8:	0.957  0.039  0.004	20
  9:	0.922  0.022  0.056	21
 10:	0.122  0.038  0.841	21
 11:	0.744  0.036  0.220	21
 12:	0.004  0.003  0.993	6
 13:	0.014  0.009  0.977	12
 14:	0.931  0.065  0.004	14
 15:	0.994  0.004  0.001	21
 16:	0.088  0.029  0.884	10
 17:	0.002  0.002  0.995	3
 18:	0.005  0.006  0.989	1
 19:	0.959  0.037  0.004	21
 20:	0.669  0.326  0.005	21
 21:	0.771  0.227  0.002	21
 22:	0.992  0.005  0.003	21
 23:	0.025  0.035  0.940	22
 24:	0.007  0.974  0.019	20
 25:	0.832  0.010  0.158	20

  1:	0.020  0.002  0.978	10
  2:	0.056  0.861  0.084	18
  3:	0.005  0.029  0.966	1
  4:	0.030  0.024  0.945	1
  5:	0.010  0.962  0.027	12
  6:	0.028  0.007  0.964	21
  7:	0.993  0.002  0.004	20
  8:	0.045  0.005  0.951	20
  9:	0.024  0.056  0.920	21
 10:	0.044  0.841  0.116	21
 11:	0.038  0.221  0.742	21
 12:	0.003  0.993  0.004	6
 13:	0.009  0.977  0.014	12
 14:	0.073  0.004  0.923	14
 15:	0.005  0.001  0.993	21
 16:	0.034  0.881  0.085	10
 17:	0.003  0.995  0.002	3
 18:	0.007  0.988  0.005	1
 19:	0.040  0.005  0.956	21
 20:	0.331  0.005  0.664	21
 21:	0.233  0.002  0.765	21
 22:	0.006  0.003  0.991	21
 23:	0.036  0.939  0.025	22
 24:	0.974  0.020  0.006	20
 25:	0.011  0.159  0.830	20

  1:	0.976  0.022  0.001	10
  2:	0.071  0.070  0.860	18
  3:	0.965  0.005  0.030	1
  4:	0.967  0.009  0.024	1
  5:	0.016  0.022  0.963	12
  6:	0.966  0.027  0.007	21
  7:	0.010  0.989  0.001	20
  8:	0.977  0.019  0.004	20
  9:	0.940  0.006  0.055	21
 10:	0.031  0.177  0.792	21
 11:	0.043  0.871  0.086	21
 12:	0.003  0.004  0.993	6
 13:	0.011  0.005  0.984	12
 14:	0.868  0.129  0.002	14
 15:	0.995  0.004  0.001	21
 16:	0.058  0.087  0.855	10
 17:	0.002  0.002  0.996	3
 18:	0.004  0.003  0.993	1
 19:	0.929  0.069  0.003	21
 20:	0.632  0.364  0.003	21
 21:	0.946  0.052  0.002	21
 22:	0.991  0.006  0.003	21
 23:	0.027  0.031  0.942	22
 24:	0.022  0.961  0.016	20
 25:	0.014  0.965  0.021	20

  1:	0.981  0.017  0.002	10
  2:	0.084  0.054  0.862	18
  3:	0.968  0.004  0.028	1
  4:	0.954  0.021  0.025	1
  5:	0.027  0.009  0.963	12
  6:	0.969  0.024  0.007	21
  7:	0.005  0.993  0.002	20
  8:	0.956  0.040  0.004	20
  9:	0.924  0.021  0.055	21
 10:	0.117  0.042  0.842	21
 11:	0.746  0.033  0.220	21
 12:	0.004  0.003  0.993	6
 13:	0.014  0.008  0.978	12
 14:	0.933  0.063  0.004	14
 15:	0.994  0.004  0.001	21
 16:	0.087  0.030  0.883	10
 17:	0.002  0.002  0.995	3
 18:	0.004  0.005  0.991	1
 19:	0.961  0.035  0.004	21
 20:	0.674  0.321  0.005	21
 21:	0.774  0.225  0.002	21
 22:	0.992  0.005  0.003	21
 23:	0.025  0.034  0.941	22
 24:	0.007  0.974  0.019	20
 25:	0.832  0.009  0.158	20

  1:	0.989  0.001  0.011	10
  2:	0.084  0.862  0.054	18
  3:	0.961  0.034  0.005	1
  4:	0.966  0.029  0.005	1
  5:	0.007  0.961  0.032	12
  6:	0.986  0.005  0.010	21
  7:	0.992  0.004  0.003	20
  8:	0.992  0.004  0.005	20
  9:	0.944  0.052  0.003	21
 10:	0.015  0.750  0.235	21
 11:	0.278  0.065  0.656	21
 12:	0.003  0.990  0.007	6
 13:	0.009  0.988  0.003	12
 14:	0.977  0.002  0.021	14
 15:	0.995  0.001  0.004	21
 16:	0.045  0.842  0.112	10
 17:	0.002  0.997  0.001	3
 18:	0.003  0.995  0.002	1
 19:	0.965  0.002  0.033	21
 20:	0.986  0.005  0.009	21
 21:	0.996  0.001  0.003	21
 22:	0.982  0.002  0.016	21
 23:	0.030  0.953  0.018	22
 24:	0.962  0.033  0.005	20
 25:	0.004  0.010  0.985	20

  1:	0.019  0.980  0.002	10
  2:	0.056  0.085  0.859	18
  3:	0.006  0.966  0.029	1
  4:	0.029  0.946  0.025	1
  5:	0.010  0.027  0.962	12
  6:	0.028  0.965  0.007	21
  7:	0.993  0.004  0.002	20
  8:	0.043  0.952  0.004	20
  9:	0.024  0.920  0.056	21
 10:	0.044  0.115  0.841	21
 11:	0.039  0.741  0.220	21
 12:	0.003  0.004  0.993	6
 13:	0.010  0.013  0.977	12
 14:	0.070  0.926  0.004	14
 15:	0.005  0.993  0.001	21
 16:	0.032  0.087  0.881	10
 17:	0.003  0.002  0.995	3
 18:	0.007  0.005  0.989	1
 19:	0.039  0.957  0.004	21
 20:	0.331  0.664  0.005	21
 21:	0.231  0.767  0.002	21
 22:	0.006  0.991  0.003	21
 23:	0.036  0.026  0.939	22
 24:	0.974  0.007  0.020	20
 25:	0.011  0.830  0.159	20

  1:	0.019  0.979  0.002	10
  2:	0.055  0.084  0.860	18
  3:	0.006  0.965  0.030	1
  4:	0.028  0.946  0.026	1
  5:	0.010  0.027  0.962	12
  6:	0.028  0.965  0.007	21
  7:	0.993  0.005  0.002	20
  8:	0.044  0.952  0.004	20
  9:	0.023  0.921  0.056	21
 10:	0.042  0.117  0.840	21
 11:	0.037  0.743  0.220	21
 12:	0.003  0.004  0.993	6
 13:	0.009  0.014  0.977	12
 14:	0.069  0.927  0.004	14
 15:	0.005  0.993  0.001	21
 16:	0.033  0.087  0.880	10
 17:	0.002  0.002  0.995	3
 18:	0.006  0.005  0.989	1
 19:	0.040  0.956  0.005	21
 20:	0.329  0.665  0.005	21
 21:	0.231  0.767  0.002	21
 22:	0.006  0.991  0.003	21
 23:	0.036  0.025  0.939	22
 24:	0.974  0.006  0.020	20
 25:	0.011  0.830  0.159	20

  1:	0.001  0.010  0.988	10
  2:	0.863  0.055  0.083	18
  3:	0.036  0.005  0.959	1
  4:	0.031  0.007  0.962	1
  5:	0.961  0.032  0.006	12
  6:	0.005  0.010  0.984	21
  7:	0.005  0.004  0.992	20
  8:	0.004  0.005  0.991	20
  9:	0.053  0.003  0.943	21
 10:	0.747  0.242  0.011	21
 11:	0.067  0.662  0.271	21
 12:	0.991  0.006  0.002	6
 13:	0.989  0.003  0.008	12
 14:	0.002  0.023  0.975	14
 15:	0.001  0.005  0.994	21
 16:	0.842  0.114  0.043	10
 17:	0.997  0.002  0.001	3
 18:	0.995  0.002  0.003	1
 19:	0.002  0.035  0.963	21
 20:	0.005  0.010  0.985	21
 21:	0.001  0.003  0.996	21
 22:	0.003  0.017  0.981	21
 23:	0.952  0.019  0.029	22
 24:	0.035  0.005  0.960	20
 25:	0.011  0.986  0.004	20

  1:	0.983  0.002  0.015	10
  2:	0.083  0.863  0.054	18
  3:	0.968  0.027  0.005	1
  4:	0.959  0.023  0.018	1
  5:	0.027  0.964  0.009	12
  6:	0.970  0.007  0.023	21
  7:	0.005  0.002  0.993	20
  8:	0.958  0.004  0.037	20
  9:	0.926  0.055  0.019	21
 10:	0.118  0.843  0.039	21
 11:	0.749  0.221  0.030	21
 12:	0.004  0.993  0.002	6
 13:	0.014  0.978  0.008	12
 14:	0.936  0.004  0.061	14
 15:	0.994  0.001  0.004	21
 16:	0.087  0.885  0.028	10
 17:	0.002  0.995  0.002	3
 18:	0.005  0.990  0.005	1
 19:	0.960  0.004  0.035	21
 20:	0.679  0.005  0.315	21
 21:	0.776  0.002  0.222	21
 22:	0.992  0.003  0.005	21
 23:	0.025  0.942  0.032	22
 24:	0.007  0.020  0.974	20
 25:	0.833  0.159  0.009	20

