  1:	0.905  0.003  0.042  0.022  0.027	10
  2:	0.056  0.841  0.035  0.025  0.043	18
  3:	0.784  0.037  0.165  0.003  0.011	1
  4:	0.816  0.025  0.050  0.103  0.007	1
  5:	0.007  0.948  0.008  0.007  0.030	12
  6:	0.051  0.004  0.922  0.007  0.017	21
  7:	0.002  0.001  0.001  0.995  0.001	20
  8:	0.922  0.004  0.038  0.029  0.006	20
  9:	0.009  0.050  0.933  0.004  0.004	21
 10:	0.012  0.753  0.007  0.016  0.211	21
 11:	0.081  0.064  0.116  0.055  0.685	21
 12:	0.003  0.986  0.003  0.002  0.006	6
 13:	0.013  0.974  0.006  0.003  0.003	12
 14:	0.016  0.002  0.911  0.028  0.043	14
 15:	0.991  0.001  0.003  0.003  0.002	21
 16:	0.045  0.820  0.019  0.014  0.101	10
 17:	0.002  0.993  0.002  0.002  0.002	3
 18:	0.003  0.988  0.004  0.002  0.002	1
 19:	0.902  0.003  0.042  0.016  0.037	21
 20:	0.065  0.004  0.596  0.317  0.018	21
 21:	0.333  0.001  0.568  0.093  0.004	21
 22:	0.978  0.002  0.010  0.003  0.007	21
 23:	0.021  0.929  0.022  0.013  0.015	22
 24:	0.006  0.024  0.960  0.006  0.003	20
 25:	0.005  0.010  0.003  0.002  0.980	20

  1:	0.001  0.010  0.008  0.979  0.002	10
  2:	0.811  0.046  0.051  0.056  0.036	18
  3:	0.033  0.002  0.004  0.960  0.001	1
  4:	0.029  0.008  0.006  0.957  0.001	1
  5:	0.906  0.006  0.036  0.007  0.045	12
  6:	0.005  0.013  0.010  0.969  0.002	21
  7:	0.001  0.994  0.002  0.002  0.001	20
  8:	0.004  0.019  0.004  0.972  0.001	20
  9:	0.053  0.005  0.002  0.938  0.002	21
 10:	0.224  0.001  0.001  0.001  0.772	21
 11:	0.050  0.151  0.669  0.112  0.018	21
 12:	0.824  0.001  0.002  0.001  0.172	6
 13:	0.963  0.004  0.004  0.008  0.020	12
 14:	0.003  0.033  0.024  0.938  0.002	14
 15:	0.001  0.002  0.003  0.993  0.001	21
 16:	0.816  0.021  0.107  0.050  0.006	10
 17:	0.994  0.001  0.001  0.001  0.003	3
 18:	0.991  0.003  0.002  0.002  0.001	1
 19:	0.002  0.024  0.030  0.942  0.002	21
 20:	0.004  0.291  0.009  0.693  0.003	21
 21:	0.001  0.126  0.002  0.869  0.001	21
 22:	0.001  0.003  0.007  0.986  0.003	21
 23:	0.747  0.023  0.010  0.021  0.199	22
 24:	0.017  0.977  0.002  0.003  0.001	20
 25:	0.010  0.002  0.984  0.003  0.001	20

  1:	0.009  0.001  0.009  0.005  0.976	10
  2:	0.025  0.851  0.039  0.041  0.043	18
  3:	0.002  0.022  0.005  0.002  0.968	1
  4:	0.014  0.017  0.005  0.004  0.960	1
  5:	0.007  0.954  0.029  0.005  0.005	12
  6:	0.007  0.006  0.011  0.015  0.962	21
  7:	0.996  0.001  0.001  0.001  0.001	20
  8:	0.022  0.004  0.004  0.006  0.964	20
  9:	0.008  0.053  0.003  0.003  0.933	21
 10:	0.017  0.753  0.217  0.003  0.010	21
 11:	0.073  0.059  0.705  0.039  0.124	21
 12:	0.002  0.989  0.006  0.001  0.002	6
 13:	0.003  0.981  0.003  0.007  0.007	12
 14:	0.042  0.002  0.021  0.011  0.923	14
 15:	0.003  0.001  0.003  0.002  0.992	21
 16:	0.014  0.821  0.101  0.024  0.041	10
 17:	0.001  0.995  0.001  0.001  0.001	3
 18:	0.002  0.988  0.002  0.007  0.002	1
 19:	0.012  0.001  0.030  0.018  0.938	21
 20:	0.248  0.005  0.012  0.011  0.724	21
 21:	0.068  0.001  0.003  0.018  0.909	21
 22:	0.003  0.002  0.009  0.003  0.983	21
 23:	0.013  0.939  0.014  0.017  0.018	22
 24:	0.002  0.013  0.001  0.982  0.002	20
 25:	0.003  0.010  0.982  0.003  0.003	20

  1:	0.058  0.889  0.028  0.002  0.023	10
  2:	0.023  0.054  0.041  0.845  0.037	18
  3:	0.228  0.735  0.006  0.029  0.002	1
  4:	0.200  0.734  0.007  0.023  0.036	1
  5:	0.009  0.007  0.029  0.949  0.006	12
  6:	0.936  0.030  0.015  0.004  0.015	21
  7:	0.004  0.002  0.002  0.002  0.990	20
  8:	0.037  0.917  0.007  0.004  0.034	20
  9:	0.940  0.004  0.003  0.050  0.003	21
 10:	0.010  0.009  0.225  0.747  0.008	21
 11:	0.087  0.067  0.693  0.062  0.092	21
 12:	0.003  0.002  0.006  0.986  0.002	6
 13:	0.007  0.011  0.003  0.974  0.005	12
 14:	0.927  0.013  0.029  0.002  0.028	14
 15:	0.004  0.990  0.002  0.001  0.002	21
 16:	0.020  0.037  0.107  0.817  0.019	10
 17:	0.002  0.002  0.002  0.993  0.002	3
 18:	0.004  0.003  0.002  0.987  0.004	1
 19:	0.026  0.890  0.040  0.003  0.042	21
 20:	0.534  0.039  0.018  0.004  0.405	21
 21:	0.447  0.322  0.004  0.001  0.226	21
 22:	0.011  0.976  0.007  0.002  0.004	21
 23:	0.017  0.018  0.015  0.928  0.022	22
 24:	0.004  0.004  0.002  0.018  0.972	20
 25:	0.003  0.004  0.980  0.010  0.003	20

  1:	0.002  0.020  0.028  0.943  0.007	10
  2:	0.860  0.024  0.019  0.055  0.043	18
  3:	0.027  0.003  0.171  0.796  0.004	1
  4:	0.011  0.073  0.128  0.784  0.004	1
  5:	0.960  0.006  0.007  0.022  0.005	12
  6:	0.005  0.008  0.946  0.031  0.010	21
  7:	0.002  0.995  0.001  0.001  0.001	20
  8:	0.004  0.028  0.045  0.911  0.012	20
  9:	0.051  0.002  0.941  0.003  0.002	21
 10:	0.844  0.048  0.026  0.077  0.004	21
 11:	0.210  0.031  0.069  0.676  0.014	21
 12:	0.992  0.002  0.002  0.002  0.001	6
 13:	0.976  0.003  0.006  0.007  0.009	12
 14:	0.003  0.026  0.945  0.018  0.009	14
 15:	0.001  0.003  0.008  0.986  0.002	21
 16:	0.866  0.015  0.013  0.080  0.027	10
 17:	0.994  0.001  0.001  0.001  0.002	3
 18:	0.985  0.002  0.003  0.002  0.008	1
 19:	0.003  0.012  0.017  0.947  0.021	21
 20:	0.006  0.316  0.613  0.053  0.012	21
 21:	0.001  0.137  0.634  0.200  0.027	21
 22:	0.002  0.002  0.012  0.980  0.003	21
 23:	0.945  0.011  0.014  0.013  0.016	22
 24:	0.014  0.002  0.002  0.002  0.980	20
 25:	0.077  0.004  0.004  0.911  0.004	20

  1:	0.001  0.005  0.008  0.978  0.008	10
  2:	0.854  0.043  0.023  0.041  0.039	18
  3:	0.025  0.003  0.002  0.968  0.003	1
  4:	0.019  0.003  0.011  0.962  0.005	1
  5:	0.956  0.005  0.006  0.005  0.028	12
  6:	0.006  0.014  0.006  0.965  0.009	21
  7:	0.001  0.001  0.996  0.001  0.001	20
  8:	0.004  0.006  0.017  0.970  0.003	20
  9:	0.054  0.003  0.006  0.935  0.002	21
 10:	0.747  0.003  0.010  0.007  0.234	21
 11:	0.061  0.038  0.061  0.127  0.714	21
 12:	0.990  0.001  0.001  0.002  0.005	6
 13:	0.981  0.007  0.002  0.007  0.003	12
 14:	0.003  0.010  0.036  0.931  0.020	14
 15:	0.001  0.002  0.002  0.992  0.003	21
 16:	0.824  0.023  0.012  0.041  0.100	10
 17:	0.995  0.001  0.001  0.001  0.001	3
 18:	0.989  0.006  0.002  0.002  0.001	1
 19:	0.002  0.018  0.010  0.943  0.028	21
 20:	0.006  0.010  0.238  0.736  0.011	21
 21:	0.002  0.017  0.061  0.918  0.003	21
 22:	0.002  0.003  0.002  0.984  0.009	21
 23:	0.942  0.017  0.010  0.017  0.013	22
 24:	0.013  0.982  0.001  0.002  0.001	20
 25:	0.010  0.003  0.002  0.003  0.983	20

  1:	0.003  0.038  0.047  0.021  0.892	10
  2:	0.851  0.053  0.018  0.025  0.053	18
  3:	0.032  0.010  0.200  0.002  0.756	1
  4:	0.023  0.010  0.096  0.083  0.788	1
  5:	0.954  0.026  0.007  0.006  0.006	12
  6:	0.005  0.020  0.942  0.008  0.026	21
  7:	0.002  0.001  0.001  0.995  0.001	20
  8:	0.005  0.011  0.037  0.032  0.915	20
  9:	0.051  0.003  0.940  0.003  0.004	21
 10:	0.830  0.062  0.029  0.044  0.035	21
 11:	0.077  0.784  0.057  0.041  0.042	21
 12:	0.992  0.003  0.002  0.002  0.002	6
 13:	0.977  0.005  0.005  0.003  0.010	12
 14:	0.002  0.034  0.931  0.023  0.009	14
 15:	0.001  0.002  0.003  0.002  0.991	21
 16:	0.833  0.093  0.014  0.012  0.048	10
 17:	0.994  0.002  0.001  0.001  0.001	3
 18:	0.988  0.004  0.003  0.002  0.003	1
 19:	0.003  0.076  0.023  0.013  0.885	21
 20:	0.005  0.030  0.607  0.316  0.043	21
 21:	0.001  0.009  0.527  0.104  0.359	21
 22:	0.003  0.006  0.010  0.003  0.979	21
 23:	0.941  0.016  0.015  0.012  0.016	22
 24:	0.013  0.959  0.010  0.006  0.012	20
 25:	0.013  0.973  0.003  0.002  0.008	20

  1:	0.002  0.047  0.008  0.041  0.901	10
  2:	0.848  0.045  0.044  0.017  0.046	18
  3:	0.031  0.005  0.003  0.207  0.753	1
  4:	0.021  0.031  0.004  0.205  0.739	1
  5:	0.955  0.012  0.007  0.009  0.017	12
  6:	0.004  0.020  0.013  0.928  0.034	21
  7:	0.001  0.980  0.006  0.007  0.006	20
  8:	0.004  0.013  0.010  0.031  0.942	20
  9:	0.051  0.003  0.002  0.940  0.004	21
 10:	0.755  0.228  0.003  0.006  0.008	21
 11:	0.091  0.786  0.016  0.069  0.038	21
 12:	0.989  0.004  0.002  0.003  0.002	6
 13:	0.974  0.003  0.008  0.005  0.009	12
 14:	0.002  0.072  0.012  0.899  0.016	14
 15:	0.001  0.003  0.002  0.003  0.991	21
 16:	0.821  0.101  0.027  0.015  0.037	10
 17:	0.994  0.002  0.002  0.002  0.001	3
 18:	0.983  0.002  0.009  0.003  0.003	1
 19:	0.005  0.045  0.023  0.019  0.907	21
 20:	0.003  0.449  0.012  0.502  0.033	21
 21:	0.001  0.059  0.029  0.489  0.421	21
 22:	0.003  0.004  0.004  0.009  0.980	21
 23:	0.927  0.021  0.019  0.016  0.017	22
 24:	0.014  0.002  0.980  0.002  0.002	20
 25:	0.021  0.960  0.004  0.005  0.010	20

  1:	0.004  0.026  0.042  0.906  0.022	10
  2:	0.846  0.041  0.035  0.053  0.025	18
  3:	0.037  0.009  0.167  0.784  0.003	1
  4:	0.025  0.008  0.039  0.818  0.111	1
  5:	0.951  0.030  0.007  0.006  0.007	12
  6:	0.004  0.015  0.936  0.039  0.006	21
  7:	0.002  0.001  0.001  0.001  0.995	20
  8:	0.005  0.006  0.039  0.922  0.028	20
  9:	0.051  0.003  0.935  0.007  0.003	21
 10:	0.762  0.200  0.008  0.012  0.018	21
 11:	0.066  0.683  0.123  0.078  0.051	21
 12:	0.988  0.006  0.002  0.002  0.002	6
 13:	0.976  0.003  0.006  0.012  0.003	12
 14:	0.002  0.040  0.918  0.013  0.026	14
 15:	0.001  0.002  0.003  0.991  0.003	21
 16:	0.826  0.102  0.016  0.042  0.014	10
 17:	0.994  0.002  0.002  0.001  0.001	3
 18:	0.989  0.002  0.004  0.003  0.002	1
 19:	0.003  0.038  0.036  0.908  0.015	21
 20:	0.004  0.017  0.610  0.051  0.318	21
 21:	0.001  0.004  0.589  0.312  0.094	21
 22:	0.003  0.007  0.009  0.979  0.003	21
 23:	0.934  0.015  0.022  0.017  0.012	22
 24:	0.024  0.003  0.960  0.005  0.006	20
 25:	0.011  0.981  0.003  0.003  0.002	20

  1:	0.056  0.900  0.016  0.002  0.027	10
  2:	0.020  0.067  0.026  0.844  0.042	18
  3:	0.220  0.738  0.002  0.032  0.008	1
  4:	0.175  0.744  0.049  0.022  0.010	1
  5:	0.008  0.006  0.007  0.948  0.030	12
  6:	0.944  0.032  0.009  0.004  0.012	21
  7:	0.002  0.001  0.995  0.001  0.001	20
  8:	0.036  0.923  0.029  0.004  0.007	20
  9:	0.940  0.004  0.003  0.051  0.003	21
 10:	0.012  0.009  0.019  0.756  0.203	21
 11:	0.103  0.086  0.058  0.065  0.689	21
 12:	0.004  0.002  0.002  0.987  0.005	6
 13:	0.007  0.013  0.003  0.973  0.003	12
 14:	0.931  0.015  0.027  0.002  0.025	14
 15:	0.006  0.986  0.003  0.001  0.004	21
 16:	0.023  0.025  0.015  0.819  0.117	10
 17:	0.002  0.002  0.002  0.993  0.002	3
 18:	0.004  0.003  0.002  0.988  0.002	1
 19:	0.022  0.923  0.011  0.003  0.041	21
 20:	0.559  0.110  0.307  0.005  0.020	21
 21:	0.396  0.511  0.088  0.001  0.004	21
 22:	0.012  0.972  0.002  0.002  0.012	21
 23:	0.018  0.022  0.014  0.931  0.015	22
 24:	0.007  0.941  0.010  0.038  0.005	20
 25:	0.004  0.004  0.002  0.010  0.980	20

