  1:	0.194  0.007  0.764  0.002  0.002  0.021  0.007  0.001  0.003	10
  2:	0.036  0.019  0.025  0.033  0.034  0.029  0.016  0.798  0.011	18
  3:	0.531  0.002  0.413  0.002  0.001  0.003  0.010  0.034  0.003	1
  4:	0.582  0.040  0.188  0.004  0.001  0.008  0.152  0.020  0.004	1
  5:	0.008  0.006  0.006  0.004  0.042  0.029  0.005  0.892  0.009	12
  6:	0.005  0.002  0.962  0.004  0.002  0.004  0.008  0.003  0.010	21
  7:	0.001  0.993  0.001  0.001  0.000  0.001  0.001  0.001  0.001	20
  8:	0.057  0.016  0.908  0.003  0.001  0.002  0.008  0.003  0.002	20
  9:	0.002  0.001  0.002  0.001  0.001  0.002  0.002  0.049  0.941	21
 10:	0.001  0.001  0.001  0.001  0.770  0.001  0.001  0.224  0.001	21
 11:	0.061  0.044  0.035  0.024  0.020  0.686  0.055  0.047  0.028	21
 12:	0.001  0.001  0.001  0.001  0.175  0.001  0.001  0.818  0.001	6
 13:	0.008  0.002  0.007  0.006  0.017  0.003  0.005  0.948  0.004	12
 14:	0.004  0.026  0.762  0.006  0.001  0.013  0.027  0.002  0.159	14
 15:	0.983  0.002  0.004  0.001  0.001  0.001  0.006  0.000  0.001	21
 16:	0.034  0.012  0.019  0.015  0.004  0.114  0.005  0.790  0.006	10
 17:	0.001  0.001  0.001  0.001  0.005  0.001  0.001  0.989  0.001	3
 18:	0.002  0.002  0.002  0.007  0.002  0.002  0.002  0.979  0.003	1
 19:	0.696  0.016  0.162  0.029  0.004  0.051  0.020  0.001  0.020	21
 20:	0.004  0.018  0.003  0.003  0.001  0.006  0.955  0.003  0.007	21
 21:	0.022  0.004  0.012  0.013  0.001  0.002  0.939  0.001  0.008	21
 22:	0.966  0.003  0.006  0.004  0.002  0.004  0.004  0.001  0.010	21
 23:	0.013  0.007  0.014  0.015  0.190  0.008  0.013  0.734  0.006	22
 24:	0.002  0.001  0.001  0.978  0.001  0.001  0.001  0.013  0.001	20
 25:	0.004  0.001  0.002  0.002  0.001  0.978  0.002  0.009  0.001	20

  1:	0.002  0.005  0.011  0.011  0.004  0.927  0.020  0.009  0.012	10
  2:	0.846  0.010  0.020  0.011  0.028  0.032  0.020  0.024  0.009	18
  3:	0.010  0.019  0.002  0.004  0.002  0.627  0.166  0.007  0.164	1
  4:	0.005  0.085  0.067  0.009  0.003  0.429  0.352  0.007  0.043	1
  5:	0.951  0.004  0.004  0.003  0.003  0.003  0.010  0.017  0.005	12
  6:	0.003  0.006  0.004  0.005  0.007  0.036  0.017  0.009  0.913	21
  7:	0.001  0.001  0.993  0.001  0.001  0.001  0.001  0.001  0.001	20
  8:	0.003  0.006  0.006  0.011  0.003  0.961  0.004  0.002  0.005	20
  9:	0.050  0.005  0.002  0.011  0.001  0.002  0.003  0.002  0.924	21
 10:	0.810  0.024  0.016  0.045  0.003  0.008  0.009  0.076  0.010	21
 11:	0.062  0.045  0.049  0.012  0.021  0.030  0.034  0.698  0.050	21
 12:	0.989  0.001  0.001  0.002  0.001  0.001  0.001  0.002  0.001	6
 13:	0.971  0.003  0.002  0.004  0.004  0.006  0.005  0.002  0.003	12
 14:	0.001  0.025  0.018  0.003  0.011  0.062  0.006  0.020  0.854	14
 15:	0.001  0.002  0.001  0.002  0.001  0.003  0.987  0.001  0.001	21
 16:	0.813  0.004  0.009  0.008  0.018  0.021  0.011  0.100  0.016	10
 17:	0.992  0.001  0.001  0.001  0.001  0.001  0.001  0.001  0.001	3
 18:	0.983  0.002  0.001  0.002  0.004  0.002  0.002  0.001  0.002	1
 19:	0.002  0.016  0.004  0.062  0.015  0.688  0.173  0.027  0.012	21
 20:	0.004  0.957  0.016  0.002  0.004  0.002  0.002  0.006  0.007	21
 21:	0.001  0.929  0.004  0.007  0.013  0.017  0.020  0.002  0.008	21
 22:	0.001  0.003  0.002  0.976  0.002  0.004  0.004  0.004  0.003	21
 23:	0.927  0.010  0.006  0.007  0.012  0.007  0.016  0.007  0.008	22
 24:	0.014  0.001  0.001  0.001  0.978  0.001  0.001  0.001  0.001	20
 25:	0.010  0.002  0.001  0.002  0.002  0.002  0.003  0.977  0.002	20

  1:	0.028  0.006  0.050  0.005  0.007  0.862  0.004  0.002  0.037	10
  2:	0.029  0.008  0.028  0.008  0.019  0.034  0.027  0.838  0.010	18
  3:	0.004  0.006  0.547  0.003  0.002  0.030  0.002  0.010  0.397	1
  4:	0.013  0.032  0.547  0.017  0.060  0.024  0.002  0.003  0.300	1
  5:	0.026  0.004  0.005  0.007  0.004  0.003  0.004  0.942  0.005	12
  6:	0.004  0.004  0.005  0.004  0.002  0.005  0.003  0.002  0.972	21
  7:	0.001  0.001  0.001  0.001  0.992  0.001  0.001  0.001  0.001	20
  8:	0.006  0.006  0.006  0.003  0.006  0.959  0.003  0.003  0.007	20
  9:	0.003  0.002  0.001  0.939  0.001  0.002  0.001  0.049  0.002	21
 10:	0.120  0.067  0.011  0.006  0.008  0.004  0.002  0.778  0.003	21
 11:	0.725  0.020  0.047  0.030  0.045  0.030  0.024  0.055  0.023	21
 12:	0.004  0.001  0.001  0.001  0.001  0.002  0.001  0.986  0.002	6
 13:	0.002  0.003  0.006  0.004  0.002  0.008  0.004  0.966  0.005	12
 14:	0.015  0.085  0.007  0.070  0.026  0.010  0.007  0.001  0.779	14
 15:	0.002  0.003  0.981  0.001  0.002  0.007  0.001  0.001  0.003	21
 16:	0.110  0.004  0.017  0.005  0.009  0.007  0.019  0.795  0.034	10
 17:	0.001  0.001  0.001  0.001  0.001  0.001  0.001  0.991  0.001	3
 18:	0.002  0.002  0.002  0.003  0.001  0.002  0.005  0.981  0.002	1
 19:	0.068  0.024  0.723  0.015  0.016  0.076  0.035  0.001  0.041	21
 20:	0.007  0.952  0.004  0.011  0.008  0.003  0.007  0.004  0.004	21
 21:	0.003  0.192  0.011  0.209  0.010  0.559  0.012  0.001  0.004	21
 22:	0.005  0.003  0.963  0.010  0.003  0.004  0.004  0.001  0.007	21
 23:	0.010  0.009  0.010  0.005  0.007  0.016  0.012  0.921  0.010	22
 24:	0.001  0.001  0.001  0.001  0.001  0.001  0.977  0.014  0.001	20
 25:	0.978  0.002  0.002  0.001  0.001  0.002  0.002  0.009  0.002	20

  1:	0.025  0.091  0.007  0.003  0.001  0.002  0.041  0.008  0.822	10
  2:	0.030  0.010  0.019  0.009  0.842  0.029  0.027  0.012  0.022	18
  3:	0.004  0.003  0.001  0.006  0.011  0.003  0.411  0.008  0.552	1
  4:	0.015  0.008  0.044  0.011  0.004  0.003  0.483  0.117  0.316	1
  5:	0.021  0.003  0.004  0.007  0.944  0.003  0.010  0.004  0.003	12
  6:	0.005  0.003  0.002  0.016  0.004  0.005  0.005  0.008  0.952	21
  7:	0.001  0.001  0.993  0.001  0.001  0.001  0.001  0.001  0.001	20
  8:	0.003  0.024  0.013  0.002  0.003  0.002  0.013  0.008  0.933	20
  9:	0.002  0.001  0.001  0.940  0.049  0.001  0.001  0.002  0.002	21
 10:	0.171  0.018  0.009  0.008  0.768  0.002  0.007  0.014  0.004	21
 11:	0.719  0.015  0.043  0.029  0.057  0.023  0.032  0.045  0.037	21
 12:	0.004  0.002  0.001  0.001  0.987  0.001  0.001  0.001  0.001	6
 13:	0.002  0.004  0.002  0.003  0.969  0.005  0.005  0.004  0.006	12
 14:	0.014  0.003  0.023  0.156  0.001  0.006  0.002  0.030  0.765	14
 15:	0.001  0.002  0.001  0.001  0.000  0.001  0.989  0.002  0.002	21
 16:	0.107  0.007  0.009  0.005  0.807  0.020  0.013  0.004  0.028	10
 17:	0.001  0.001  0.001  0.001  0.992  0.001  0.001  0.001  0.001	3
 18:	0.002  0.002  0.001  0.003  0.981  0.006  0.002  0.002  0.002	1
 19:	0.068  0.066  0.012  0.020  0.001  0.023  0.431  0.014  0.366	21
 20:	0.008  0.002  0.017  0.007  0.004  0.004  0.002  0.954  0.003	21
 21:	0.002  0.008  0.003  0.009  0.001  0.012  0.020  0.933  0.011	21
 22:	0.005  0.974  0.002  0.004  0.001  0.002  0.005  0.003  0.003	21
 23:	0.010  0.008  0.007  0.004  0.922  0.012  0.015  0.011  0.011	22
 24:	0.001  0.001  0.001  0.001  0.013  0.977  0.001  0.001  0.001	20
 25:	0.977  0.002  0.001  0.001  0.009  0.002  0.003  0.002  0.002	20

  1:	0.920  0.001  0.018  0.005  0.003  0.008  0.005  0.015  0.024	10
  2:	0.047  0.800  0.031  0.028  0.032  0.014  0.013  0.020  0.013	18
  3:	0.795  0.027  0.009  0.002  0.000  0.002  0.017  0.002  0.146	1
  4:	0.781  0.016  0.005  0.002  0.001  0.008  0.092  0.068  0.028	1
  5:	0.009  0.893  0.026  0.003  0.045  0.004  0.005  0.007  0.007	12
  6:	0.031  0.002  0.007  0.007  0.002  0.005  0.006  0.004  0.937	21
  7:	0.001  0.001  0.001  0.001  0.000  0.001  0.001  0.993  0.001	20
  8:	0.929  0.004  0.004  0.006  0.001  0.009  0.013  0.016  0.020	20
  9:	0.003  0.049  0.002  0.001  0.001  0.011  0.006  0.002  0.924	21
 10:	0.001  0.224  0.001  0.001  0.770  0.001  0.001  0.001  0.001	21
 11:	0.062  0.049  0.682  0.021  0.020  0.015  0.052  0.046  0.054	21
 12:	0.001  0.819  0.001  0.001  0.173  0.001  0.001  0.001  0.001	6
 13:	0.010  0.950  0.003  0.005  0.017  0.005  0.004  0.002  0.005	12
 14:	0.019  0.001  0.022  0.010  0.001  0.004  0.035  0.021  0.887	14
 15:	0.977  0.000  0.001  0.001  0.001  0.011  0.005  0.001  0.002	21
 16:	0.035  0.788  0.115  0.015  0.004  0.008  0.005  0.010  0.020	10
 17:	0.001  0.989  0.001  0.001  0.004  0.001  0.001  0.001  0.001	3
 18:	0.002  0.981  0.002  0.006  0.001  0.002  0.003  0.002  0.002	1
 19:	0.907  0.001  0.026  0.015  0.004  0.024  0.010  0.005  0.007	21
 20:	0.003  0.003  0.006  0.004  0.001  0.002  0.957  0.017  0.006	21
 21:	0.038  0.001  0.002  0.012  0.001  0.007  0.927  0.003  0.009	21
 22:	0.008  0.001  0.004  0.002  0.001  0.975  0.003  0.002  0.003	21
 23:	0.014  0.736  0.007  0.015  0.189  0.009  0.011  0.007  0.012	22
 24:	0.002  0.013  0.001  0.979  0.001  0.002  0.001  0.001  0.001	20
 25:	0.003  0.009  0.978  0.002  0.001  0.002  0.002  0.001  0.002	20

  1:	0.004  0.002  0.001  0.020  0.007  0.779  0.178  0.006  0.002	10
  2:	0.014  0.031  0.798  0.032  0.014  0.025  0.031  0.022  0.034	18
  3:	0.005  0.003  0.036  0.003  0.009  0.415  0.527  0.002  0.001	1
  4:	0.007  0.003  0.021  0.008  0.132  0.208  0.573  0.047  0.001	1
  5:	0.010  0.004  0.891  0.030  0.005  0.005  0.006  0.007  0.042	12
  6:	0.014  0.005  0.003  0.004  0.007  0.960  0.003  0.002  0.002	21
  7:	0.001  0.001  0.001  0.001  0.001  0.001  0.001  0.993  0.000	20
  8:	0.003  0.003  0.003  0.003  0.008  0.920  0.045  0.015  0.001	20
  9:	0.942  0.001  0.049  0.002  0.002  0.002  0.001  0.001  0.001	21
 10:	0.002  0.001  0.224  0.001  0.001  0.001  0.001  0.001  0.770	21
 11:	0.036  0.023  0.047  0.691  0.056  0.034  0.050  0.044  0.018	21
 12:	0.001  0.001  0.815  0.001  0.001  0.001  0.001  0.001  0.177	6
 13:	0.005  0.005  0.948  0.003  0.005  0.008  0.007  0.002  0.016	12
 14:	0.169  0.006  0.002  0.011  0.030  0.756  0.003  0.022  0.001	14
 15:	0.002  0.001  0.000  0.001  0.007  0.004  0.982  0.002  0.001	21
 16:	0.008  0.012  0.790  0.115  0.005  0.020  0.034  0.012  0.004	10
 17:	0.001  0.001  0.989  0.001  0.001  0.001  0.001  0.001  0.004	3
 18:	0.004  0.006  0.979  0.002  0.002  0.002  0.002  0.002  0.001	1
 19:	0.029  0.026  0.001  0.052  0.022  0.193  0.657  0.016  0.004	21
 20:	0.010  0.003  0.003  0.005  0.953  0.003  0.003  0.018  0.001	21
 21:	0.011  0.013  0.001  0.002  0.937  0.013  0.019  0.003  0.001	21
 22:	0.015  0.004  0.001  0.004  0.004  0.006  0.961  0.003  0.002	21
 23:	0.009  0.015  0.735  0.008  0.013  0.015  0.011  0.007  0.188	22
 24:	0.002  0.978  0.013  0.001  0.001  0.001  0.002  0.001  0.001	20
 25:	0.002  0.002  0.009  0.979  0.002  0.002  0.003  0.001  0.001	20

  1:	0.005  0.001  0.013  0.003  0.031  0.003  0.893  0.007  0.043	10
  2:	0.032  0.787  0.028  0.035  0.029  0.012  0.040  0.023  0.012	18
  3:	0.005  0.028  0.006  0.001  0.245  0.026  0.460  0.002  0.226	1
  4:	0.003  0.016  0.015  0.001  0.456  0.030  0.204  0.092  0.184	1
  5:	0.005  0.883  0.027  0.046  0.007  0.012  0.005  0.007  0.008	12
  6:	0.004  0.003  0.003  0.001  0.006  0.005  0.006  0.002  0.970	21
  7:	0.001  0.001  0.001  0.000  0.001  0.001  0.001  0.993  0.001	20
  8:	0.004  0.003  0.003  0.001  0.011  0.006  0.960  0.005  0.008	20
  9:	0.002  0.049  0.002  0.001  0.002  0.937  0.002  0.001  0.003	21
 10:	0.001  0.222  0.001  0.771  0.001  0.001  0.001  0.001  0.001	21
 11:	0.028  0.048  0.687  0.021  0.050  0.055  0.034  0.058  0.019	21
 12:	0.001  0.807  0.001  0.185  0.001  0.001  0.001  0.001  0.001	6
 13:	0.006  0.939  0.004  0.019  0.008  0.004  0.011  0.002  0.008	12
 14:	0.008  0.001  0.015  0.001  0.004  0.187  0.021  0.035  0.728	14
 15:	0.002  0.001  0.002  0.001  0.980  0.002  0.008  0.002  0.003	21
 16:	0.017  0.768  0.123  0.006  0.014  0.005  0.015  0.011  0.043	10
 17:	0.001  0.987  0.001  0.005  0.001  0.001  0.001  0.001  0.002	3
 18:	0.010  0.975  0.002  0.002  0.002  0.003  0.002  0.002  0.002	1
 19:	0.022  0.001  0.031  0.004  0.350  0.018  0.560  0.007  0.007	21
 20:	0.016  0.003  0.015  0.002  0.020  0.606  0.016  0.307  0.015	21
 21:	0.025  0.001  0.003  0.001  0.073  0.548  0.283  0.059  0.007	21
 22:	0.007  0.001  0.007  0.002  0.956  0.009  0.007  0.003  0.008	21
 23:	0.018  0.720  0.009  0.196  0.015  0.011  0.009  0.008  0.015	22
 24:	0.978  0.013  0.001  0.001  0.002  0.002  0.001  0.001  0.001	20
 25:	0.003  0.009  0.977  0.001  0.003  0.002  0.002  0.002  0.002	20

  1:	0.018  0.014  0.001  0.005  0.008  0.015  0.905  0.031  0.003	10
  2:	0.029  0.020  0.794  0.034  0.016  0.022  0.039  0.014  0.032	18
  3:	0.004  0.112  0.027  0.002  0.021  0.001  0.762  0.071  0.001	1
  4:	0.010  0.041  0.018  0.002  0.137  0.039  0.729  0.023  0.001	1
  5:	0.028  0.010  0.892  0.004  0.005  0.007  0.005  0.008  0.044	12
  6:	0.008  0.007  0.002  0.006  0.006  0.004  0.017  0.948  0.001	21
  7:	0.001  0.001  0.001  0.001  0.001  0.994  0.001  0.001  0.000	20
  8:	0.005  0.002  0.003  0.006  0.017  0.022  0.926  0.018  0.001	20
  9:	0.002  0.003  0.049  0.001  0.007  0.002  0.003  0.932  0.001	21
 10:	0.001  0.001  0.224  0.001  0.001  0.001  0.001  0.001  0.770	21
 11:	0.033  0.888  0.021  0.008  0.012  0.009  0.015  0.010  0.003	21
 12:	0.003  0.001  0.815  0.001  0.001  0.001  0.001  0.001  0.177	6
 13:	0.004  0.004  0.950  0.005  0.006  0.002  0.008  0.005  0.017	12
 14:	0.041  0.008  0.001  0.009  0.022  0.020  0.011  0.887  0.001	14
 15:	0.002  0.001  0.000  0.001  0.008  0.001  0.983  0.002  0.001	21
 16:	0.021  0.139  0.764  0.013  0.004  0.007  0.029  0.020  0.004	10
 17:	0.001  0.001  0.990  0.001  0.001  0.001  0.001  0.001  0.003	3
 18:	0.002  0.002  0.982  0.005  0.002  0.002  0.002  0.002  0.001	1
 19:	0.011  0.043  0.001  0.012  0.008  0.007  0.905  0.009  0.004	21
 20:	0.005  0.011  0.003  0.003  0.954  0.016  0.002  0.006  0.001	21
 21:	0.002  0.002  0.001  0.013  0.940  0.003  0.029  0.009  0.001	21
 22:	0.005  0.002  0.001  0.003  0.005  0.002  0.974  0.006  0.002	21
 23:	0.009  0.009  0.730  0.014  0.015  0.007  0.012  0.013  0.191	22
 24:	0.001  0.001  0.013  0.979  0.001  0.001  0.001  0.001  0.000	20
 25:	0.976  0.004  0.012  0.002  0.001  0.001  0.002  0.001  0.001	20

  1:	0.756  0.002  0.003  0.007  0.001  0.128  0.020  0.076  0.007	10
  2:	0.023  0.025  0.008  0.017  0.845  0.026  0.024  0.021  0.012	18
  3:	0.156  0.002  0.005  0.002  0.002  0.814  0.007  0.002  0.010	1
  4:	0.075  0.003  0.003  0.112  0.001  0.715  0.002  0.017  0.073	1
  5:	0.004  0.003  0.006  0.004  0.948  0.012  0.017  0.003  0.004	12
  6:	0.962  0.004  0.010  0.002  0.004  0.002  0.004  0.003  0.009	21
  7:	0.001  0.001  0.001  0.993  0.001  0.001  0.001  0.001  0.001	20
  8:	0.890  0.003  0.002  0.018  0.003  0.036  0.003  0.038  0.007	20
  9:	0.002  0.001  0.941  0.001  0.049  0.001  0.002  0.001  0.002	21
 10:	0.006  0.002  0.008  0.011  0.780  0.007  0.149  0.019  0.017	21
 11:	0.033  0.022  0.028  0.042  0.060  0.047  0.698  0.030  0.040	21
 12:	0.003  0.001  0.001  0.001  0.988  0.001  0.003  0.001  0.001	6
 13:	0.005  0.004  0.003  0.002  0.972  0.004  0.002  0.004  0.004	12
 14:	0.749  0.006  0.166  0.025  0.002  0.007  0.012  0.002  0.031	14
 15:	0.005  0.001  0.001  0.002  0.001  0.009  0.001  0.974  0.006	21
 16:	0.012  0.018  0.005  0.008  0.812  0.057  0.080  0.005  0.004	10
 17:	0.001  0.001  0.001  0.001  0.992  0.001  0.001  0.001  0.001	3
 18:	0.002  0.005  0.002  0.001  0.982  0.002  0.001  0.002  0.002	1
 19:	0.011  0.004  0.010  0.003  0.001  0.930  0.006  0.032  0.004	21
 20:	0.004  0.003  0.008  0.016  0.004  0.004  0.005  0.002  0.953	21
 21:	0.016  0.012  0.008  0.003  0.001  0.011  0.002  0.016  0.931	21
 22:	0.007  0.004  0.007  0.003  0.001  0.006  0.005  0.963  0.003	21
 23:	0.019  0.011  0.005  0.007  0.928  0.004  0.008  0.010  0.009	22
 24:	0.001  0.979  0.001  0.001  0.013  0.001  0.001  0.002  0.001	20
 25:	0.003  0.002  0.001  0.001  0.010  0.002  0.978  0.003  0.002	20

  1:	0.042  0.001  0.002  0.003  0.010  0.005  0.010  0.897  0.030	10
  2:	0.016  0.794  0.033  0.013  0.035  0.014  0.032  0.040  0.025	18
  3:	0.321  0.020  0.001  0.005  0.004  0.018  0.003  0.451  0.177	1
  4:	0.226  0.012  0.001  0.007  0.008  0.169  0.027  0.156  0.394	1
  5:	0.009  0.889  0.043  0.010  0.031  0.005  0.004  0.004  0.005	12
  6:	0.976  0.002  0.001  0.003  0.002  0.003  0.002  0.005  0.005	21
  7:	0.003  0.001  0.001  0.002  0.002  0.016  0.972  0.002  0.002	20
  8:	0.009  0.003  0.001  0.003  0.002  0.007  0.005  0.958  0.012	20
  9:	0.002  0.049  0.001  0.941  0.002  0.002  0.001  0.001  0.001	21
 10:	0.001  0.223  0.770  0.001  0.001  0.001  0.001  0.001  0.001	21
 11:	0.025  0.050  0.019  0.023  0.691  0.051  0.072  0.027  0.043	21
 12:	0.002  0.814  0.178  0.001  0.002  0.001  0.001  0.001  0.001	6
 13:	0.009  0.944  0.016  0.004  0.003  0.005  0.003  0.010  0.007	12
 14:	0.805  0.001  0.001  0.064  0.014  0.070  0.019  0.019  0.006	14
 15:	0.004  0.000  0.001  0.001  0.002  0.005  0.001  0.005  0.980	21
 16:	0.048  0.777  0.005  0.005  0.123  0.004  0.014  0.014  0.009	10
 17:	0.001  0.988  0.005  0.001  0.001  0.001  0.001  0.001  0.001	3
 18:	0.002  0.982  0.001  0.004  0.002  0.002  0.004  0.002  0.002	1
 19:	0.010  0.001  0.003  0.013  0.027  0.013  0.015  0.576  0.342	21
 20:	0.006  0.004  0.001  0.007  0.006  0.963  0.010  0.002  0.002	21
 21:	0.010  0.001  0.001  0.008  0.002  0.933  0.011  0.017  0.018	21
 22:	0.009  0.001  0.002  0.009  0.006  0.004  0.004  0.006  0.960	21
 23:	0.018  0.731  0.189  0.007  0.008  0.013  0.015  0.008  0.012	22
 24:	0.003  0.015  0.001  0.002  0.002  0.002  0.972  0.002  0.002	20
 25:	0.003  0.009  0.001  0.001  0.978  0.002  0.002  0.002  0.003	20

