

----------------------------------------------------
STRUCTURE by Pritchard, Stephens and Donnelly (2000)
     and Falush, Stephens and Pritchard (2003)
       Code by Pritchard, Falush and Hubisz
             Version 2.3.4 (Jul 2012)
----------------------------------------------------



Command line arguments:   bin\structure -m C:\Users\airhe\OneDrive\Documents\Masters\Project 3\kiore-project\results\ratsSNPs_struc_preHWE\as_pdf\mainparams -e C:\Users\airhe\OneDrive\Documents\Masters\Project 3\kiore-project\results\ratsSNPs_struc_preHWE\as_pdf\extraparams 
Input File:    C:\Users\airhe\OneDrive\Documents\Masters\Project 3\kiore-project\results\ratsSNPs_struc_preHWE\project_data

Run parameters:
   379 individuals
   282 loci
   9 populations assumed
   5000 Burn-in period
   50000 Reps


--------------------------------------------
Proportion of membership of each pre-defined
 population in each of the 9 clusters

Given    Inferred Clusters                                                 Number of
 Pop       1      2      3      4      5      6      7      8      9      Individuals

  1:     0.005  0.001  0.013  0.003  0.031  0.003  0.893  0.007  0.043       10
  2:     0.032  0.787  0.028  0.035  0.029  0.012  0.040  0.023  0.012       18
  3:     0.005  0.028  0.006  0.001  0.245  0.026  0.460  0.002  0.226        1
  4:     0.003  0.016  0.015  0.001  0.456  0.030  0.204  0.092  0.184        1
  5:     0.005  0.883  0.027  0.046  0.007  0.012  0.005  0.007  0.008       12
  6:     0.004  0.003  0.003  0.001  0.006  0.005  0.006  0.002  0.970       21
  7:     0.001  0.001  0.001  0.000  0.001  0.001  0.001  0.993  0.001       20
  8:     0.004  0.003  0.003  0.001  0.011  0.006  0.960  0.005  0.008       20
  9:     0.002  0.049  0.002  0.001  0.002  0.937  0.002  0.001  0.003       21
 10:     0.001  0.222  0.001  0.771  0.001  0.001  0.001  0.001  0.001       21
 11:     0.028  0.048  0.687  0.021  0.050  0.055  0.034  0.058  0.019       21
 12:     0.001  0.807  0.001  0.185  0.001  0.001  0.001  0.001  0.001        6
 13:     0.006  0.939  0.004  0.019  0.008  0.004  0.011  0.002  0.008       12
 14:     0.008  0.001  0.015  0.001  0.004  0.187  0.021  0.035  0.728       14
 15:     0.002  0.001  0.002  0.001  0.980  0.002  0.008  0.002  0.003       21
 16:     0.017  0.768  0.123  0.006  0.014  0.005  0.015  0.011  0.043       10
 17:     0.001  0.987  0.001  0.005  0.001  0.001  0.001  0.001  0.002        3
 18:     0.010  0.975  0.002  0.002  0.002  0.003  0.002  0.002  0.002        1
 19:     0.022  0.001  0.031  0.004  0.350  0.018  0.560  0.007  0.007       21
 20:     0.016  0.003  0.015  0.002  0.020  0.606  0.016  0.307  0.015       21
 21:     0.025  0.001  0.003  0.001  0.073  0.548  0.283  0.059  0.007       21
 22:     0.007  0.001  0.007  0.002  0.956  0.009  0.007  0.003  0.008       21
 23:     0.018  0.720  0.009  0.196  0.015  0.011  0.009  0.008  0.015       22
 24:     0.978  0.013  0.001  0.001  0.002  0.002  0.001  0.001  0.001       20
 25:     0.003  0.009  0.977  0.001  0.003  0.002  0.002  0.002  0.002       20
--------------------------------------------

Allele-freq. divergence among pops (Net nucleotide distance),
computed using point estimates of P.

      1       2       3       4       5       6       7       8       9      
 1      -    0.1750  0.1044  0.1844  0.0829  0.0844  0.0768  0.1073  0.0806  
 2   0.1750     -    0.1244  0.1293  0.1632  0.1522  0.1620  0.1619  0.1524  
 3   0.1044  0.1244     -    0.1318  0.0641  0.0760  0.0635  0.0972  0.0666  
 4   0.1844  0.1293  0.1318     -    0.1571  0.1471  0.1575  0.1603  0.1540  
 5   0.0829  0.1632  0.0641  0.1571     -    0.0426  0.0365  0.0854  0.0531  
 6   0.0844  0.1522  0.0760  0.1471  0.0426     -    0.0521  0.0826  0.0434  
 7   0.0768  0.1620  0.0635  0.1575  0.0365  0.0521     -    0.0695  0.0394  
 8   0.1073  0.1619  0.0972  0.1603  0.0854  0.0826  0.0695     -    0.0851  
 9   0.0806  0.1524  0.0666  0.1540  0.0531  0.0434  0.0394  0.0851     -    

Average distances (expected heterozygosity) between individuals in same cluster:
cluster  1  : 0.0473 
cluster  2  : 0.2777 
cluster  3  : 0.1199 
cluster  4  : 0.0598 
cluster  5  : 0.0837 
cluster  6  : 0.0956 
cluster  7  : 0.1010 
cluster  8  : 0.0511 
cluster  9  : 0.0986 

--------------------------------------------
Estimated Ln Prob of Data   = -39893.3
Mean value of ln likelihood = -39133.6
Variance of ln likelihood   = 1519.2
Mean value of alpha         = 0.0382

Mean value of Fst_1         = 0.7811
Mean value of Fst_2         = 0.2572
Mean value of Fst_3         = 0.5180
Mean value of Fst_4         = 0.7873
Mean value of Fst_5         = 0.6599
Mean value of Fst_6         = 0.6214
Mean value of Fst_7         = 0.5978
Mean value of Fst_8         = 0.7883
Mean value of Fst_9         = 0.6115


Inferred ancestry of individuals:
        Label (%Miss) Pop:  Inferred clusters
  1 Aotea__001    (1)    1 :  0.003 0.001 0.008 0.004 0.008 0.006 0.950 0.011 0.009 
  2 Aotea__002    (2)    1 :  0.002 0.001 0.021 0.003 0.114 0.003 0.752 0.009 0.095 
  3 Aotea__003    (1)    1 :  0.007 0.000 0.004 0.001 0.023 0.005 0.825 0.002 0.132 
  4 Aotea__004    (2)    1 :  0.002 0.001 0.004 0.001 0.026 0.001 0.958 0.002 0.005 
  5 Aotea__005    (4)    1 :  0.004 0.001 0.005 0.002 0.078 0.003 0.767 0.014 0.127 
  6 Aotea__006    (3)    1 :  0.003 0.000 0.003 0.001 0.003 0.003 0.971 0.001 0.014 
  7 Aotea__007    (4)    1 :  0.005 0.001 0.038 0.001 0.014 0.003 0.928 0.003 0.007 
  8 Aotea__008    (3)    1 :  0.020 0.006 0.037 0.011 0.007 0.002 0.881 0.024 0.013 
  9 Aotea__009    (3)    1 :  0.004 0.000 0.003 0.002 0.029 0.004 0.954 0.001 0.003 
 10 Aotea__010    (2)    1 :  0.004 0.000 0.003 0.001 0.009 0.003 0.947 0.007 0.025 
 11 Borneo_002   (57)    2 :  0.004 0.941 0.020 0.001 0.011 0.004 0.012 0.002 0.006 
 12 Borneo_003   (45)    2 :  0.002 0.857 0.076 0.001 0.051 0.004 0.006 0.001 0.002 
 13 Borneo_004   (35)    2 :  0.029 0.836 0.048 0.002 0.021 0.014 0.012 0.027 0.010 
 14 Borneo_005   (52)    2 :  0.003 0.922 0.002 0.001 0.010 0.008 0.049 0.002 0.003 
 15 Borneo_006   (56)    2 :  0.001 0.988 0.002 0.001 0.001 0.002 0.001 0.003 0.001 
 16 Borneo_008   (45)    2 :  0.066 0.701 0.011 0.013 0.048 0.013 0.092 0.021 0.034 
 17 Borneo_012   (33)    2 :  0.004 0.726 0.009 0.004 0.019 0.013 0.214 0.001 0.010 
 18 Borneo_013   (13)    2 :  0.008 0.401 0.138 0.289 0.130 0.003 0.014 0.012 0.005 
 19 Borneo_014   (55)    2 :  0.002 0.990 0.001 0.001 0.001 0.001 0.001 0.002 0.001 
 20 Borneo_015   (36)    2 :  0.133 0.713 0.007 0.002 0.012 0.011 0.072 0.002 0.048 
 21 Borneo_016   (47)    2 :  0.116 0.733 0.003 0.005 0.003 0.025 0.100 0.005 0.009 
 22 Borneo_017   (56)    2 :  0.008 0.784 0.025 0.060 0.007 0.011 0.047 0.016 0.041 
 23 Borneo_019   (23)    2 :  0.025 0.688 0.048 0.011 0.015 0.016 0.030 0.162 0.004 
 24 Borneo_020   (37)    2 :  0.007 0.733 0.011 0.005 0.151 0.035 0.045 0.002 0.011 
 25 Borneo_021   (35)    2 :  0.145 0.744 0.076 0.005 0.006 0.016 0.005 0.001 0.002 
 26 Borneo_022   (26)    2 :  0.015 0.843 0.003 0.011 0.005 0.009 0.006 0.107 0.002 
 27 Borneo_023   (24)    2 :  0.008 0.881 0.018 0.018 0.015 0.009 0.015 0.015 0.021 
 28 Borneo_024   (21)    2 :  0.008 0.681 0.010 0.205 0.023 0.019 0.003 0.039 0.012 
 29 Southland1    (0)    3 :  0.005 0.028 0.006 0.001 0.245 0.026 0.460 0.002 0.226 
 30 GrtMercury    (0)    4 :  0.003 0.016 0.015 0.001 0.456 0.030 0.204 0.092 0.184 
 31 Halmaher10   (48)    5 :  0.003 0.975 0.002 0.001 0.001 0.010 0.003 0.002 0.002 
 32 Halmaher11   (50)    5 :  0.001 0.990 0.001 0.001 0.001 0.001 0.002 0.001 0.002 
 33 Halmaher19   (50)    5 :  0.002 0.989 0.001 0.003 0.001 0.001 0.001 0.001 0.001 
 34 Halmaher23   (49)    5 :  0.018 0.879 0.012 0.006 0.004 0.022 0.013 0.024 0.022 
 35 Halmaher24   (18)    5 :  0.018 0.592 0.239 0.080 0.044 0.007 0.013 0.002 0.004 
 36 Halmahera1   (21)    5 :  0.008 0.864 0.028 0.022 0.008 0.010 0.006 0.008 0.046 
 37 Halmahera2   (33)    5 :  0.002 0.890 0.003 0.005 0.002 0.069 0.005 0.021 0.003 
 38 Halmahera3   (24)    5 :  0.003 0.945 0.006 0.004 0.016 0.007 0.005 0.006 0.006 
 39 Halmahera6   (40)    5 :  0.004 0.942 0.002 0.044 0.002 0.002 0.002 0.002 0.002 
 40 Halmahera7   (57)    5 :  0.001 0.985 0.001 0.001 0.002 0.004 0.002 0.001 0.003 
 41 Halmahera8   (41)    5 :  0.003 0.821 0.027 0.126 0.002 0.003 0.004 0.011 0.002 
 42 Halmahera9   (36)    5 :  0.003 0.723 0.004 0.257 0.003 0.003 0.001 0.004 0.001 
 43 Hatutaa_01    (6)    6 :  0.009 0.014 0.001 0.004 0.001 0.005 0.003 0.004 0.959 
 44 Hatutaa_02    (2)    6 :  0.008 0.001 0.003 0.001 0.007 0.003 0.004 0.002 0.972 
 45 Hatutaa_03    (1)    6 :  0.003 0.000 0.001 0.001 0.004 0.003 0.005 0.001 0.982 
 46 Hatutaa_04    (3)    6 :  0.004 0.001 0.002 0.001 0.003 0.001 0.003 0.002 0.984 
 47 Hatutaa_05    (3)    6 :  0.003 0.033 0.028 0.001 0.006 0.003 0.005 0.004 0.918 
 48 Hatutaa_06    (1)    6 :  0.002 0.000 0.001 0.001 0.008 0.008 0.004 0.001 0.975 
 49 Hatutaa_07    (1)    6 :  0.006 0.000 0.002 0.001 0.004 0.003 0.006 0.003 0.976 
 50 Hatutaa_08    (7)    6 :  0.002 0.000 0.001 0.001 0.002 0.003 0.002 0.001 0.988 
 51 Hatutaa_09    (2)    6 :  0.002 0.000 0.001 0.001 0.003 0.002 0.002 0.001 0.988 
 52 Hatutaa_10    (2)    6 :  0.003 0.001 0.002 0.009 0.006 0.022 0.003 0.003 0.950 
 53 Hatutaa_11    (3)    6 :  0.004 0.001 0.002 0.001 0.008 0.003 0.002 0.002 0.979 
 54 Hatutaa_12    (1)    6 :  0.004 0.001 0.002 0.001 0.002 0.001 0.004 0.001 0.985 
 55 Hatutaa_13    (1)    6 :  0.002 0.000 0.001 0.000 0.002 0.002 0.002 0.002 0.989 
 56 Hatutaa_14    (2)    6 :  0.011 0.000 0.001 0.001 0.006 0.018 0.006 0.002 0.955 
 57 Hatutaa_15    (1)    6 :  0.003 0.000 0.005 0.001 0.047 0.004 0.009 0.002 0.929 
 58 Hatutaa_16    (5)    6 :  0.002 0.001 0.001 0.003 0.005 0.009 0.016 0.002 0.962 
 59 Hatutaa_17    (2)    6 :  0.005 0.001 0.002 0.001 0.006 0.004 0.038 0.005 0.939 
 60 Hatutaa_18    (1)    6 :  0.002 0.000 0.001 0.000 0.002 0.003 0.003 0.001 0.988 
 61 Hatutaa_19    (1)    6 :  0.001 0.000 0.001 0.001 0.001 0.001 0.001 0.001 0.992 
 62 Hatutaa_20    (2)    6 :  0.006 0.000 0.001 0.001 0.003 0.003 0.003 0.002 0.981 
 63 Hatutaa_21    (2)    6 :  0.004 0.000 0.001 0.001 0.003 0.002 0.003 0.003 0.983 
 64 Honuea_001    (2)    7 :  0.002 0.001 0.001 0.000 0.001 0.001 0.001 0.991 0.001 
 65 Honuea_002    (3)    7 :  0.001 0.000 0.000 0.000 0.001 0.001 0.001 0.995 0.001 
 66 Honuea_003    (2)    7 :  0.001 0.000 0.001 0.000 0.001 0.001 0.001 0.994 0.001 
 67 Honuea_004    (4)    7 :  0.001 0.000 0.001 0.000 0.001 0.001 0.001 0.994 0.001 
 68 Honuea_005    (5)    7 :  0.001 0.011 0.001 0.001 0.001 0.001 0.001 0.982 0.001 
 69 Honuea_006    (5)    7 :  0.003 0.002 0.001 0.001 0.001 0.001 0.001 0.989 0.001 
 70 Honuea_007    (2)    7 :  0.002 0.001 0.001 0.000 0.001 0.001 0.001 0.993 0.001 
 71 Honuea_008    (1)    7 :  0.001 0.001 0.001 0.000 0.001 0.001 0.001 0.993 0.001 
 72 Honuea_009    (3)    7 :  0.001 0.000 0.000 0.000 0.001 0.001 0.001 0.995 0.001 
 73 Honuea_010    (3)    7 :  0.002 0.000 0.001 0.000 0.002 0.001 0.001 0.992 0.001 
 74 Honuea_011    (3)    7 :  0.001 0.000 0.000 0.000 0.001 0.001 0.001 0.995 0.001 
 75 Honuea_012    (3)    7 :  0.001 0.001 0.002 0.000 0.001 0.001 0.001 0.992 0.001 
 76 Honuea_013    (0)    7 :  0.001 0.000 0.001 0.000 0.001 0.001 0.001 0.996 0.001 
 77 Honuea_015    (3)    7 :  0.001 0.000 0.001 0.000 0.001 0.001 0.001 0.994 0.001 
 78 Honuea_016    (2)    7 :  0.001 0.000 0.001 0.000 0.001 0.001 0.001 0.994 0.001 
 79 Honuea_017    (3)    7 :  0.001 0.000 0.001 0.000 0.001 0.001 0.001 0.995 0.001 
 80 Honuea_018    (2)    7 :  0.002 0.000 0.001 0.001 0.001 0.001 0.001 0.993 0.001 
 81 Honuea_019    (2)    7 :  0.003 0.000 0.001 0.000 0.002 0.001 0.001 0.990 0.001 
 82 Honuea_020    (3)    7 :  0.002 0.002 0.001 0.000 0.001 0.001 0.001 0.992 0.001 
 83 Honuea_021    (1)    7 :  0.001 0.000 0.001 0.000 0.001 0.001 0.001 0.995 0.001 
 84 Kaikura_01    (2)    8 :  0.008 0.001 0.006 0.001 0.002 0.006 0.958 0.010 0.008 
 85 Kaikura_02    (4)    8 :  0.002 0.000 0.001 0.000 0.002 0.001 0.990 0.002 0.002 
 86 Kaikura_03    (3)    8 :  0.001 0.000 0.001 0.000 0.002 0.002 0.987 0.001 0.004 
 87 Kaikura_04    (3)    8 :  0.001 0.000 0.001 0.000 0.001 0.002 0.992 0.001 0.001 
 88 Kaikura_05   (12)    8 :  0.002 0.048 0.001 0.001 0.003 0.003 0.933 0.001 0.008 
 89 Kaikura_06    (2)    8 :  0.002 0.000 0.001 0.000 0.002 0.001 0.988 0.001 0.003 
 90 Kaikura_07    (1)    8 :  0.002 0.000 0.001 0.001 0.003 0.004 0.982 0.003 0.004 
 91 Kaikura_08    (1)    8 :  0.004 0.000 0.002 0.001 0.007 0.005 0.939 0.034 0.008 
 92 Kaikura_09    (2)    8 :  0.002 0.001 0.002 0.001 0.003 0.004 0.968 0.002 0.019 
 93 Kaikura_10    (4)    8 :  0.003 0.000 0.001 0.001 0.003 0.003 0.965 0.001 0.023 
 94 Kaikura_11    (7)    8 :  0.018 0.004 0.003 0.002 0.002 0.008 0.950 0.002 0.011 
 95 Kaikura_12    (5)    8 :  0.003 0.000 0.001 0.001 0.004 0.005 0.958 0.020 0.007 
 96 Kaikura_13    (2)    8 :  0.017 0.000 0.010 0.001 0.156 0.016 0.783 0.006 0.011 
 97 Kaikura_14    (3)    8 :  0.002 0.000 0.002 0.001 0.005 0.002 0.985 0.001 0.003 
 98 Kaikura_15    (2)    8 :  0.001 0.000 0.001 0.001 0.004 0.002 0.985 0.002 0.004 
 99 Kaikura_16    (2)    8 :  0.002 0.000 0.001 0.000 0.003 0.001 0.988 0.001 0.003 
100 Kaikura_17    (2)    8 :  0.002 0.001 0.002 0.001 0.003 0.003 0.983 0.001 0.004 
101 Kaikura_18    (2)    8 :  0.003 0.001 0.006 0.001 0.003 0.002 0.981 0.002 0.002 
102 Kaikura_19    (2)    8 :  0.002 0.001 0.008 0.006 0.005 0.033 0.921 0.002 0.023 
103 Kaikura_20    (3)    8 :  0.003 0.000 0.001 0.001 0.007 0.009 0.964 0.008 0.007 
104 Kamaka_001    (3)    9 :  0.001 0.000 0.006 0.000 0.001 0.984 0.003 0.001 0.004 
105 Kamaka_002    (2)    9 :  0.001 0.000 0.001 0.001 0.002 0.990 0.001 0.001 0.003 
106 Kamaka_003    (3)    9 :  0.002 0.000 0.001 0.001 0.002 0.990 0.001 0.001 0.002 
107 Kamaka_004    (5)    9 :  0.001 0.000 0.001 0.001 0.002 0.989 0.001 0.001 0.002 
108 Kamaka_005    (5)    9 :  0.001 0.000 0.001 0.001 0.001 0.993 0.001 0.001 0.001 
109 Kamaka_006    (2)    9 :  0.001 0.000 0.001 0.001 0.001 0.993 0.001 0.001 0.001 
110 Kamaka_007    (2)    9 :  0.002 0.002 0.001 0.001 0.002 0.984 0.002 0.001 0.006 
111 Kamaka_008    (2)    9 :  0.001 0.000 0.001 0.001 0.001 0.989 0.001 0.001 0.003 
112 Kamaka_009   (56)    9 :  0.002 0.992 0.001 0.001 0.001 0.001 0.001 0.001 0.001 
113 Kamaka_010    (2)    9 :  0.001 0.000 0.002 0.001 0.005 0.976 0.003 0.006 0.006 
114 Kamaka_011    (3)    9 :  0.003 0.019 0.014 0.002 0.003 0.952 0.004 0.002 0.003 
115 Kamaka_012    (4)    9 :  0.002 0.000 0.001 0.001 0.001 0.989 0.002 0.002 0.003 
116 Kamaka_013    (3)    9 :  0.002 0.001 0.002 0.001 0.003 0.986 0.002 0.002 0.003 
117 Kamaka_014    (1)    9 :  0.002 0.000 0.001 0.001 0.002 0.988 0.001 0.001 0.003 
118 Kamaka_015    (3)    9 :  0.001 0.002 0.001 0.001 0.001 0.989 0.001 0.001 0.002 
119 Kamaka_016    (1)    9 :  0.001 0.000 0.001 0.000 0.002 0.987 0.003 0.001 0.005 
120 Kamaka_017    (1)    9 :  0.001 0.000 0.001 0.001 0.002 0.992 0.001 0.001 0.001 
121 Kamaka_018    (2)    9 :  0.001 0.001 0.001 0.001 0.002 0.991 0.001 0.001 0.002 
122 Kamaka_019    (3)    9 :  0.002 0.000 0.001 0.001 0.002 0.989 0.002 0.001 0.001 
123 Kamaka_020    (4)    9 :  0.006 0.015 0.002 0.001 0.002 0.966 0.001 0.001 0.005 
124 Kamaka_021    (3)    9 :  0.002 0.001 0.005 0.002 0.004 0.968 0.007 0.001 0.010 
125 Kayangel01    (3)   10 :  0.001 0.000 0.001 0.995 0.001 0.001 0.001 0.000 0.001 
126 Kayangel02    (3)   10 :  0.001 0.001 0.001 0.995 0.001 0.000 0.001 0.001 0.000 
127 Kayangel03    (4)   10 :  0.001 0.002 0.001 0.995 0.000 0.000 0.000 0.000 0.000 
128 Kayangel04    (2)   10 :  0.001 0.000 0.001 0.996 0.001 0.000 0.000 0.000 0.000 
129 Kayangel05    (1)   10 :  0.001 0.000 0.001 0.996 0.000 0.000 0.000 0.000 0.000 
130 Kayangel06    (3)   10 :  0.001 0.000 0.000 0.996 0.001 0.001 0.001 0.001 0.000 
131 Kayangel07    (7)   10 :  0.001 0.000 0.001 0.997 0.000 0.000 0.000 0.000 0.000 
132 Kayangel08    (2)   10 :  0.001 0.000 0.001 0.996 0.001 0.001 0.000 0.001 0.000 
133 Kayangel09    (1)   10 :  0.001 0.001 0.001 0.996 0.000 0.000 0.000 0.000 0.000 
134 Kayangel10    (2)   10 :  0.001 0.000 0.001 0.995 0.001 0.001 0.001 0.001 0.001 
135 Kayangel11    (1)   10 :  0.001 0.651 0.001 0.341 0.001 0.001 0.001 0.001 0.001 
136 Kayangel12    (3)   10 :  0.007 0.009 0.008 0.972 0.001 0.001 0.001 0.001 0.001 
137 Kayangel13   (20)   10 :  0.001 0.754 0.001 0.239 0.001 0.001 0.001 0.001 0.001 
138 Kayangel14    (4)   10 :  0.001 0.003 0.001 0.983 0.001 0.004 0.002 0.001 0.003 
139 Kayangel15    (2)   10 :  0.001 0.647 0.001 0.347 0.001 0.001 0.001 0.001 0.001 
140 Kayangel16    (7)   10 :  0.001 0.187 0.001 0.808 0.001 0.000 0.001 0.001 0.000 
141 Kayangel17   (41)   10 :  0.001 0.987 0.001 0.001 0.001 0.003 0.001 0.005 0.001 
142 Kayangel18    (3)   10 :  0.002 0.064 0.002 0.926 0.001 0.002 0.001 0.001 0.001 
143 Kayangel19    (2)   10 :  0.001 0.655 0.001 0.338 0.001 0.001 0.001 0.001 0.001 
144 Kayangel20    (4)   10 :  0.001 0.000 0.001 0.991 0.001 0.001 0.001 0.003 0.001 
145 Kayangel21   (13)   10 :  0.002 0.702 0.001 0.288 0.001 0.001 0.001 0.002 0.001 
146 Late_Is_01    (3)   11 :  0.017 0.001 0.766 0.026 0.001 0.164 0.004 0.006 0.016 
147 Late_Is_02    (3)   11 :  0.020 0.076 0.763 0.006 0.029 0.059 0.005 0.024 0.018 
148 Late_Is_03    (9)   11 :  0.152 0.059 0.764 0.001 0.003 0.008 0.005 0.006 0.003 
149 Late_Is_04    (4)   11 :  0.005 0.003 0.776 0.004 0.020 0.012 0.079 0.067 0.034 
150 Late_Is_05    (4)   11 :  0.056 0.010 0.701 0.002 0.111 0.032 0.011 0.057 0.021 
151 Late_Is_06   (17)   11 :  0.015 0.263 0.665 0.002 0.003 0.030 0.009 0.002 0.011 
152 Late_Is_07    (2)   11 :  0.027 0.002 0.719 0.120 0.003 0.042 0.007 0.054 0.027 
153 Late_Is_08    (6)   11 :  0.023 0.022 0.549 0.034 0.003 0.285 0.022 0.046 0.016 
154 Late_Is_09    (3)   11 :  0.004 0.001 0.711 0.005 0.011 0.018 0.004 0.237 0.010 
155 Late_Is_10    (3)   11 :  0.004 0.004 0.755 0.006 0.018 0.005 0.004 0.203 0.002 
156 Late_Is_11   (21)   11 :  0.006 0.288 0.563 0.001 0.012 0.019 0.084 0.011 0.016 
157 Late_Is_12    (7)   11 :  0.008 0.036 0.734 0.001 0.002 0.015 0.151 0.023 0.030 
158 Late_Is_13    (3)   11 :  0.015 0.007 0.672 0.009 0.142 0.007 0.031 0.114 0.004 
159 Late_Is_14    (2)   11 :  0.118 0.003 0.826 0.009 0.008 0.003 0.017 0.012 0.004 
160 Late_Is_15    (4)   11 :  0.012 0.068 0.536 0.059 0.246 0.006 0.005 0.062 0.006 
161 Late_Is_16    (2)   11 :  0.028 0.001 0.685 0.002 0.003 0.201 0.026 0.008 0.046 
162 Late_Is_17    (4)   11 :  0.002 0.066 0.570 0.008 0.328 0.011 0.004 0.006 0.003 
163 Late_Is_18    (3)   11 :  0.005 0.056 0.774 0.008 0.031 0.095 0.003 0.018 0.011 
164 Late_Is_19    (4)   11 :  0.013 0.000 0.601 0.134 0.014 0.011 0.117 0.018 0.092 
165 Late_Is_20    (2)   11 :  0.011 0.002 0.717 0.001 0.058 0.031 0.110 0.040 0.029 
166 Late_Is_21    (6)   11 :  0.041 0.039 0.583 0.002 0.009 0.111 0.007 0.200 0.007 
167 Cambodia_1    (0)   12 :  0.001 0.868 0.001 0.126 0.001 0.001 0.001 0.001 0.001 
168 Laos___001    (0)   12 :  0.001 0.776 0.001 0.218 0.001 0.001 0.001 0.001 0.001 
169 Laos___002    (0)   12 :  0.001 0.902 0.002 0.088 0.001 0.001 0.001 0.002 0.001 
170 Luzon__001    (0)   12 :  0.003 0.662 0.004 0.319 0.001 0.003 0.003 0.002 0.003 
171 Thailand01    (0)   12 :  0.001 0.868 0.001 0.128 0.001 0.000 0.001 0.001 0.001 
172 Thailand02    (0)   12 :  0.001 0.765 0.001 0.230 0.000 0.001 0.001 0.001 0.001 
173 Malenge_04   (53)   13 :  0.008 0.973 0.003 0.001 0.003 0.005 0.002 0.002 0.003 
174 Malenge_11   (57)   13 :  0.013 0.926 0.008 0.002 0.014 0.012 0.010 0.007 0.007 
175 Malenge_14   (57)   13 :  0.001 0.994 0.001 0.001 0.001 0.001 0.001 0.001 0.001 
176 Malenge_15   (58)   13 :  0.003 0.978 0.003 0.002 0.003 0.002 0.003 0.003 0.003 
177 Malenge_17   (57)   13 :  0.001 0.993 0.001 0.001 0.001 0.001 0.001 0.001 0.001 
178 Malenge_18   (36)   13 :  0.023 0.866 0.004 0.013 0.008 0.002 0.081 0.001 0.003 
179 Malenge_19   (50)   13 :  0.001 0.986 0.001 0.001 0.001 0.003 0.002 0.001 0.003 
180 Malenge_20   (45)   13 :  0.004 0.980 0.001 0.002 0.002 0.002 0.004 0.003 0.002 
181 Malenge_22   (45)   13 :  0.002 0.966 0.006 0.005 0.010 0.004 0.002 0.002 0.002 
182 Malenge_23   (30)   13 :  0.002 0.978 0.005 0.005 0.001 0.001 0.002 0.004 0.001 
183 Malenge_24   (21)   13 :  0.004 0.743 0.003 0.166 0.049 0.016 0.011 0.003 0.006 
184 Malenge_25   (36)   13 :  0.004 0.883 0.007 0.025 0.004 0.003 0.011 0.001 0.061 
185 Mohotani01    (0)   14 :  0.004 0.000 0.003 0.002 0.009 0.349 0.010 0.003 0.620 
186 Mohotani02    (1)   14 :  0.038 0.001 0.010 0.002 0.006 0.288 0.028 0.005 0.624 
187 Mohotani03    (4)   14 :  0.003 0.001 0.022 0.001 0.002 0.339 0.007 0.016 0.609 
188 Mohotani04    (1)   14 :  0.003 0.002 0.003 0.001 0.003 0.003 0.004 0.136 0.846 
189 Mohotani05    (4)   14 :  0.009 0.000 0.003 0.001 0.004 0.026 0.008 0.007 0.941 
190 Mohotani06    (2)   14 :  0.005 0.000 0.009 0.001 0.002 0.011 0.022 0.038 0.913 
191 Mohotani07    (2)   14 :  0.004 0.000 0.005 0.001 0.006 0.212 0.006 0.002 0.765 
192 Mohotani08    (2)   14 :  0.011 0.001 0.022 0.001 0.003 0.305 0.051 0.009 0.598 
193 Mohotani09    (2)   14 :  0.002 0.000 0.004 0.001 0.002 0.304 0.004 0.013 0.670 
194 Mohotani10    (2)   14 :  0.003 0.001 0.006 0.001 0.002 0.012 0.006 0.147 0.822 
195 Mohotani11    (0)   14 :  0.004 0.009 0.086 0.001 0.005 0.115 0.019 0.055 0.705 
196 Mohotani12    (2)   14 :  0.006 0.000 0.013 0.002 0.002 0.186 0.090 0.037 0.663 
197 Mohotani13    (3)   14 :  0.003 0.000 0.015 0.002 0.013 0.168 0.030 0.006 0.763 
198 Mohotani14    (3)   14 :  0.021 0.001 0.008 0.001 0.004 0.300 0.005 0.015 0.646 
199 Motukawa10    (3)   15 :  0.001 0.000 0.001 0.001 0.949 0.003 0.033 0.002 0.009 
200 Motukawa11    (4)   15 :  0.002 0.000 0.001 0.000 0.990 0.002 0.002 0.001 0.003 
201 Motukawa12    (3)   15 :  0.001 0.001 0.001 0.004 0.987 0.001 0.002 0.001 0.001 
202 Motukawa13    (3)   15 :  0.001 0.000 0.004 0.001 0.970 0.003 0.008 0.011 0.002 
203 Motukawa14    (2)   15 :  0.001 0.000 0.001 0.001 0.987 0.002 0.003 0.002 0.003 
204 Motukawa15    (3)   15 :  0.004 0.000 0.002 0.000 0.985 0.001 0.003 0.002 0.001 
205 Motukawa16    (1)   15 :  0.009 0.001 0.001 0.001 0.962 0.002 0.005 0.006 0.013 
206 Motukawa17    (3)   15 :  0.001 0.001 0.010 0.000 0.936 0.001 0.045 0.002 0.003 
207 Motukawa18    (4)   15 :  0.001 0.000 0.001 0.000 0.987 0.003 0.003 0.001 0.003 
208 Motukawa19    (6)   15 :  0.002 0.001 0.001 0.000 0.989 0.002 0.002 0.002 0.001 
209 Motukawa20    (3)   15 :  0.002 0.000 0.001 0.000 0.988 0.002 0.003 0.002 0.002 
210 Motukawa21    (5)   15 :  0.002 0.000 0.001 0.000 0.989 0.002 0.002 0.002 0.002 
211 Motukawan1    (3)   15 :  0.002 0.000 0.001 0.000 0.983 0.003 0.004 0.004 0.003 
212 Motukawan2    (6)   15 :  0.002 0.001 0.003 0.001 0.987 0.002 0.002 0.001 0.001 
213 Motukawan3    (2)   15 :  0.003 0.002 0.001 0.003 0.969 0.004 0.014 0.002 0.002 
214 Motukawan4    (2)   15 :  0.001 0.000 0.001 0.000 0.990 0.001 0.002 0.002 0.002 
215 Motukawan5    (1)   15 :  0.002 0.000 0.001 0.000 0.970 0.001 0.018 0.002 0.005 
216 Motukawan6    (3)   15 :  0.002 0.000 0.001 0.001 0.991 0.001 0.002 0.001 0.001 
217 Motukawan7    (1)   15 :  0.001 0.000 0.001 0.001 0.991 0.001 0.001 0.002 0.001 
218 Motukawan8    (1)   15 :  0.001 0.001 0.001 0.001 0.991 0.001 0.002 0.001 0.001 
219 Motukawan9    (1)   15 :  0.002 0.000 0.001 0.000 0.991 0.001 0.002 0.002 0.001 
220 NewBrita14   (55)   16 :  0.006 0.868 0.062 0.001 0.003 0.004 0.009 0.032 0.014 
221 NewBrita16   (28)   16 :  0.002 0.591 0.387 0.003 0.004 0.004 0.003 0.004 0.003 
222 NewBrita23   (57)   16 :  0.011 0.829 0.004 0.001 0.005 0.005 0.006 0.002 0.137 
223 NewBrita24   (20)   16 :  0.002 0.463 0.197 0.031 0.072 0.003 0.012 0.027 0.193 
224 NewBrita25   (46)   16 :  0.002 0.923 0.002 0.003 0.004 0.002 0.001 0.002 0.061 
225 NewBritai2   (51)   16 :  0.017 0.897 0.052 0.004 0.006 0.008 0.009 0.003 0.005 
226 NewBritai3   (46)   16 :  0.043 0.792 0.034 0.003 0.017 0.004 0.079 0.023 0.004 
227 NewBritai6   (42)   16 :  0.019 0.740 0.185 0.003 0.020 0.007 0.011 0.009 0.007 
228 NewBritai7   (58)   16 :  0.059 0.911 0.006 0.001 0.004 0.011 0.005 0.001 0.002 
229 NewBritai8   (49)   16 :  0.005 0.665 0.299 0.008 0.002 0.001 0.010 0.006 0.002 
230 NewGuine17   (56)   17 :  0.002 0.987 0.002 0.002 0.001 0.001 0.001 0.001 0.003 
231 NewGuinea1   (56)   17 :  0.001 0.993 0.001 0.001 0.001 0.001 0.001 0.001 0.001 
232 NewGuinea8   (54)   17 :  0.001 0.980 0.001 0.012 0.001 0.001 0.001 0.001 0.001 
233 Normanby08   (57)   18 :  0.010 0.975 0.002 0.002 0.002 0.003 0.002 0.002 0.002 
234 Rakiura_01    (3)   19 :  0.015 0.002 0.013 0.003 0.335 0.002 0.617 0.003 0.010 
235 Rakiura_02    (1)   19 :  0.013 0.001 0.004 0.001 0.334 0.003 0.640 0.003 0.001 
236 Rakiura_03    (4)   19 :  0.038 0.000 0.005 0.001 0.270 0.047 0.615 0.021 0.003 
237 Rakiura_04    (1)   19 :  0.005 0.000 0.002 0.001 0.297 0.002 0.687 0.003 0.003 
238 Rakiura_05    (2)   19 :  0.004 0.000 0.003 0.001 0.371 0.004 0.614 0.002 0.002 
239 Rakiura_06    (2)   19 :  0.015 0.001 0.024 0.001 0.234 0.008 0.714 0.002 0.002 
240 Rakiura_07    (2)   19 :  0.004 0.001 0.006 0.004 0.313 0.004 0.657 0.008 0.003 
241 Rakiura_08    (2)   19 :  0.003 0.001 0.011 0.001 0.286 0.014 0.673 0.010 0.002 
242 Rakiura_09    (3)   19 :  0.109 0.002 0.068 0.001 0.247 0.014 0.515 0.030 0.013 
243 Rakiura_10    (1)   19 :  0.011 0.001 0.011 0.001 0.287 0.007 0.674 0.001 0.008 
244 Rakiura_11    (2)   19 :  0.017 0.001 0.007 0.005 0.335 0.024 0.603 0.005 0.003 
245 Rakiura_12    (2)   19 :  0.042 0.000 0.002 0.001 0.497 0.006 0.447 0.002 0.004 
246 Rakiura_13    (3)   19 :  0.004 0.003 0.018 0.015 0.458 0.009 0.489 0.003 0.002 
247 Rakiura_14    (2)   19 :  0.013 0.001 0.027 0.001 0.420 0.019 0.497 0.004 0.020 
248 Rakiura_15    (2)   19 :  0.009 0.001 0.061 0.003 0.245 0.019 0.652 0.008 0.004 
249 Rakiura_16    (3)   19 :  0.031 0.001 0.002 0.003 0.331 0.033 0.587 0.007 0.006 
250 Rakiura_17    (4)   19 :  0.057 0.009 0.242 0.001 0.399 0.026 0.263 0.002 0.002 
251 Rakiura_18    (2)   19 :  0.039 0.001 0.016 0.001 0.330 0.018 0.564 0.012 0.020 
252 Rakiura_19    (4)   19 :  0.022 0.001 0.086 0.036 0.440 0.086 0.300 0.018 0.011 
253 Rakiura_20    (2)   19 :  0.005 0.002 0.011 0.003 0.536 0.010 0.425 0.006 0.002 
254 Rakiura_21    (2)   19 :  0.010 0.003 0.024 0.001 0.390 0.018 0.524 0.002 0.027 
255 Reiono_001    (3)   20 :  0.003 0.000 0.004 0.001 0.014 0.549 0.002 0.423 0.003 
256 Reiono_002    (3)   20 :  0.004 0.000 0.004 0.001 0.008 0.632 0.008 0.341 0.003 
257 Reiono_003    (4)   20 :  0.019 0.000 0.007 0.001 0.014 0.649 0.005 0.240 0.064 
258 Reiono_004    (4)   20 :  0.008 0.001 0.022 0.001 0.006 0.645 0.007 0.307 0.004 
259 Reiono_005    (1)   20 :  0.008 0.001 0.004 0.009 0.010 0.586 0.011 0.366 0.005 
260 Reiono_006    (1)   20 :  0.016 0.000 0.012 0.001 0.033 0.664 0.118 0.150 0.007 
261 Reiono_007    (6)   20 :  0.019 0.044 0.053 0.002 0.008 0.711 0.010 0.151 0.001 
262 Reiono_008    (2)   20 :  0.004 0.000 0.016 0.001 0.015 0.561 0.006 0.388 0.008 
263 Reiono_009    (1)   20 :  0.011 0.000 0.004 0.002 0.003 0.702 0.005 0.268 0.005 
264 Reiono_010    (6)   20 :  0.039 0.002 0.056 0.001 0.032 0.424 0.010 0.427 0.010 
265 Reiono_011    (1)   20 :  0.005 0.000 0.004 0.001 0.010 0.631 0.004 0.338 0.008 
266 Reiono_012    (1)   20 :  0.012 0.000 0.005 0.002 0.010 0.676 0.007 0.280 0.006 
267 Reiono_013    (2)   20 :  0.011 0.000 0.010 0.001 0.068 0.532 0.022 0.324 0.033 
268 Reiono_014    (4)   20 :  0.076 0.000 0.018 0.001 0.007 0.529 0.007 0.231 0.130 
269 Reiono_015    (4)   20 :  0.038 0.000 0.011 0.001 0.099 0.482 0.008 0.354 0.005 
270 Reiono_016    (2)   20 :  0.014 0.000 0.007 0.001 0.032 0.616 0.008 0.317 0.005 
271 Reiono_017    (3)   20 :  0.011 0.001 0.018 0.001 0.030 0.660 0.027 0.241 0.012 
272 Reiono_018    (5)   20 :  0.007 0.001 0.061 0.002 0.005 0.558 0.016 0.348 0.002 
273 Reiono_019    (3)   20 :  0.017 0.000 0.002 0.001 0.009 0.754 0.020 0.196 0.001 
274 Reiono_020    (2)   20 :  0.005 0.002 0.002 0.005 0.006 0.542 0.035 0.398 0.005 
275 Reiono_021    (2)   20 :  0.009 0.001 0.003 0.003 0.007 0.618 0.004 0.352 0.004 
276 Rimatuu_01    (2)   21 :  0.047 0.001 0.002 0.001 0.011 0.527 0.257 0.147 0.007 
277 Rimatuu_02    (3)   21 :  0.016 0.000 0.001 0.001 0.069 0.502 0.398 0.008 0.005 
278 Rimatuu_03    (2)   21 :  0.017 0.002 0.001 0.001 0.061 0.512 0.393 0.008 0.005 
279 Rimatuu_04    (1)   21 :  0.051 0.002 0.005 0.001 0.069 0.577 0.212 0.080 0.004 
280 Rimatuu_05    (2)   21 :  0.046 0.001 0.002 0.001 0.142 0.623 0.152 0.030 0.005 
281 Rimatuu_06    (2)   21 :  0.050 0.001 0.002 0.001 0.097 0.393 0.446 0.008 0.002 
282 Rimatuu_07    (3)   21 :  0.012 0.000 0.002 0.001 0.255 0.501 0.165 0.057 0.006 
283 Rimatuu_08    (3)   21 :  0.009 0.000 0.001 0.001 0.082 0.505 0.393 0.006 0.003 
284 Rimatuu_09    (2)   21 :  0.016 0.001 0.003 0.001 0.019 0.573 0.302 0.044 0.041 
285 Rimatuu_10    (1)   21 :  0.011 0.001 0.002 0.001 0.159 0.556 0.246 0.021 0.004 
286 Rimatuu_11    (1)   21 :  0.010 0.003 0.008 0.008 0.013 0.573 0.360 0.020 0.007 
287 Rimatuu_12    (2)   21 :  0.038 0.001 0.002 0.001 0.063 0.569 0.296 0.024 0.007 
288 Rimatuu_13    (1)   21 :  0.026 0.000 0.001 0.001 0.027 0.479 0.454 0.010 0.002 
289 Rimatuu_14    (1)   21 :  0.006 0.000 0.001 0.001 0.089 0.445 0.415 0.035 0.008 
290 Rimatuu_15    (1)   21 :  0.116 0.000 0.001 0.001 0.017 0.610 0.214 0.037 0.004 
291 Rimatuu_16    (2)   21 :  0.003 0.000 0.001 0.001 0.035 0.556 0.385 0.015 0.004 
292 Rimatuu_17    (3)   21 :  0.007 0.001 0.005 0.001 0.127 0.564 0.284 0.006 0.006 
293 Rimatuu_18    (3)   21 :  0.010 0.000 0.002 0.001 0.068 0.690 0.205 0.013 0.010 
294 Rimatuu_19    (3)   21 :  0.013 0.000 0.023 0.001 0.033 0.638 0.013 0.272 0.006 
295 Rimatuu_20    (3)   21 :  0.005 0.000 0.005 0.001 0.048 0.537 0.025 0.373 0.005 
296 Rimatuu_21    (4)   21 :  0.013 0.000 0.001 0.001 0.060 0.582 0.320 0.019 0.003 
297 Slipper_01    (3)   22 :  0.002 0.001 0.003 0.010 0.974 0.002 0.004 0.001 0.003 
298 Slipper_02    (2)   22 :  0.004 0.000 0.002 0.001 0.986 0.001 0.002 0.002 0.003 
299 Slipper_03    (3)   22 :  0.002 0.000 0.001 0.001 0.990 0.002 0.001 0.001 0.001 
300 Slipper_04    (2)   22 :  0.035 0.001 0.004 0.001 0.934 0.008 0.004 0.004 0.009 
301 Slipper_05    (1)   22 :  0.002 0.000 0.002 0.001 0.955 0.019 0.015 0.001 0.004 
302 Slipper_06    (2)   22 :  0.008 0.001 0.003 0.001 0.971 0.002 0.006 0.004 0.004 
303 Slipper_07    (1)   22 :  0.003 0.001 0.002 0.005 0.873 0.015 0.003 0.011 0.087 
304 Slipper_08    (2)   22 :  0.005 0.001 0.003 0.001 0.982 0.002 0.003 0.001 0.002 
305 Slipper_09    (3)   22 :  0.002 0.000 0.002 0.001 0.986 0.002 0.003 0.002 0.002 
306 Slipper_10    (3)   22 :  0.014 0.000 0.003 0.001 0.968 0.003 0.003 0.005 0.003 
307 Slipper_11    (2)   22 :  0.002 0.002 0.003 0.015 0.969 0.003 0.002 0.002 0.002 
308 Slipper_12    (2)   22 :  0.007 0.003 0.004 0.001 0.975 0.002 0.002 0.002 0.004 
309 Slipper_13    (1)   22 :  0.006 0.001 0.002 0.001 0.944 0.032 0.005 0.001 0.007 
310 Slipper_14    (3)   22 :  0.003 0.001 0.006 0.001 0.971 0.003 0.012 0.004 0.001 
311 Slipper_15    (2)   22 :  0.001 0.000 0.048 0.002 0.931 0.003 0.007 0.004 0.004 
312 Slipper_16    (3)   22 :  0.002 0.001 0.004 0.001 0.976 0.002 0.003 0.006 0.006 
313 Slipper_17    (2)   22 :  0.019 0.000 0.001 0.001 0.944 0.020 0.006 0.004 0.004 
314 Slipper_18    (0)   22 :  0.004 0.000 0.004 0.001 0.959 0.015 0.006 0.006 0.004 
315 Slipper_19    (3)   22 :  0.001 0.002 0.004 0.004 0.948 0.013 0.021 0.002 0.005 
316 Slipper_20    (3)   22 :  0.003 0.001 0.002 0.001 0.950 0.023 0.010 0.004 0.007 
317 Slipper_21    (2)   22 :  0.010 0.001 0.044 0.002 0.897 0.011 0.021 0.005 0.011 
318 Sulawesi_1   (17)   23 :  0.070 0.647 0.010 0.215 0.012 0.007 0.004 0.016 0.018 
319 Sulawesi_2    (9)   23 :  0.003 0.732 0.003 0.248 0.003 0.003 0.003 0.003 0.002 
320 Sulawesi_3   (18)   23 :  0.019 0.828 0.003 0.061 0.024 0.009 0.012 0.008 0.034 
321 Sulawesi_4   (14)   23 :  0.011 0.780 0.032 0.147 0.005 0.003 0.006 0.010 0.006 
322 Sulawesi_5    (7)   23 :  0.006 0.615 0.017 0.295 0.007 0.011 0.011 0.006 0.032 
323 Sulawesi_6   (22)   23 :  0.007 0.796 0.003 0.008 0.095 0.034 0.028 0.005 0.024 
324 Sulawesi_7   (10)   23 :  0.014 0.623 0.009 0.309 0.020 0.006 0.004 0.010 0.006 
325 Sulawesi_8   (22)   23 :  0.002 0.648 0.002 0.341 0.002 0.001 0.001 0.001 0.001 
326 Sulawesi_9    (9)   23 :  0.013 0.654 0.005 0.310 0.002 0.003 0.002 0.006 0.005 
327 Sulawesi10    (9)   23 :  0.014 0.588 0.006 0.346 0.004 0.005 0.011 0.008 0.016 
328 Sulawesi11   (16)   23 :  0.049 0.594 0.004 0.192 0.031 0.014 0.054 0.006 0.057 
329 Sulawesi12   (20)   23 :  0.004 0.755 0.003 0.216 0.003 0.011 0.002 0.005 0.002 
330 Sulawesi13   (18)   23 :  0.010 0.863 0.012 0.094 0.008 0.004 0.005 0.002 0.003 
331 Sulawesi14   (27)   23 :  0.003 0.834 0.019 0.070 0.018 0.029 0.007 0.011 0.009 
332 Sulawesi15   (23)   23 :  0.022 0.743 0.012 0.096 0.027 0.066 0.003 0.007 0.024 
333 Sulawesi16   (24)   23 :  0.012 0.653 0.007 0.242 0.020 0.005 0.029 0.022 0.010 
334 Sulawesi17   (10)   23 :  0.019 0.493 0.012 0.421 0.020 0.004 0.004 0.016 0.010 
335 Sulawesi18   (20)   23 :  0.004 0.886 0.015 0.048 0.013 0.013 0.004 0.003 0.014 
336 Sulawesi19   (18)   23 :  0.004 0.689 0.003 0.276 0.002 0.007 0.001 0.012 0.006 
337 Sulawesi20   (22)   23 :  0.098 0.842 0.003 0.004 0.005 0.006 0.004 0.005 0.033 
338 Sulawesi21   (12)   23 :  0.004 0.624 0.004 0.354 0.002 0.003 0.001 0.002 0.006 
339 Sulawesi22   (35)   23 :  0.011 0.952 0.007 0.009 0.005 0.002 0.004 0.007 0.002 
340 Tahanea_01   (10)   24 :  0.996 0.000 0.000 0.000 0.001 0.001 0.001 0.001 0.001 
341 Tahanea_02    (2)   24 :  0.990 0.001 0.001 0.001 0.003 0.001 0.001 0.001 0.001 
342 Tahanea_03    (9)   24 :  0.884 0.109 0.002 0.001 0.001 0.001 0.001 0.001 0.001 
343 Tahanea_04    (3)   24 :  0.996 0.000 0.001 0.000 0.001 0.000 0.001 0.001 0.001 
344 Tahanea_05    (2)   24 :  0.994 0.000 0.001 0.000 0.001 0.002 0.000 0.001 0.001 
345 Tahanea_06    (2)   24 :  0.995 0.000 0.001 0.000 0.001 0.001 0.001 0.001 0.001 
346 Tahanea_07    (3)   24 :  0.971 0.001 0.001 0.001 0.008 0.014 0.002 0.002 0.002 
347 Tahanea_08   (15)   24 :  0.995 0.000 0.000 0.001 0.001 0.001 0.001 0.001 0.001 
348 Tahanea_09    (3)   24 :  0.994 0.000 0.001 0.000 0.001 0.001 0.001 0.001 0.001 
349 Tahanea_10    (2)   24 :  0.994 0.000 0.001 0.000 0.001 0.001 0.001 0.001 0.001 
350 Tahanea_11    (5)   24 :  0.888 0.104 0.001 0.001 0.001 0.001 0.001 0.001 0.001 
351 Tahanea_12    (3)   24 :  0.986 0.001 0.001 0.001 0.003 0.001 0.003 0.003 0.002 
352 Tahanea_13    (2)   24 :  0.976 0.012 0.001 0.001 0.002 0.002 0.002 0.002 0.002 
353 Tahanea_14    (2)   24 :  0.988 0.005 0.003 0.001 0.001 0.001 0.001 0.001 0.001 
354 Tahanea_15    (2)   24 :  0.983 0.001 0.001 0.001 0.001 0.002 0.004 0.005 0.003 
355 Tahanea_16    (9)   24 :  0.991 0.000 0.002 0.000 0.002 0.001 0.001 0.001 0.001 
356 Tahanea_17    (2)   24 :  0.995 0.000 0.000 0.000 0.001 0.001 0.001 0.001 0.001 
357 Tahanea_18    (6)   24 :  0.964 0.022 0.001 0.001 0.006 0.002 0.002 0.001 0.001 
358 Tahanea_19    (3)   24 :  0.993 0.001 0.001 0.000 0.001 0.001 0.001 0.001 0.001 
359 Tahanea_20    (0)   24 :  0.994 0.000 0.001 0.000 0.001 0.001 0.001 0.001 0.001 
360 Wake_Is_01    (1)   25 :  0.002 0.000 0.982 0.001 0.005 0.003 0.003 0.001 0.002 
361 Wake_Is_02    (4)   25 :  0.008 0.003 0.975 0.001 0.002 0.001 0.004 0.001 0.004 
362 Wake_Is_03    (2)   25 :  0.002 0.000 0.992 0.001 0.001 0.001 0.001 0.001 0.002 
363 Wake_Is_04    (2)   25 :  0.001 0.001 0.980 0.007 0.005 0.002 0.002 0.002 0.001 
364 Wake_Is_05    (1)   25 :  0.002 0.001 0.987 0.001 0.002 0.001 0.002 0.002 0.002 
365 Wake_Is_06    (0)   25 :  0.008 0.000 0.972 0.002 0.002 0.004 0.004 0.001 0.007 
366 Wake_Is_07    (2)   25 :  0.002 0.000 0.989 0.001 0.002 0.001 0.002 0.001 0.002 
367 Wake_Is_08    (2)   25 :  0.004 0.000 0.984 0.002 0.001 0.001 0.001 0.005 0.001 
368 Wake_Is_09    (2)   25 :  0.001 0.001 0.990 0.001 0.002 0.002 0.002 0.001 0.001 
369 Wake_Is_10    (2)   25 :  0.001 0.000 0.990 0.001 0.003 0.001 0.001 0.001 0.002 
370 Wake_Is_11    (1)   25 :  0.002 0.001 0.989 0.002 0.002 0.001 0.002 0.001 0.001 
371 Wake_Is_12    (2)   25 :  0.005 0.000 0.971 0.001 0.012 0.005 0.003 0.001 0.002 
372 Wake_Is_13    (4)   25 :  0.002 0.000 0.986 0.001 0.005 0.001 0.002 0.002 0.001 
373 Wake_Is_14    (2)   25 :  0.002 0.000 0.988 0.001 0.002 0.002 0.002 0.001 0.002 
374 Wake_Is_15    (2)   25 :  0.003 0.007 0.983 0.001 0.001 0.001 0.001 0.001 0.001 
375 Wake_Is_16    (5)   25 :  0.002 0.160 0.831 0.001 0.002 0.001 0.001 0.001 0.001 
376 Wake_Is_17    (1)   25 :  0.002 0.000 0.989 0.001 0.002 0.001 0.001 0.002 0.001 
377 Wake_Is_18    (1)   25 :  0.004 0.000 0.982 0.001 0.004 0.001 0.003 0.003 0.002 
378 Wake_Is_19    (2)   25 :  0.003 0.000 0.985 0.001 0.002 0.002 0.002 0.003 0.002 
379 Wake_Is_20    (1)   25 :  0.001 0.001 0.988 0.003 0.002 0.002 0.001 0.001 0.002 


Estimated Allele Frequencies in each cluster
First column gives estimated ancestral frequencies


Locus 1 : X299_CHR1_1146 
2 alleles
15.3% missing data
   3   (0.809) 0.999 0.702 0.997 0.998 0.996 0.998 0.961 0.950 0.952 
   2   (0.191) 0.001 0.298 0.003 0.002 0.004 0.002 0.039 0.050 0.048 

Locus 2 : X13_CHR1_11661 
2 alleles
6.6% missing data
   3   (0.601) 0.004 0.874 0.692 0.997 0.916 0.113 0.986 0.003 0.810 
   4   (0.399) 0.996 0.126 0.308 0.003 0.084 0.887 0.014 0.997 0.190 

Locus 3 : X14_CHR1_12485 
2 alleles
8.7% missing data
   4   (0.519) 0.005 0.197 0.944 0.004 0.994 0.993 0.974 0.003 0.720 
   3   (0.481) 0.995 0.803 0.056 0.996 0.006 0.007 0.026 0.997 0.280 

Locus 4 : X15_CHR1_13486 
2 alleles
3.2% missing data
   2   (0.921) 0.999 0.803 0.999 0.999 1.000 1.000 0.996 1.000 0.999 
   1   (0.079) 0.001 0.197 0.001 0.001 0.000 0.000 0.004 0.000 0.001 

Locus 5 : X16_CHR1_13731 
2 alleles
5.8% missing data
   1   (0.509) 0.996 0.032 0.845 0.003 0.997 0.887 0.982 0.202 0.687 
   3   (0.491) 0.004 0.968 0.155 0.997 0.003 0.113 0.018 0.798 0.313 

Locus 6 : X18_CHR1_18597 
2 alleles
14.8% missing data
   2   (0.937) 1.000 0.929 0.999 0.999 1.000 1.000 1.000 1.000 0.999 
   4   (0.063) 0.000 0.071 0.001 0.001 0.000 0.000 0.000 0.000 0.001 

Locus 7 : X19_CHR1_19270 
2 alleles
1.1% missing data
   4   (0.927) 0.999 0.881 0.997 0.999 1.000 1.000 0.999 1.000 0.999 
   3   (0.073) 0.001 0.119 0.003 0.001 0.000 0.000 0.001 0.000 0.001 

Locus 8 : X20_CHR1_19838 
2 alleles
5.8% missing data
   3   (0.883) 0.999 0.897 0.983 0.999 0.992 0.999 0.998 0.999 0.999 
   1   (0.117) 0.001 0.103 0.017 0.001 0.008 0.001 0.002 0.001 0.001 

Locus 9 : X21_CHR1_20196 
2 alleles
3.7% missing data
   1   (0.445) 0.320 0.503 0.944 0.133 0.002 0.530 0.293 0.013 0.652 
   3   (0.555) 0.680 0.497 0.056 0.867 0.998 0.470 0.707 0.987 0.348 

Locus 10 : X22_CHR1_20954 
2 alleles
8.2% missing data
   1   (0.566) 0.004 0.424 0.439 0.993 0.937 0.992 0.584 0.097 0.904 
   3   (0.434) 0.996 0.576 0.561 0.007 0.063 0.008 0.416 0.903 0.096 

Locus 11 : X23_CHR1_21191 
2 alleles
12.9% missing data
   3   (0.661) 0.997 0.936 0.807 0.998 0.317 0.100 0.620 0.998 0.013 
   2   (0.339) 0.003 0.064 0.193 0.002 0.683 0.900 0.380 0.002 0.987 

Locus 12 : X262_CHR1_2123 
2 alleles
9.8% missing data
   4   (0.935) 1.000 0.918 0.999 1.000 1.000 1.000 1.000 1.000 0.999 
   1   (0.065) 0.000 0.082 0.001 0.000 0.000 0.000 0.000 0.000 0.001 

Locus 13 : X24_CHR1_21645 
2 alleles
2.9% missing data
   3   (0.941) 1.000 0.969 0.999 0.999 1.000 1.000 1.000 1.000 0.999 
   4   (0.059) 0.000 0.031 0.001 0.001 0.000 0.000 0.000 0.000 0.001 

Locus 14 : X25_CHR1_22005 
2 alleles
0.0% missing data
   4   (0.817) 0.962 0.093 0.978 0.994 0.999 0.996 0.997 0.999 0.998 
   2   (0.183) 0.038 0.907 0.022 0.006 0.001 0.004 0.003 0.001 0.002 

