

----------------------------------------------------
STRUCTURE by Pritchard, Stephens and Donnelly (2000)
     and Falush, Stephens and Pritchard (2003)
       Code by Pritchard, Falush and Hubisz
             Version 2.3.4 (Jul 2012)
----------------------------------------------------



Command line arguments:   bin\structure -m C:\Users\airhe\OneDrive\Documents\Masters\Project 3\kiore-project\results\ratsSNPs_struc_preHWE\as_pdf\mainparams -e C:\Users\airhe\OneDrive\Documents\Masters\Project 3\kiore-project\results\ratsSNPs_struc_preHWE\as_pdf\extraparams 
Input File:    C:\Users\airhe\OneDrive\Documents\Masters\Project 3\kiore-project\results\ratsSNPs_struc_preHWE\project_data

Run parameters:
   379 individuals
   282 loci
   8 populations assumed
   5000 Burn-in period
   50000 Reps


--------------------------------------------
Proportion of membership of each pre-defined
 population in each of the 8 clusters

Given    Inferred Clusters                                          Number of
 Pop       1      2      3      4      5      6      7      8      Individuals

  1:     0.015  0.912  0.003  0.004  0.012  0.013  0.041  0.001       10
  2:     0.027  0.041  0.036  0.033  0.013  0.031  0.031  0.788       18
  3:     0.002  0.552  0.001  0.003  0.217  0.008  0.194  0.023        1
  4:     0.083  0.358  0.001  0.003  0.099  0.007  0.436  0.014        1
  5:     0.010  0.005  0.047  0.005  0.009  0.030  0.006  0.886       12
  6:     0.008  0.055  0.001  0.009  0.902  0.011  0.010  0.003       21
  7:     0.994  0.001  0.000  0.001  0.001  0.001  0.001  0.001       20
  8:     0.010  0.959  0.001  0.003  0.007  0.002  0.015  0.003       20
  9:     0.002  0.002  0.001  0.002  0.936  0.002  0.005  0.050       21
 10:     0.001  0.001  0.772  0.001  0.001  0.001  0.001  0.222       21
 11:     0.064  0.035  0.021  0.023  0.081  0.674  0.053  0.049       21
 12:     0.002  0.001  0.185  0.001  0.001  0.002  0.001  0.807        6
 13:     0.003  0.010  0.019  0.006  0.005  0.004  0.009  0.944       12
 14:     0.025  0.053  0.001  0.008  0.887  0.021  0.003  0.001       14
 15:     0.003  0.005  0.001  0.002  0.002  0.002  0.984  0.001       21
 16:     0.015  0.021  0.006  0.017  0.017  0.118  0.024  0.783       10
 17:     0.001  0.001  0.006  0.001  0.001  0.001  0.001  0.987        3
 18:     0.003  0.003  0.002  0.008  0.003  0.002  0.002  0.978        1
 19:     0.010  0.572  0.004  0.015  0.015  0.030  0.351  0.001       21
 20:     0.326  0.009  0.003  0.011  0.593  0.015  0.039  0.004       21
 21:     0.108  0.027  0.001  0.024  0.542  0.003  0.294  0.001       21
 22:     0.004  0.007  0.003  0.005  0.011  0.009  0.960  0.001       21
 23:     0.011  0.010  0.199  0.018  0.015  0.009  0.015  0.722       22
 24:     0.002  0.001  0.001  0.978  0.002  0.001  0.002  0.013       20
 25:     0.002  0.003  0.001  0.002  0.002  0.977  0.003  0.009       20
--------------------------------------------

Allele-freq. divergence among pops (Net nucleotide distance),
computed using point estimates of P.

      1       2       3       4       5       6       7       8      
 1      -    0.0704  0.1594  0.1068  0.0751  0.0971  0.0829  0.1602  
 2   0.0704     -    0.1573  0.0762  0.0357  0.0630  0.0376  0.1601  
 3   0.1594  0.1573     -    0.1846  0.1416  0.1322  0.1575  0.1286  
 4   0.1068  0.0762  0.1846     -    0.0741  0.1052  0.0817  0.1742  
 5   0.0751  0.0357  0.1416  0.0741     -    0.0641  0.0398  0.1431  
 6   0.0971  0.0630  0.1322  0.1052  0.0641     -    0.0655  0.1237  
 7   0.0829  0.0376  0.1575  0.0817  0.0398  0.0655     -    0.1620  
 8   0.1602  0.1601  0.1286  0.1742  0.1431  0.1237  0.1620     -    

Average distances (expected heterozygosity) between individuals in same cluster:
cluster  1  : 0.0523 
cluster  2  : 0.1022 
cluster  3  : 0.0600 
cluster  4  : 0.0467 
cluster  5  : 0.1141 
cluster  6  : 0.1190 
cluster  7  : 0.0841 
cluster  8  : 0.2785 

--------------------------------------------
Estimated Ln Prob of Data   = -40804.9
Mean value of ln likelihood = -40051.7
Variance of ln likelihood   = 1506.4
Mean value of alpha         = 0.0412

Mean value of Fst_1         = 0.7866
Mean value of Fst_2         = 0.6111
Mean value of Fst_3         = 0.7885
Mean value of Fst_4         = 0.7955
Mean value of Fst_5         = 0.5678
Mean value of Fst_6         = 0.5415
Mean value of Fst_7         = 0.6823
Mean value of Fst_8         = 0.2409


Inferred ancestry of individuals:
        Label (%Miss) Pop:  Inferred clusters
  1 Aotea__001    (1)    1 :  0.015 0.952 0.006 0.002 0.005 0.010 0.010 0.001 
  2 Aotea__002    (2)    1 :  0.021 0.790 0.004 0.001 0.016 0.027 0.140 0.001 
  3 Aotea__003    (1)    1 :  0.006 0.893 0.002 0.010 0.048 0.005 0.037 0.000 
  4 Aotea__004    (2)    1 :  0.002 0.977 0.001 0.002 0.003 0.003 0.011 0.001 
  5 Aotea__005    (4)    1 :  0.032 0.801 0.003 0.004 0.020 0.007 0.132 0.001 
  6 Aotea__006    (3)    1 :  0.002 0.978 0.001 0.003 0.007 0.004 0.004 0.000 
  7 Aotea__007    (4)    1 :  0.004 0.949 0.001 0.003 0.004 0.031 0.007 0.001 
  8 Aotea__008    (3)    1 :  0.054 0.880 0.008 0.012 0.004 0.032 0.005 0.005 
  9 Aotea__009    (3)    1 :  0.002 0.932 0.002 0.004 0.003 0.004 0.053 0.000 
 10 Aotea__010    (2)    1 :  0.008 0.965 0.001 0.002 0.007 0.003 0.013 0.000 
 11 Borneo_002   (57)    2 :  0.003 0.014 0.001 0.003 0.004 0.026 0.009 0.940 
 12 Borneo_003   (45)    2 :  0.001 0.005 0.001 0.002 0.003 0.113 0.026 0.850 
 13 Borneo_004   (35)    2 :  0.041 0.008 0.002 0.032 0.015 0.045 0.021 0.835 
 14 Borneo_005   (52)    2 :  0.003 0.045 0.001 0.004 0.007 0.002 0.012 0.926 
 15 Borneo_006   (56)    2 :  0.003 0.002 0.001 0.001 0.002 0.002 0.001 0.990 
 16 Borneo_008   (45)    2 :  0.026 0.101 0.014 0.078 0.019 0.007 0.051 0.704 
 17 Borneo_012   (33)    2 :  0.003 0.222 0.004 0.003 0.015 0.006 0.016 0.730 
 18 Borneo_013   (13)    2 :  0.018 0.012 0.281 0.005 0.003 0.150 0.129 0.402 
 19 Borneo_014   (55)    2 :  0.002 0.001 0.001 0.002 0.001 0.001 0.001 0.991 
 20 Borneo_015   (36)    2 :  0.003 0.085 0.003 0.143 0.029 0.008 0.015 0.714 
 21 Borneo_016   (47)    2 :  0.007 0.099 0.005 0.108 0.034 0.004 0.004 0.740 
 22 Borneo_017   (56)    2 :  0.020 0.047 0.072 0.008 0.028 0.027 0.011 0.787 
 23 Borneo_019   (23)    2 :  0.169 0.034 0.011 0.016 0.012 0.041 0.022 0.696 
 24 Borneo_020   (37)    2 :  0.003 0.026 0.006 0.006 0.023 0.010 0.192 0.734 
 25 Borneo_021   (35)    2 :  0.001 0.007 0.004 0.158 0.006 0.073 0.004 0.747 
 26 Borneo_022   (26)    2 :  0.106 0.006 0.014 0.016 0.004 0.004 0.009 0.841 
 27 Borneo_023   (24)    2 :  0.021 0.012 0.020 0.007 0.012 0.019 0.015 0.892 
 28 Borneo_024   (21)    2 :  0.054 0.004 0.209 0.007 0.018 0.014 0.019 0.675 
 29 Southland1    (0)    3 :  0.002 0.552 0.001 0.003 0.217 0.008 0.194 0.023 
 30 GrtMercury    (0)    4 :  0.083 0.358 0.001 0.003 0.099 0.007 0.436 0.014 
 31 Halmaher10   (48)    5 :  0.002 0.003 0.001 0.003 0.006 0.003 0.002 0.979 
 32 Halmaher11   (50)    5 :  0.001 0.001 0.001 0.001 0.002 0.001 0.001 0.991 
 33 Halmaher19   (50)    5 :  0.001 0.001 0.002 0.001 0.001 0.001 0.001 0.990 
 34 Halmaher23   (49)    5 :  0.030 0.020 0.005 0.014 0.030 0.017 0.003 0.881 
 35 Halmaher24   (18)    5 :  0.003 0.012 0.076 0.016 0.005 0.265 0.030 0.594 
 36 Halmahera1   (21)    5 :  0.013 0.006 0.028 0.009 0.026 0.034 0.009 0.875 
 37 Halmahera2   (33)    5 :  0.041 0.007 0.006 0.002 0.025 0.003 0.003 0.913 
 38 Halmahera3   (24)    5 :  0.009 0.006 0.007 0.002 0.008 0.007 0.014 0.947 
 39 Halmahera6   (40)    5 :  0.002 0.002 0.046 0.003 0.002 0.002 0.002 0.942 
 40 Halmahera7   (57)    5 :  0.001 0.001 0.002 0.001 0.003 0.001 0.003 0.987 
 41 Halmahera8   (41)    5 :  0.017 0.003 0.131 0.002 0.002 0.025 0.003 0.817 
 42 Halmahera9   (36)    5 :  0.005 0.001 0.262 0.003 0.002 0.004 0.002 0.721 
 43 Hatutaa_01    (6)    6 :  0.032 0.028 0.002 0.034 0.873 0.006 0.003 0.022 
 44 Hatutaa_02    (2)    6 :  0.005 0.051 0.002 0.023 0.891 0.008 0.020 0.002 
 45 Hatutaa_03    (1)    6 :  0.003 0.052 0.001 0.005 0.931 0.003 0.005 0.001 
 46 Hatutaa_04    (3)    6 :  0.008 0.141 0.002 0.022 0.787 0.030 0.008 0.002 
 47 Hatutaa_05    (3)    6 :  0.027 0.104 0.001 0.004 0.756 0.083 0.004 0.021 
 48 Hatutaa_06    (1)    6 :  0.002 0.020 0.001 0.002 0.967 0.002 0.007 0.000 
 49 Hatutaa_07    (1)    6 :  0.012 0.118 0.001 0.014 0.840 0.007 0.008 0.001 
 50 Hatutaa_08    (7)    6 :  0.005 0.009 0.001 0.002 0.975 0.003 0.004 0.001 
 51 Hatutaa_09    (2)    6 :  0.004 0.018 0.001 0.003 0.962 0.003 0.008 0.000 
 52 Hatutaa_10    (2)    6 :  0.008 0.009 0.004 0.003 0.967 0.004 0.004 0.002 
 53 Hatutaa_11    (3)    6 :  0.013 0.044 0.001 0.008 0.911 0.004 0.017 0.001 
 54 Hatutaa_12    (1)    6 :  0.003 0.087 0.001 0.011 0.887 0.004 0.005 0.001 
 55 Hatutaa_13    (1)    6 :  0.004 0.008 0.001 0.003 0.981 0.002 0.002 0.000 
 56 Hatutaa_14    (2)    6 :  0.002 0.017 0.002 0.011 0.956 0.003 0.008 0.001 
 57 Hatutaa_15    (1)    6 :  0.007 0.075 0.001 0.007 0.770 0.063 0.076 0.001 
 58 Hatutaa_16    (5)    6 :  0.004 0.134 0.002 0.002 0.850 0.002 0.007 0.000 
 59 Hatutaa_17    (2)    6 :  0.008 0.114 0.001 0.005 0.865 0.003 0.004 0.000 
 60 Hatutaa_18    (1)    6 :  0.002 0.009 0.001 0.002 0.983 0.001 0.002 0.000 
 61 Hatutaa_19    (1)    6 :  0.003 0.020 0.003 0.002 0.963 0.003 0.007 0.001 
 62 Hatutaa_20    (2)    6 :  0.006 0.040 0.001 0.020 0.922 0.004 0.008 0.000 
 63 Hatutaa_21    (2)    6 :  0.014 0.056 0.001 0.006 0.916 0.003 0.003 0.000 
 64 Honuea_001    (2)    7 :  0.993 0.001 0.000 0.002 0.001 0.001 0.001 0.001 
 65 Honuea_002    (3)    7 :  0.995 0.001 0.000 0.001 0.001 0.001 0.001 0.000 
 66 Honuea_003    (2)    7 :  0.995 0.001 0.000 0.001 0.001 0.001 0.001 0.000 
 67 Honuea_004    (4)    7 :  0.995 0.001 0.000 0.001 0.001 0.001 0.001 0.000 
 68 Honuea_005    (5)    7 :  0.984 0.001 0.000 0.001 0.001 0.001 0.001 0.011 
 69 Honuea_006    (5)    7 :  0.991 0.001 0.000 0.003 0.001 0.001 0.001 0.002 
 70 Honuea_007    (2)    7 :  0.994 0.001 0.000 0.001 0.001 0.001 0.001 0.001 
 71 Honuea_008    (1)    7 :  0.994 0.001 0.000 0.001 0.001 0.001 0.001 0.001 
 72 Honuea_009    (3)    7 :  0.996 0.001 0.000 0.001 0.001 0.001 0.001 0.000 
 73 Honuea_010    (3)    7 :  0.994 0.001 0.000 0.001 0.001 0.001 0.001 0.000 
 74 Honuea_011    (3)    7 :  0.995 0.001 0.000 0.001 0.001 0.001 0.001 0.000 
 75 Honuea_012    (3)    7 :  0.992 0.001 0.000 0.001 0.001 0.003 0.001 0.001 
 76 Honuea_013    (0)    7 :  0.996 0.001 0.000 0.001 0.001 0.000 0.001 0.000 
 77 Honuea_015    (3)    7 :  0.994 0.001 0.000 0.001 0.001 0.001 0.001 0.000 
 78 Honuea_016    (2)    7 :  0.995 0.001 0.001 0.001 0.001 0.001 0.001 0.000 
 79 Honuea_017    (3)    7 :  0.996 0.001 0.000 0.001 0.001 0.001 0.001 0.000 
 80 Honuea_018    (2)    7 :  0.994 0.001 0.001 0.001 0.001 0.001 0.001 0.000 
 81 Honuea_019    (2)    7 :  0.994 0.001 0.000 0.002 0.001 0.001 0.001 0.000 
 82 Honuea_020    (3)    7 :  0.993 0.001 0.000 0.001 0.001 0.001 0.001 0.001 
 83 Honuea_021    (1)    7 :  0.996 0.001 0.000 0.001 0.001 0.000 0.001 0.000 
 84 Kaikura_01    (2)    8 :  0.017 0.963 0.001 0.005 0.006 0.005 0.003 0.001 
 85 Kaikura_02    (4)    8 :  0.003 0.989 0.001 0.002 0.002 0.001 0.003 0.000 
 86 Kaikura_03    (3)    8 :  0.002 0.989 0.000 0.001 0.004 0.001 0.003 0.000 
 87 Kaikura_04    (3)    8 :  0.002 0.993 0.000 0.001 0.002 0.001 0.002 0.000 
 88 Kaikura_05   (12)    8 :  0.003 0.937 0.001 0.002 0.005 0.001 0.003 0.048 
 89 Kaikura_06    (2)    8 :  0.002 0.990 0.000 0.002 0.002 0.001 0.002 0.000 
 90 Kaikura_07    (1)    8 :  0.005 0.979 0.001 0.003 0.006 0.002 0.005 0.000 
 91 Kaikura_08    (1)    8 :  0.067 0.908 0.001 0.004 0.007 0.002 0.011 0.000 
 92 Kaikura_09    (2)    8 :  0.003 0.975 0.001 0.002 0.013 0.002 0.005 0.000 
 93 Kaikura_10    (4)    8 :  0.001 0.984 0.001 0.002 0.009 0.001 0.002 0.000 
 94 Kaikura_11    (7)    8 :  0.003 0.957 0.002 0.016 0.014 0.003 0.003 0.003 
 95 Kaikura_12    (5)    8 :  0.044 0.941 0.001 0.004 0.005 0.001 0.004 0.000 
 96 Kaikura_13    (2)    8 :  0.015 0.740 0.001 0.011 0.008 0.006 0.220 0.000 
 97 Kaikura_14    (3)    8 :  0.003 0.986 0.001 0.002 0.002 0.001 0.006 0.000 
 98 Kaikura_15    (2)    8 :  0.003 0.988 0.001 0.001 0.003 0.001 0.003 0.000 
 99 Kaikura_16    (2)    8 :  0.002 0.988 0.001 0.002 0.002 0.001 0.004 0.000 
100 Kaikura_17    (2)    8 :  0.002 0.989 0.001 0.002 0.002 0.002 0.002 0.001 
101 Kaikura_18    (2)    8 :  0.004 0.981 0.001 0.003 0.002 0.005 0.003 0.001 
102 Kaikura_19    (2)    8 :  0.002 0.946 0.005 0.002 0.031 0.008 0.005 0.001 
103 Kaikura_20    (3)    8 :  0.017 0.962 0.001 0.003 0.007 0.001 0.009 0.000 
104 Kamaka_001    (3)    9 :  0.001 0.002 0.001 0.001 0.992 0.002 0.001 0.000 
105 Kamaka_002    (2)    9 :  0.002 0.001 0.001 0.001 0.991 0.001 0.003 0.001 
106 Kamaka_003    (3)    9 :  0.004 0.001 0.001 0.001 0.988 0.001 0.004 0.000 
107 Kamaka_004    (5)    9 :  0.002 0.002 0.002 0.001 0.987 0.002 0.002 0.001 
108 Kamaka_005    (5)    9 :  0.002 0.002 0.001 0.001 0.991 0.001 0.003 0.000 
109 Kamaka_006    (2)    9 :  0.003 0.001 0.001 0.001 0.990 0.001 0.003 0.000 
110 Kamaka_007    (2)    9 :  0.002 0.002 0.001 0.001 0.990 0.001 0.002 0.001 
111 Kamaka_008    (2)    9 :  0.001 0.001 0.002 0.001 0.990 0.002 0.002 0.000 
112 Kamaka_009   (56)    9 :  0.001 0.001 0.001 0.001 0.001 0.001 0.001 0.993 
113 Kamaka_010    (2)    9 :  0.003 0.002 0.001 0.001 0.987 0.001 0.005 0.000 
114 Kamaka_011    (3)    9 :  0.003 0.003 0.003 0.003 0.944 0.012 0.005 0.026 
115 Kamaka_012    (4)    9 :  0.003 0.002 0.001 0.001 0.990 0.001 0.001 0.000 
116 Kamaka_013    (3)    9 :  0.006 0.002 0.001 0.002 0.974 0.002 0.013 0.001 
117 Kamaka_014    (1)    9 :  0.002 0.001 0.001 0.002 0.989 0.001 0.004 0.000 
118 Kamaka_015    (3)    9 :  0.002 0.002 0.001 0.001 0.985 0.001 0.002 0.006 
119 Kamaka_016    (1)    9 :  0.001 0.002 0.001 0.001 0.988 0.001 0.005 0.000 
120 Kamaka_017    (1)    9 :  0.002 0.002 0.001 0.001 0.967 0.002 0.025 0.000 
121 Kamaka_018    (2)    9 :  0.002 0.001 0.001 0.001 0.991 0.001 0.001 0.002 
122 Kamaka_019    (3)    9 :  0.005 0.002 0.002 0.003 0.975 0.002 0.011 0.001 
123 Kamaka_020    (4)    9 :  0.003 0.003 0.002 0.006 0.962 0.004 0.006 0.014 
124 Kamaka_021    (3)    9 :  0.002 0.002 0.001 0.001 0.990 0.001 0.002 0.001 
125 Kayangel01    (3)   10 :  0.001 0.001 0.995 0.001 0.001 0.001 0.001 0.001 
126 Kayangel02    (3)   10 :  0.001 0.001 0.995 0.001 0.000 0.001 0.001 0.001 
127 Kayangel03    (4)   10 :  0.001 0.000 0.995 0.000 0.000 0.001 0.000 0.002 
128 Kayangel04    (2)   10 :  0.001 0.001 0.996 0.001 0.000 0.001 0.001 0.000 
129 Kayangel05    (1)   10 :  0.001 0.001 0.997 0.000 0.000 0.001 0.000 0.000 
130 Kayangel06    (3)   10 :  0.001 0.001 0.996 0.000 0.000 0.001 0.001 0.000 
131 Kayangel07    (7)   10 :  0.001 0.000 0.997 0.000 0.000 0.001 0.000 0.000 
132 Kayangel08    (2)   10 :  0.001 0.001 0.996 0.000 0.001 0.001 0.001 0.000 
133 Kayangel09    (1)   10 :  0.001 0.000 0.996 0.001 0.000 0.001 0.000 0.001 
134 Kayangel10    (2)   10 :  0.001 0.001 0.996 0.000 0.001 0.001 0.001 0.000 
135 Kayangel11    (1)   10 :  0.001 0.001 0.342 0.001 0.002 0.001 0.001 0.651 
136 Kayangel12    (3)   10 :  0.002 0.001 0.973 0.005 0.001 0.010 0.001 0.008 
137 Kayangel13   (20)   10 :  0.001 0.001 0.241 0.001 0.001 0.001 0.001 0.753 
138 Kayangel14    (4)   10 :  0.002 0.003 0.983 0.000 0.004 0.002 0.001 0.004 
139 Kayangel15    (2)   10 :  0.001 0.001 0.347 0.001 0.001 0.001 0.001 0.646 
140 Kayangel16    (7)   10 :  0.001 0.001 0.809 0.001 0.001 0.001 0.001 0.187 
141 Kayangel17   (41)   10 :  0.006 0.001 0.002 0.001 0.002 0.001 0.001 0.987 
142 Kayangel18    (3)   10 :  0.002 0.001 0.926 0.002 0.002 0.003 0.001 0.063 
143 Kayangel19    (2)   10 :  0.001 0.001 0.338 0.001 0.001 0.001 0.001 0.656 
144 Kayangel20    (4)   10 :  0.003 0.001 0.992 0.001 0.001 0.001 0.001 0.001 
145 Kayangel21   (13)   10 :  0.002 0.001 0.292 0.002 0.001 0.001 0.001 0.699 
146 Late_Is_01    (3)   11 :  0.009 0.006 0.020 0.013 0.211 0.739 0.001 0.001 
147 Late_Is_02    (3)   11 :  0.037 0.004 0.005 0.019 0.077 0.756 0.025 0.076 
148 Late_Is_03    (9)   11 :  0.011 0.005 0.002 0.147 0.007 0.761 0.003 0.065 
149 Late_Is_04    (4)   11 :  0.072 0.099 0.003 0.004 0.030 0.767 0.022 0.002 
150 Late_Is_05    (4)   11 :  0.071 0.010 0.002 0.035 0.068 0.691 0.111 0.012 
151 Late_Is_06   (17)   11 :  0.002 0.012 0.002 0.011 0.046 0.659 0.004 0.263 
152 Late_Is_07    (2)   11 :  0.041 0.010 0.114 0.024 0.106 0.701 0.003 0.001 
153 Late_Is_08    (6)   11 :  0.032 0.015 0.030 0.022 0.358 0.515 0.003 0.026 
154 Late_Is_09    (3)   11 :  0.238 0.003 0.006 0.003 0.044 0.699 0.006 0.001 
155 Late_Is_10    (3)   11 :  0.204 0.003 0.007 0.003 0.006 0.748 0.024 0.005 
156 Late_Is_11   (21)   11 :  0.021 0.056 0.002 0.004 0.056 0.547 0.027 0.288 
157 Late_Is_12    (7)   11 :  0.033 0.129 0.001 0.007 0.066 0.723 0.004 0.037 
158 Late_Is_13    (3)   11 :  0.145 0.019 0.007 0.014 0.006 0.664 0.137 0.008 
159 Late_Is_14    (2)   11 :  0.023 0.022 0.012 0.113 0.004 0.817 0.006 0.003 
160 Late_Is_15    (4)   11 :  0.073 0.004 0.066 0.011 0.004 0.529 0.247 0.065 
161 Late_Is_16    (2)   11 :  0.007 0.015 0.003 0.007 0.305 0.659 0.003 0.001 
162 Late_Is_17    (4)   11 :  0.010 0.005 0.011 0.002 0.011 0.574 0.321 0.066 
163 Late_Is_18    (3)   11 :  0.027 0.006 0.009 0.003 0.056 0.754 0.086 0.060 
164 Late_Is_19    (4)   11 :  0.023 0.190 0.138 0.006 0.061 0.577 0.005 0.001 
165 Late_Is_20    (2)   11 :  0.047 0.108 0.001 0.005 0.071 0.709 0.056 0.002 
166 Late_Is_21    (6)   11 :  0.225 0.007 0.002 0.030 0.112 0.575 0.009 0.040 
167 Cambodia_1    (0)   12 :  0.001 0.001 0.124 0.001 0.001 0.001 0.001 0.871 
168 Laos___001    (0)   12 :  0.001 0.001 0.219 0.001 0.001 0.001 0.001 0.775 
169 Laos___002    (0)   12 :  0.004 0.001 0.089 0.001 0.001 0.002 0.001 0.901 
170 Luzon__001    (0)   12 :  0.004 0.003 0.320 0.002 0.004 0.003 0.002 0.663 
171 Thailand01    (0)   12 :  0.001 0.000 0.128 0.000 0.001 0.001 0.001 0.868 
172 Thailand02    (0)   12 :  0.001 0.001 0.228 0.001 0.001 0.001 0.001 0.767 
173 Malenge_04   (53)   13 :  0.003 0.003 0.002 0.007 0.003 0.003 0.004 0.976 
174 Malenge_11   (57)   13 :  0.008 0.013 0.002 0.013 0.012 0.007 0.014 0.931 
175 Malenge_14   (57)   13 :  0.001 0.001 0.001 0.001 0.001 0.001 0.001 0.994 
176 Malenge_15   (58)   13 :  0.004 0.003 0.002 0.003 0.003 0.002 0.003 0.979 
177 Malenge_17   (57)   13 :  0.001 0.001 0.001 0.001 0.001 0.001 0.001 0.993 
178 Malenge_18   (36)   13 :  0.003 0.067 0.012 0.025 0.004 0.004 0.012 0.874 
179 Malenge_19   (50)   13 :  0.002 0.002 0.001 0.001 0.003 0.001 0.002 0.988 
180 Malenge_20   (45)   13 :  0.003 0.003 0.002 0.004 0.002 0.002 0.002 0.981 
181 Malenge_22   (45)   13 :  0.002 0.002 0.005 0.002 0.004 0.006 0.012 0.968 
182 Malenge_23   (30)   13 :  0.005 0.002 0.006 0.001 0.002 0.006 0.001 0.978 
183 Malenge_24   (21)   13 :  0.004 0.008 0.170 0.006 0.014 0.003 0.046 0.749 
184 Malenge_25   (36)   13 :  0.002 0.020 0.027 0.006 0.014 0.008 0.006 0.917 
185 Mohotani01    (0)   14 :  0.005 0.016 0.002 0.004 0.959 0.005 0.008 0.000 
186 Mohotani02    (1)   14 :  0.007 0.089 0.002 0.038 0.849 0.009 0.004 0.001 
187 Mohotani03    (4)   14 :  0.030 0.016 0.001 0.002 0.907 0.041 0.002 0.001 
188 Mohotani04    (1)   14 :  0.094 0.058 0.001 0.004 0.827 0.008 0.005 0.003 
189 Mohotani05    (4)   14 :  0.003 0.013 0.001 0.007 0.971 0.002 0.002 0.000 
190 Mohotani06    (2)   14 :  0.013 0.075 0.001 0.005 0.892 0.012 0.001 0.000 
191 Mohotani07    (2)   14 :  0.002 0.025 0.001 0.003 0.956 0.011 0.002 0.000 
192 Mohotani08    (2)   14 :  0.011 0.128 0.001 0.011 0.816 0.028 0.003 0.002 
193 Mohotani09    (2)   14 :  0.010 0.007 0.001 0.002 0.972 0.006 0.001 0.000 
194 Mohotani10    (2)   14 :  0.039 0.159 0.001 0.004 0.747 0.046 0.003 0.001 
195 Mohotani11    (0)   14 :  0.023 0.042 0.001 0.005 0.838 0.081 0.003 0.007 
196 Mohotani12    (2)   14 :  0.056 0.059 0.001 0.005 0.858 0.018 0.001 0.000 
197 Mohotani13    (3)   14 :  0.007 0.038 0.001 0.004 0.938 0.008 0.003 0.000 
198 Mohotani14    (3)   14 :  0.046 0.017 0.001 0.016 0.893 0.020 0.006 0.001 
199 Motukawa10    (3)   15 :  0.003 0.010 0.001 0.002 0.008 0.001 0.976 0.000 
200 Motukawa11    (4)   15 :  0.001 0.002 0.000 0.002 0.002 0.001 0.991 0.000 
201 Motukawa12    (3)   15 :  0.001 0.002 0.004 0.001 0.002 0.001 0.988 0.001 
202 Motukawa13    (3)   15 :  0.013 0.003 0.001 0.001 0.002 0.004 0.975 0.000 
203 Motukawa14    (2)   15 :  0.002 0.002 0.001 0.001 0.004 0.001 0.989 0.000 
204 Motukawa15    (3)   15 :  0.003 0.002 0.000 0.002 0.001 0.002 0.989 0.000 
205 Motukawa16    (1)   15 :  0.008 0.005 0.002 0.009 0.003 0.001 0.972 0.001 
206 Motukawa17    (3)   15 :  0.002 0.031 0.000 0.001 0.002 0.021 0.940 0.001 
207 Motukawa18    (4)   15 :  0.001 0.002 0.000 0.001 0.003 0.001 0.991 0.000 
208 Motukawa19    (6)   15 :  0.002 0.002 0.000 0.001 0.002 0.001 0.992 0.000 
209 Motukawa20    (3)   15 :  0.002 0.002 0.001 0.002 0.002 0.001 0.991 0.000 
210 Motukawa21    (5)   15 :  0.002 0.003 0.000 0.001 0.002 0.001 0.991 0.000 
211 Motukawan1    (3)   15 :  0.003 0.004 0.001 0.001 0.003 0.001 0.986 0.000 
212 Motukawan2    (6)   15 :  0.002 0.002 0.001 0.001 0.001 0.003 0.988 0.001 
213 Motukawan3    (2)   15 :  0.002 0.002 0.004 0.002 0.002 0.001 0.985 0.001 
214 Motukawan4    (2)   15 :  0.002 0.001 0.001 0.001 0.002 0.001 0.992 0.000 
215 Motukawan5    (1)   15 :  0.002 0.018 0.001 0.002 0.003 0.002 0.972 0.000 
216 Motukawan6    (3)   15 :  0.001 0.001 0.001 0.002 0.001 0.001 0.993 0.000 
217 Motukawan7    (1)   15 :  0.002 0.002 0.001 0.001 0.003 0.001 0.990 0.001 
218 Motukawan8    (1)   15 :  0.002 0.002 0.001 0.001 0.002 0.001 0.991 0.001 
219 Motukawan9    (1)   15 :  0.002 0.002 0.000 0.001 0.001 0.001 0.992 0.000 
220 NewBrita14   (55)   16 :  0.037 0.009 0.001 0.004 0.008 0.071 0.004 0.866 
221 NewBrita16   (28)   16 :  0.005 0.003 0.003 0.002 0.003 0.382 0.008 0.595 
222 NewBrita23   (57)   16 :  0.003 0.016 0.002 0.021 0.053 0.009 0.009 0.887 
223 NewBrita24   (20)   16 :  0.042 0.061 0.030 0.001 0.056 0.157 0.164 0.487 
224 NewBrita25   (46)   16 :  0.003 0.002 0.005 0.002 0.022 0.002 0.007 0.957 
225 NewBritai2   (51)   16 :  0.004 0.009 0.004 0.012 0.008 0.056 0.005 0.902 
226 NewBritai3   (46)   16 :  0.027 0.083 0.003 0.043 0.005 0.022 0.019 0.798 
227 NewBritai6   (42)   16 :  0.016 0.009 0.003 0.025 0.006 0.180 0.015 0.746 
228 NewBritai7   (58)   16 :  0.002 0.005 0.002 0.057 0.006 0.005 0.005 0.920 
229 NewBritai8   (49)   16 :  0.007 0.012 0.008 0.006 0.002 0.294 0.002 0.669 
230 NewGuine17   (56)   17 :  0.001 0.001 0.002 0.001 0.002 0.002 0.001 0.990 
231 NewGuinea1   (56)   17 :  0.001 0.001 0.001 0.001 0.001 0.001 0.001 0.994 
232 NewGuinea8   (54)   17 :  0.001 0.002 0.015 0.001 0.001 0.001 0.001 0.978 
233 Normanby08   (57)   18 :  0.003 0.003 0.002 0.008 0.003 0.002 0.002 0.978 
234 Rakiura_01    (3)   19 :  0.005 0.635 0.003 0.007 0.007 0.010 0.330 0.002 
235 Rakiura_02    (1)   19 :  0.004 0.647 0.001 0.008 0.002 0.003 0.335 0.001 
236 Rakiura_03    (4)   19 :  0.034 0.589 0.001 0.036 0.017 0.005 0.317 0.001 
237 Rakiura_04    (1)   19 :  0.004 0.717 0.001 0.004 0.003 0.004 0.268 0.000 
238 Rakiura_05    (2)   19 :  0.003 0.611 0.001 0.004 0.002 0.002 0.377 0.000 
239 Rakiura_06    (2)   19 :  0.003 0.731 0.001 0.018 0.005 0.025 0.217 0.001 
240 Rakiura_07    (2)   19 :  0.008 0.662 0.004 0.003 0.004 0.005 0.314 0.001 
241 Rakiura_08    (2)   19 :  0.012 0.684 0.001 0.002 0.004 0.010 0.286 0.001 
242 Rakiura_09    (3)   19 :  0.040 0.498 0.001 0.076 0.030 0.076 0.277 0.002 
243 Rakiura_10    (1)   19 :  0.002 0.698 0.001 0.006 0.017 0.006 0.269 0.000 
244 Rakiura_11    (2)   19 :  0.010 0.585 0.005 0.016 0.012 0.007 0.364 0.001 
245 Rakiura_12    (2)   19 :  0.002 0.492 0.001 0.022 0.009 0.002 0.471 0.000 
246 Rakiura_13    (3)   19 :  0.003 0.496 0.015 0.003 0.006 0.020 0.454 0.003 
247 Rakiura_14    (2)   19 :  0.006 0.510 0.001 0.007 0.021 0.035 0.420 0.001 
248 Rakiura_15    (2)   19 :  0.008 0.662 0.003 0.006 0.020 0.051 0.250 0.001 
249 Rakiura_16    (3)   19 :  0.007 0.614 0.003 0.017 0.018 0.002 0.338 0.001 
250 Rakiura_17    (4)   19 :  0.005 0.246 0.001 0.037 0.014 0.266 0.425 0.006 
251 Rakiura_18    (2)   19 :  0.023 0.558 0.001 0.023 0.030 0.018 0.346 0.001 
252 Rakiura_19    (4)   19 :  0.027 0.388 0.038 0.020 0.040 0.052 0.434 0.001 
253 Rakiura_20    (2)   19 :  0.009 0.443 0.002 0.004 0.005 0.012 0.523 0.002 
254 Rakiura_21    (2)   19 :  0.003 0.549 0.001 0.007 0.050 0.021 0.367 0.002 
255 Reiono_001    (3)   20 :  0.421 0.004 0.001 0.004 0.540 0.004 0.025 0.000 
256 Reiono_002    (3)   20 :  0.370 0.007 0.001 0.004 0.510 0.007 0.101 0.000 
257 Reiono_003    (4)   20 :  0.208 0.006 0.001 0.010 0.751 0.008 0.015 0.001 
258 Reiono_004    (4)   20 :  0.326 0.010 0.001 0.005 0.623 0.024 0.010 0.001 
259 Reiono_005    (1)   20 :  0.384 0.011 0.020 0.006 0.559 0.007 0.013 0.001 
260 Reiono_006    (1)   20 :  0.177 0.035 0.001 0.005 0.690 0.014 0.077 0.000 
261 Reiono_007    (6)   20 :  0.280 0.010 0.002 0.031 0.536 0.038 0.041 0.062 
262 Reiono_008    (2)   20 :  0.410 0.005 0.001 0.002 0.539 0.019 0.023 0.000 
263 Reiono_009    (1)   20 :  0.302 0.005 0.002 0.012 0.667 0.003 0.007 0.001 
264 Reiono_010    (6)   20 :  0.434 0.008 0.001 0.015 0.444 0.049 0.045 0.003 
265 Reiono_011    (1)   20 :  0.335 0.004 0.001 0.004 0.636 0.004 0.017 0.000 
266 Reiono_012    (1)   20 :  0.331 0.004 0.003 0.007 0.631 0.005 0.019 0.001 
267 Reiono_013    (2)   20 :  0.318 0.009 0.001 0.005 0.628 0.007 0.033 0.000 
268 Reiono_014    (4)   20 :  0.227 0.005 0.001 0.036 0.712 0.011 0.007 0.000 
269 Reiono_015    (4)   20 :  0.352 0.007 0.001 0.032 0.483 0.011 0.113 0.000 
270 Reiono_016    (2)   20 :  0.318 0.004 0.001 0.011 0.519 0.005 0.141 0.000 
271 Reiono_017    (3)   20 :  0.240 0.012 0.001 0.008 0.685 0.013 0.040 0.001 
272 Reiono_018    (5)   20 :  0.368 0.009 0.004 0.004 0.532 0.075 0.006 0.001 
273 Reiono_019    (3)   20 :  0.261 0.006 0.001 0.023 0.644 0.003 0.062 0.000 
274 Reiono_020    (2)   20 :  0.414 0.025 0.006 0.003 0.539 0.002 0.009 0.003 
275 Reiono_021    (2)   20 :  0.368 0.006 0.007 0.005 0.594 0.005 0.014 0.001 
276 Rimatuu_01    (2)   21 :  0.235 0.028 0.001 0.045 0.653 0.001 0.037 0.000 
277 Rimatuu_02    (3)   21 :  0.023 0.021 0.001 0.011 0.480 0.002 0.462 0.000 
278 Rimatuu_03    (2)   21 :  0.023 0.060 0.001 0.023 0.545 0.002 0.344 0.002 
279 Rimatuu_04    (1)   21 :  0.121 0.005 0.001 0.044 0.540 0.004 0.282 0.002 
280 Rimatuu_05    (2)   21 :  0.060 0.004 0.001 0.010 0.540 0.003 0.381 0.001 
281 Rimatuu_06    (2)   21 :  0.034 0.075 0.001 0.054 0.346 0.002 0.485 0.001 
282 Rimatuu_07    (3)   21 :  0.120 0.006 0.001 0.005 0.411 0.001 0.457 0.000 
283 Rimatuu_08    (3)   21 :  0.034 0.036 0.001 0.005 0.467 0.001 0.455 0.000 
284 Rimatuu_09    (2)   21 :  0.156 0.017 0.001 0.010 0.678 0.004 0.133 0.001 
285 Rimatuu_10    (1)   21 :  0.044 0.005 0.001 0.012 0.472 0.002 0.463 0.001 
286 Rimatuu_11    (1)   21 :  0.092 0.035 0.008 0.020 0.641 0.013 0.189 0.002 
287 Rimatuu_12    (2)   21 :  0.047 0.019 0.001 0.035 0.566 0.002 0.330 0.000 
288 Rimatuu_13    (1)   21 :  0.108 0.133 0.001 0.028 0.448 0.001 0.280 0.000 
289 Rimatuu_14    (1)   21 :  0.091 0.032 0.001 0.003 0.479 0.002 0.392 0.000 
290 Rimatuu_15    (1)   21 :  0.141 0.011 0.001 0.161 0.604 0.002 0.080 0.000 
291 Rimatuu_16    (2)   21 :  0.097 0.037 0.001 0.003 0.594 0.001 0.265 0.000 
292 Rimatuu_17    (3)   21 :  0.013 0.007 0.001 0.006 0.525 0.002 0.446 0.000 
293 Rimatuu_18    (3)   21 :  0.031 0.007 0.001 0.008 0.685 0.002 0.266 0.000 
294 Rimatuu_19    (3)   21 :  0.312 0.004 0.001 0.004 0.647 0.009 0.022 0.000 
295 Rimatuu_20    (3)   21 :  0.409 0.015 0.001 0.005 0.515 0.004 0.051 0.000 
296 Rimatuu_21    (4)   21 :  0.086 0.009 0.001 0.006 0.542 0.001 0.353 0.001 
297 Slipper_01    (3)   22 :  0.002 0.003 0.012 0.002 0.002 0.003 0.976 0.001 
298 Slipper_02    (2)   22 :  0.004 0.002 0.001 0.003 0.002 0.002 0.984 0.000 
299 Slipper_03    (3)   22 :  0.002 0.002 0.001 0.002 0.001 0.001 0.991 0.000 
300 Slipper_04    (2)   22 :  0.005 0.004 0.001 0.021 0.012 0.005 0.950 0.001 
301 Slipper_05    (1)   22 :  0.001 0.014 0.001 0.002 0.013 0.002 0.966 0.000 
302 Slipper_06    (2)   22 :  0.006 0.009 0.002 0.007 0.003 0.004 0.969 0.001 
303 Slipper_07    (1)   22 :  0.014 0.005 0.007 0.003 0.087 0.004 0.879 0.001 
304 Slipper_08    (2)   22 :  0.003 0.003 0.001 0.005 0.003 0.004 0.980 0.001 
305 Slipper_09    (3)   22 :  0.003 0.006 0.001 0.003 0.003 0.002 0.983 0.000 
306 Slipper_10    (3)   22 :  0.006 0.003 0.001 0.010 0.005 0.003 0.972 0.000 
307 Slipper_11    (2)   22 :  0.002 0.001 0.018 0.002 0.003 0.004 0.967 0.003 
308 Slipper_12    (2)   22 :  0.002 0.003 0.001 0.005 0.003 0.003 0.978 0.004 
309 Slipper_13    (1)   22 :  0.002 0.006 0.001 0.004 0.016 0.004 0.966 0.001 
310 Slipper_14    (3)   22 :  0.005 0.010 0.001 0.002 0.002 0.007 0.972 0.001 
311 Slipper_15    (2)   22 :  0.006 0.011 0.002 0.001 0.004 0.072 0.904 0.001 
312 Slipper_16    (3)   22 :  0.006 0.004 0.002 0.002 0.005 0.006 0.975 0.001 
313 Slipper_17    (2)   22 :  0.005 0.005 0.001 0.011 0.011 0.001 0.964 0.000 
314 Slipper_18    (0)   22 :  0.006 0.006 0.002 0.002 0.005 0.005 0.974 0.000 
315 Slipper_19    (3)   22 :  0.003 0.016 0.004 0.001 0.014 0.004 0.955 0.003 
316 Slipper_20    (3)   22 :  0.005 0.007 0.001 0.002 0.011 0.002 0.972 0.000 
317 Slipper_21    (2)   22 :  0.006 0.025 0.001 0.006 0.026 0.044 0.891 0.001 
318 Sulawesi_1   (17)   23 :  0.017 0.004 0.212 0.083 0.021 0.007 0.010 0.646 
319 Sulawesi_2    (9)   23 :  0.003 0.004 0.247 0.004 0.003 0.004 0.002 0.734 
320 Sulawesi_3   (18)   23 :  0.015 0.011 0.066 0.016 0.019 0.004 0.032 0.836 
321 Sulawesi_4   (14)   23 :  0.022 0.008 0.143 0.008 0.005 0.027 0.006 0.781 
322 Sulawesi_5    (7)   23 :  0.007 0.010 0.297 0.005 0.020 0.032 0.011 0.618 
323 Sulawesi_6   (22)   23 :  0.008 0.032 0.009 0.004 0.078 0.005 0.063 0.801 
324 Sulawesi_7   (10)   23 :  0.013 0.004 0.314 0.013 0.005 0.006 0.021 0.624 
325 Sulawesi_8   (22)   23 :  0.002 0.001 0.339 0.001 0.001 0.003 0.001 0.650 
326 Sulawesi_9    (9)   23 :  0.010 0.002 0.308 0.008 0.004 0.008 0.003 0.657 
327 Sulawesi10    (9)   23 :  0.012 0.010 0.348 0.012 0.011 0.005 0.005 0.597 
328 Sulawesi11   (16)   23 :  0.017 0.065 0.189 0.045 0.043 0.005 0.035 0.602 
329 Sulawesi12   (20)   23 :  0.007 0.001 0.212 0.003 0.008 0.003 0.003 0.764 
330 Sulawesi13   (18)   23 :  0.003 0.005 0.113 0.006 0.003 0.010 0.009 0.850 
331 Sulawesi14   (27)   23 :  0.012 0.005 0.080 0.003 0.024 0.018 0.021 0.837 
332 Sulawesi15   (23)   23 :  0.015 0.003 0.122 0.028 0.034 0.012 0.043 0.742 
333 Sulawesi16   (24)   23 :  0.027 0.031 0.241 0.010 0.009 0.008 0.019 0.655 
334 Sulawesi17   (10)   23 :  0.020 0.005 0.426 0.014 0.009 0.015 0.020 0.493 
335 Sulawesi18   (20)   23 :  0.004 0.004 0.070 0.003 0.011 0.012 0.013 0.883 
336 Sulawesi19   (18)   23 :  0.012 0.002 0.280 0.004 0.006 0.003 0.003 0.690 
337 Sulawesi20   (22)   23 :  0.006 0.004 0.006 0.111 0.012 0.004 0.006 0.851 
338 Sulawesi21   (12)   23 :  0.004 0.002 0.353 0.003 0.004 0.004 0.002 0.627 
339 Sulawesi22   (35)   23 :  0.011 0.005 0.010 0.009 0.002 0.005 0.005 0.952 
340 Tahanea_01   (10)   24 :  0.001 0.001 0.000 0.996 0.001 0.001 0.001 0.000 
341 Tahanea_02    (2)   24 :  0.001 0.001 0.001 0.990 0.001 0.001 0.003 0.001 
342 Tahanea_03    (9)   24 :  0.001 0.001 0.002 0.883 0.001 0.001 0.001 0.109 
343 Tahanea_04    (3)   24 :  0.001 0.001 0.000 0.996 0.001 0.001 0.001 0.000 
344 Tahanea_05    (2)   24 :  0.001 0.001 0.000 0.996 0.001 0.000 0.001 0.000 
345 Tahanea_06    (2)   24 :  0.001 0.001 0.000 0.995 0.001 0.001 0.001 0.000 
346 Tahanea_07    (3)   24 :  0.002 0.002 0.001 0.972 0.010 0.001 0.010 0.001 
347 Tahanea_08   (15)   24 :  0.001 0.001 0.001 0.996 0.001 0.001 0.001 0.000 
348 Tahanea_09    (3)   24 :  0.001 0.001 0.000 0.994 0.001 0.001 0.001 0.001 
349 Tahanea_10    (2)   24 :  0.001 0.001 0.000 0.994 0.001 0.001 0.001 0.000 
350 Tahanea_11    (5)   24 :  0.002 0.001 0.001 0.887 0.002 0.001 0.001 0.105 
351 Tahanea_12    (3)   24 :  0.004 0.003 0.000 0.986 0.001 0.001 0.002 0.001 
352 Tahanea_13    (2)   24 :  0.003 0.002 0.001 0.974 0.002 0.001 0.002 0.014 
353 Tahanea_14    (2)   24 :  0.001 0.001 0.001 0.987 0.001 0.003 0.001 0.006 
354 Tahanea_15    (2)   24 :  0.008 0.004 0.002 0.981 0.003 0.001 0.001 0.001 
355 Tahanea_16    (9)   24 :  0.001 0.001 0.000 0.990 0.001 0.003 0.003 0.001 
356 Tahanea_17    (2)   24 :  0.001 0.001 0.000 0.995 0.001 0.001 0.001 0.000 
357 Tahanea_18    (6)   24 :  0.001 0.002 0.001 0.961 0.002 0.001 0.007 0.026 
358 Tahanea_19    (3)   24 :  0.001 0.001 0.000 0.993 0.001 0.001 0.001 0.001 
359 Tahanea_20    (0)   24 :  0.001 0.001 0.000 0.995 0.001 0.001 0.001 0.000 
360 Wake_Is_01    (1)   25 :  0.002 0.003 0.001 0.002 0.003 0.983 0.006 0.000 
361 Wake_Is_02    (4)   25 :  0.002 0.005 0.001 0.008 0.004 0.975 0.002 0.003 
362 Wake_Is_03    (2)   25 :  0.001 0.001 0.001 0.001 0.001 0.992 0.001 0.000 
363 Wake_Is_04    (2)   25 :  0.002 0.003 0.005 0.001 0.002 0.980 0.006 0.002 
364 Wake_Is_05    (1)   25 :  0.003 0.004 0.001 0.001 0.002 0.986 0.003 0.001 
365 Wake_Is_06    (0)   25 :  0.001 0.008 0.002 0.007 0.006 0.973 0.002 0.001 
366 Wake_Is_07    (2)   25 :  0.002 0.002 0.001 0.002 0.001 0.989 0.002 0.000 
367 Wake_Is_08    (2)   25 :  0.004 0.001 0.002 0.003 0.001 0.986 0.002 0.000 
368 Wake_Is_09    (2)   25 :  0.002 0.001 0.001 0.001 0.002 0.991 0.002 0.001 
369 Wake_Is_10    (2)   25 :  0.001 0.002 0.001 0.001 0.001 0.990 0.003 0.000 
370 Wake_Is_11    (1)   25 :  0.001 0.002 0.001 0.003 0.001 0.989 0.002 0.001 
371 Wake_Is_12    (2)   25 :  0.001 0.002 0.001 0.003 0.004 0.973 0.015 0.000 
372 Wake_Is_13    (4)   25 :  0.003 0.003 0.001 0.001 0.002 0.985 0.005 0.000 
373 Wake_Is_14    (2)   25 :  0.002 0.002 0.001 0.001 0.003 0.989 0.002 0.000 
374 Wake_Is_15    (2)   25 :  0.001 0.001 0.001 0.002 0.002 0.982 0.001 0.009 
375 Wake_Is_16    (5)   25 :  0.002 0.002 0.001 0.001 0.002 0.831 0.001 0.160 
376 Wake_Is_17    (1)   25 :  0.002 0.001 0.001 0.002 0.001 0.991 0.002 0.000 
377 Wake_Is_18    (1)   25 :  0.003 0.004 0.001 0.005 0.002 0.981 0.004 0.000 
378 Wake_Is_19    (2)   25 :  0.006 0.002 0.001 0.003 0.002 0.984 0.003 0.000 
379 Wake_Is_20    (1)   25 :  0.002 0.001 0.002 0.001 0.002 0.990 0.002 0.001 


Estimated Allele Frequencies in each cluster
First column gives estimated ancestral frequencies


Locus 1 : X299_CHR1_1146 
2 alleles
15.3% missing data
   3   (0.791) 0.959 0.953 0.998 0.999 0.979 0.997 0.998 0.703 
   2   (0.209) 0.041 0.047 0.002 0.001 0.021 0.003 0.002 0.297 

Locus 2 : X13_CHR1_11661 
2 alleles
6.6% missing data
   3   (0.617) 0.003 0.994 0.997 0.004 0.358 0.704 0.884 0.875 
   4   (0.383) 0.997 0.006 0.003 0.996 0.642 0.296 0.116 0.125 

Locus 3 : X14_CHR1_12485 
2 alleles
8.7% missing data
   4   (0.453) 0.004 0.965 0.003 0.004 0.882 0.943 0.995 0.201 
   3   (0.547) 0.996 0.035 0.997 0.996 0.118 0.057 0.005 0.799 

Locus 4 : X15_CHR1_13486 
2 alleles
3.2% missing data
   2   (0.913) 1.000 0.996 0.999 1.000 1.000 0.999 1.000 0.804 
   1   (0.087) 0.000 0.004 0.001 0.000 0.000 0.001 0.000 0.196 

Locus 5 : X16_CHR1_13731 
2 alleles
5.8% missing data
   1   (0.487) 0.212 0.992 0.003 0.996 0.811 0.857 0.996 0.033 
   3   (0.513) 0.788 0.008 0.997 0.004 0.189 0.143 0.004 0.967 

Locus 6 : X18_CHR1_18597 
2 alleles
14.8% missing data
   2   (0.928) 1.000 0.999 0.999 1.000 1.000 0.999 1.000 0.929 
   4   (0.072) 0.000 0.001 0.001 0.000 0.000 0.001 0.000 0.071 

Locus 7 : X19_CHR1_19270 
2 alleles
1.1% missing data
   4   (0.919) 1.000 0.999 0.999 0.999 1.000 0.997 1.000 0.881 
   3   (0.081) 0.000 0.001 0.001 0.001 0.000 0.003 0.000 0.119 

Locus 8 : X20_CHR1_19838 
2 alleles
5.8% missing data
   3   (0.872) 0.999 0.998 0.999 0.999 0.999 0.981 0.994 0.898 
   1   (0.128) 0.001 0.002 0.001 0.001 0.001 0.019 0.006 0.102 

Locus 9 : X21_CHR1_20196 
2 alleles
3.7% missing data
   1   (0.443) 0.011 0.349 0.132 0.320 0.593 0.953 0.002 0.507 
   3   (0.557) 0.989 0.651 0.868 0.680 0.407 0.047 0.998 0.493 

Locus 10 : X22_CHR1_20954 
2 alleles
8.2% missing data
   1   (0.537) 0.100 0.582 0.993 0.004 0.970 0.436 0.919 0.432 
   3   (0.463) 0.900 0.418 0.007 0.996 0.030 0.564 0.081 0.568 

Locus 11 : X23_CHR1_21191 
2 alleles
12.9% missing data
   3   (0.702) 0.998 0.601 0.998 0.998 0.033 0.809 0.334 0.935 
   2   (0.298) 0.002 0.399 0.002 0.002 0.967 0.191 0.666 0.065 

Locus 12 : X262_CHR1_2123 
2 alleles
9.8% missing data
   4   (0.929) 1.000 0.999 1.000 1.000 1.000 0.999 1.000 0.918 
   1   (0.071) 0.000 0.001 0.000 0.000 0.000 0.001 0.000 0.082 

Locus 13 : X24_CHR1_21645 
2 alleles
2.9% missing data
   3   (0.937) 1.000 1.000 0.999 1.000 1.000 0.999 1.000 0.969 
   4   (0.063) 0.000 0.000 0.001 0.000 0.000 0.001 0.000 0.031 

Locus 14 : X25_CHR1_22005 
2 alleles
0.0% missing data
   4   (0.772) 0.999 0.996 0.991 0.965 0.997 0.977 0.999 0.097 
   2   (0.228) 0.001 0.004 0.009 0.035 0.003 0.023 0.001 0.903 

Locus 15 : X26_CHR1_23112 
2 alleles
5.3% missing data
   4   (0.886) 1.000 0.999 0.999 0.999 0.999 0.998 0.983 0.867 
   1   (0.114) 0.000 0.001 0.001 0.001 0.001 0.002 0.017 0.133 

Locus 16 : X27_CHR1_25562 
2 alleles
6.3% missing data
   1   (0.895) 1.000 0.999 0.997 0.999 0.999 0.999 1.000 0.310 
   3   (0.105) 0.000 0.001 0.003 0.001 0.001 0.001 0.000 0.690 

Locus 17 : X300_CHR1_2620 
2 alleles
7.9% missing data
   1   (0.804) 0.979 0.997 0.998 0.999 0.967 0.920 0.999 0.854 
   2   (0.196) 0.021 0.003 0.002 0.001 0.033 0.080 0.001 0.146 

Locus 18 : X301_CHR1_2620 
2 alleles
24.8% missing data
   4   (0.776) 0.999 0.992 0.997 0.998 0.899 0.668 0.998 0.642 
   2   (0.224) 0.001 0.008 0.003 0.002 0.101 0.332 0.002 0.358 

Locus 19 : X28_CHR1_26550 
2 alleles
2.9% missing data
   3   (0.906) 0.997 0.999 0.998 0.999 0.995 0.999 0.999 0.961 
   1   (0.094) 0.003 0.001 0.002 0.001 0.005 0.001 0.001 0.039 

Locus 20 : X29_CHR1_28123 
2 alleles
10.6% missing data
   1   (0.851) 0.999 0.999 0.186 0.999 0.999 0.998 0.999 0.458 
   3   (0.149) 0.001 0.001 0.814 0.001 0.001 0.002 0.001 0.542 

Locus 21 : X260_CHR1_3236 
2 alleles
0.3% missing data
   4   (0.711) 0.972 0.994 0.936 0.968 0.990 0.786 0.971 0.757 
   2   (0.289) 0.028 0.006 0.064 0.032 0.010 0.214 0.029 0.243 

Locus 22 : X2_CHR1_348682 
2 alleles
7.1% missing data
   1   (0.739) 0.998 0.998 0.005 0.998 0.997 0.512 0.998 0.384 
   3   (0.261) 0.002 0.002 0.995 0.002 0.003 0.488 0.002 0.616 

Locus 23 : X3_CHR1_537201 
2 alleles
4.2% missing data
   4   (0.884) 0.999 0.999 0.256 0.999 0.999 0.999 1.000 0.874 
   2   (0.116) 0.001 0.001 0.744 0.001 0.001 0.001 0.000 0.126 

Locus 24 : X296_CHR1_5774 
2 alleles
45.4% missing data
   3   (0.604) 0.665 0.811 0.800 0.691 0.805 0.708 0.750 0.838 
   2   (0.396) 0.335 0.189 0.200 0.309 0.195 0.292 0.250 0.162 

Locus 25 : X4_CHR1_578156 
2 alleles
17.4% missing data
   4   (0.522) 0.887 0.538 0.917 0.494 0.527 0.841 0.587 0.398 
   3   (0.478) 0.113 0.462 0.083 0.506 0.473 0.159 0.413 0.602 

Locus 26 : X5_CHR1_657423 
2 alleles
9.2% missing data
   4   (0.932) 1.000 1.000 1.000 1.000 1.000 0.999 1.000 0.955 
   2   (0.068) 0.000 0.000 0.000 0.000 0.000 0.001 0.000 0.045 

Locus 27 : X6_CHR1_723638 
2 alleles
11.9% missing data
   3   (0.936) 1.000 1.000 0.999 1.000 1.000 0.999 1.000 0.974 
   1   (0.064) 0.000 0.000 0.001 0.000 0.000 0.001 0.000 0.026 

Locus 28 : X7_CHR1_801358 
2 alleles
7.7% missing data
   2   (0.740) 0.999 0.998 0.005 0.998 0.999 0.997 0.999 0.044 
   4   (0.260) 0.001 0.002 0.995 0.002 0.001 0.003 0.001 0.956 

Locus 29 : X297_CHR1_8053 
2 alleles
19.8% missing data
   4   (0.861) 0.999 0.999 0.958 0.996 0.999 0.998 0.984 0.908 
   1   (0.139) 0.001 0.001 0.042 0.004 0.001 0.002 0.016 0.092 

Locus 30 : X298_CHR1_8257 
2 alleles
6.1% missing data
