

----------------------------------------------------
STRUCTURE by Pritchard, Stephens and Donnelly (2000)
     and Falush, Stephens and Pritchard (2003)
       Code by Pritchard, Falush and Hubisz
             Version 2.3.4 (Jul 2012)
----------------------------------------------------



Command line arguments:   bin\structure -m C:\Users\airhe\OneDrive\Documents\Masters\Project 3\kiore-project\results\ratsSNPs_struc_preHWE\as_pdf\mainparams -e C:\Users\airhe\OneDrive\Documents\Masters\Project 3\kiore-project\results\ratsSNPs_struc_preHWE\as_pdf\extraparams 
Input File:    C:\Users\airhe\OneDrive\Documents\Masters\Project 3\kiore-project\results\ratsSNPs_struc_preHWE\project_data

Run parameters:
   379 individuals
   282 loci
   7 populations assumed
   5000 Burn-in period
   50000 Reps


--------------------------------------------
Proportion of membership of each pre-defined
 population in each of the 7 clusters

Given    Inferred Clusters                                   Number of
 Pop       1      2      3      4      5      6      7      Individuals

  1:     0.016  0.013  0.044  0.015  0.005  0.002  0.907       10
  2:     0.024  0.028  0.026  0.011  0.031  0.838  0.042       18
  3:     0.003  0.011  0.200  0.217  0.003  0.014  0.553        1
  4:     0.085  0.008  0.410  0.104  0.003  0.007  0.383        1
  5:     0.007  0.027  0.005  0.007  0.004  0.946  0.004       12
  6:     0.008  0.012  0.010  0.908  0.010  0.003  0.048       21
  7:     0.994  0.001  0.001  0.001  0.001  0.001  0.001       20
  8:     0.010  0.003  0.016  0.008  0.003  0.003  0.956       20
  9:     0.003  0.002  0.005  0.935  0.002  0.050  0.002       21
 10:     0.022  0.165  0.020  0.012  0.003  0.771  0.005       21
 11:     0.060  0.695  0.051  0.082  0.024  0.060  0.028       21
 12:     0.002  0.005  0.001  0.002  0.001  0.987  0.002        6
 13:     0.003  0.003  0.008  0.004  0.006  0.969  0.008       12
 14:     0.024  0.019  0.004  0.882  0.008  0.001  0.061       14
 15:     0.003  0.002  0.984  0.003  0.002  0.001  0.006       21
 16:     0.014  0.108  0.022  0.014  0.022  0.803  0.017       10
 17:     0.001  0.001  0.001  0.001  0.002  0.991  0.002        3
 18:     0.002  0.002  0.003  0.003  0.007  0.981  0.002        1
 19:     0.011  0.031  0.356  0.018  0.018  0.002  0.564       21
 20:     0.325  0.015  0.048  0.587  0.011  0.004  0.009       21
 21:     0.110  0.003  0.292  0.541  0.027  0.001  0.026       21
 22:     0.005  0.010  0.959  0.012  0.005  0.002  0.007       21
 23:     0.012  0.010  0.015  0.012  0.016  0.925  0.010       22
 24:     0.002  0.001  0.002  0.002  0.978  0.014  0.001       20
 25:     0.002  0.977  0.003  0.002  0.003  0.010  0.003       20
--------------------------------------------

Allele-freq. divergence among pops (Net nucleotide distance),
computed using point estimates of P.

      1       2       3       4       5       6       7      
 1      -    0.0946  0.0830  0.0751  0.1067  0.1417  0.0706  
 2   0.0946     -    0.0631  0.0618  0.1034  0.1063  0.0616  
 3   0.0830  0.0631     -    0.0399  0.0817  0.1443  0.0380  
 4   0.0751  0.0618  0.0399     -    0.0742  0.1249  0.0359  
 5   0.1067  0.1034  0.0817  0.0742     -    0.1587  0.0764  
 6   0.1417  0.1063  0.1443  0.1249  0.1587     -    0.1430  
 7   0.0706  0.0616  0.0380  0.0359  0.0764  0.1430     -    

Average distances (expected heterozygosity) between individuals in same cluster:
cluster  1  : 0.0523 
cluster  2  : 0.1203 
cluster  3  : 0.0839 
cluster  4  : 0.1142 
cluster  5  : 0.0474 
cluster  6  : 0.2629 
cluster  7  : 0.1024 

--------------------------------------------
Estimated Ln Prob of Data   = -42807.0
Mean value of ln likelihood = -42144.4
Variance of ln likelihood   = 1325.2
Mean value of alpha         = 0.0446

Mean value of Fst_1         = 0.7822
Mean value of Fst_2         = 0.5273
Mean value of Fst_3         = 0.6743
Mean value of Fst_4         = 0.5552
Mean value of Fst_5         = 0.7867
Mean value of Fst_6         = 0.2265
Mean value of Fst_7         = 0.5993


Inferred ancestry of individuals:
        Label (%Miss) Pop:  Inferred clusters
  1 Aotea__001    (1)    1 :  0.015 0.013 0.011 0.007 0.002 0.001 0.951 
  2 Aotea__002    (2)    1 :  0.027 0.030 0.141 0.020 0.001 0.001 0.780 
  3 Aotea__003    (1)    1 :  0.005 0.005 0.037 0.063 0.011 0.001 0.879 
  4 Aotea__004    (2)    1 :  0.002 0.004 0.013 0.002 0.002 0.001 0.976 
  5 Aotea__005    (4)    1 :  0.025 0.006 0.142 0.027 0.005 0.001 0.794 
  6 Aotea__006    (3)    1 :  0.002 0.006 0.004 0.007 0.003 0.001 0.977 
  7 Aotea__007    (4)    1 :  0.004 0.031 0.012 0.004 0.004 0.001 0.944 
  8 Aotea__008    (3)    1 :  0.063 0.026 0.006 0.003 0.017 0.008 0.876 
  9 Aotea__009    (3)    1 :  0.002 0.004 0.057 0.003 0.005 0.001 0.928 
 10 Aotea__010    (2)    1 :  0.009 0.003 0.016 0.007 0.003 0.001 0.961 
 11 Borneo_002   (57)    2 :  0.002 0.028 0.009 0.006 0.004 0.930 0.021 
 12 Borneo_003   (45)    2 :  0.001 0.084 0.033 0.003 0.001 0.871 0.006 
 13 Borneo_004   (35)    2 :  0.024 0.030 0.015 0.010 0.053 0.859 0.010 
 14 Borneo_005   (52)    2 :  0.003 0.002 0.014 0.009 0.004 0.909 0.060 
 15 Borneo_006   (56)    2 :  0.006 0.002 0.002 0.003 0.001 0.983 0.003 
 16 Borneo_008   (45)    2 :  0.024 0.008 0.032 0.018 0.062 0.757 0.099 
 17 Borneo_012   (33)    2 :  0.003 0.008 0.019 0.008 0.002 0.769 0.191 
 18 Borneo_013   (13)    2 :  0.016 0.176 0.149 0.005 0.008 0.637 0.009 
 19 Borneo_014   (55)    2 :  0.003 0.001 0.001 0.002 0.003 0.988 0.002 
 20 Borneo_015   (36)    2 :  0.003 0.007 0.012 0.019 0.118 0.755 0.086 
 21 Borneo_016   (47)    2 :  0.005 0.003 0.003 0.018 0.106 0.746 0.118 
 22 Borneo_017   (56)    2 :  0.014 0.017 0.011 0.022 0.006 0.868 0.062 
 23 Borneo_019   (23)    2 :  0.171 0.037 0.015 0.008 0.014 0.737 0.018 
 24 Borneo_020   (37)    2 :  0.004 0.009 0.111 0.032 0.005 0.779 0.060 
 25 Borneo_021   (35)    2 :  0.002 0.053 0.005 0.006 0.143 0.785 0.006 
 26 Borneo_022   (26)    2 :  0.092 0.003 0.004 0.003 0.008 0.887 0.004 
 27 Borneo_023   (24)    2 :  0.011 0.013 0.007 0.006 0.005 0.954 0.004 
 28 Borneo_024   (21)    2 :  0.048 0.022 0.022 0.022 0.008 0.873 0.005 
 29 Southland1    (0)    3 :  0.003 0.011 0.200 0.217 0.003 0.014 0.553 
 30 GrtMercury    (0)    4 :  0.085 0.008 0.410 0.104 0.003 0.007 0.383 
 31 Halmaher10   (48)    5 :  0.003 0.003 0.002 0.011 0.005 0.971 0.004 
 32 Halmaher11   (50)    5 :  0.001 0.001 0.001 0.002 0.001 0.990 0.003 
 33 Halmaher19   (50)    5 :  0.001 0.001 0.001 0.001 0.001 0.994 0.001 
 34 Halmaher23   (49)    5 :  0.014 0.009 0.003 0.014 0.013 0.940 0.007 
 35 Halmaher24   (18)    5 :  0.002 0.250 0.027 0.005 0.012 0.692 0.013 
 36 Halmahera1   (21)    5 :  0.009 0.020 0.007 0.018 0.008 0.930 0.008 
 37 Halmahera2   (33)    5 :  0.024 0.003 0.002 0.011 0.002 0.955 0.003 
 38 Halmahera3   (24)    5 :  0.005 0.006 0.009 0.006 0.002 0.968 0.004 
 39 Halmahera6   (40)    5 :  0.002 0.002 0.001 0.001 0.002 0.991 0.001 
 40 Halmahera7   (57)    5 :  0.001 0.002 0.003 0.006 0.001 0.985 0.002 
 41 Halmahera8   (41)    5 :  0.008 0.017 0.003 0.002 0.002 0.965 0.003 
 42 Halmahera9   (36)    5 :  0.010 0.008 0.005 0.002 0.004 0.969 0.002 
 43 Hatutaa_01    (6)    6 :  0.034 0.006 0.003 0.870 0.034 0.026 0.027 
 44 Hatutaa_02    (2)    6 :  0.004 0.008 0.018 0.891 0.030 0.003 0.046 
 45 Hatutaa_03    (1)    6 :  0.003 0.003 0.008 0.938 0.006 0.001 0.041 
 46 Hatutaa_04    (3)    6 :  0.009 0.039 0.009 0.779 0.028 0.002 0.134 
 47 Hatutaa_05    (3)    6 :  0.024 0.073 0.006 0.754 0.004 0.027 0.113 
 48 Hatutaa_06    (1)    6 :  0.002 0.002 0.007 0.971 0.002 0.000 0.016 
 49 Hatutaa_07    (1)    6 :  0.012 0.007 0.007 0.851 0.012 0.001 0.110 
 50 Hatutaa_08    (7)    6 :  0.005 0.005 0.004 0.976 0.002 0.001 0.007 
 51 Hatutaa_09    (2)    6 :  0.004 0.003 0.008 0.967 0.003 0.000 0.014 
 52 Hatutaa_10    (2)    6 :  0.010 0.004 0.005 0.966 0.003 0.003 0.009 
 53 Hatutaa_11    (3)    6 :  0.010 0.005 0.014 0.912 0.010 0.001 0.048 
 54 Hatutaa_12    (1)    6 :  0.004 0.004 0.007 0.893 0.015 0.001 0.076 
 55 Hatutaa_13    (1)    6 :  0.004 0.002 0.002 0.984 0.003 0.000 0.006 
 56 Hatutaa_14    (2)    6 :  0.002 0.003 0.008 0.955 0.012 0.001 0.019 
 57 Hatutaa_15    (1)    6 :  0.010 0.065 0.068 0.782 0.011 0.001 0.064 
 58 Hatutaa_16    (5)    6 :  0.003 0.002 0.011 0.889 0.002 0.001 0.091 
 59 Hatutaa_17    (2)    6 :  0.008 0.003 0.003 0.877 0.004 0.001 0.104 
 60 Hatutaa_18    (1)    6 :  0.002 0.001 0.002 0.986 0.003 0.001 0.006 
 61 Hatutaa_19    (1)    6 :  0.003 0.006 0.006 0.969 0.001 0.001 0.014 
 62 Hatutaa_20    (2)    6 :  0.005 0.004 0.012 0.926 0.015 0.000 0.036 
 63 Hatutaa_21    (2)    6 :  0.017 0.003 0.005 0.930 0.007 0.001 0.037 
 64 Honuea_001    (2)    7 :  0.993 0.001 0.002 0.001 0.002 0.001 0.001 
 65 Honuea_002    (3)    7 :  0.995 0.001 0.001 0.001 0.001 0.000 0.001 
 66 Honuea_003    (2)    7 :  0.995 0.001 0.001 0.001 0.001 0.000 0.001 
 67 Honuea_004    (4)    7 :  0.995 0.001 0.001 0.001 0.001 0.000 0.001 
 68 Honuea_005    (5)    7 :  0.983 0.001 0.001 0.001 0.001 0.011 0.001 
 69 Honuea_006    (5)    7 :  0.991 0.001 0.001 0.001 0.003 0.003 0.001 
 70 Honuea_007    (2)    7 :  0.994 0.001 0.001 0.001 0.001 0.001 0.001 
 71 Honuea_008    (1)    7 :  0.994 0.001 0.001 0.001 0.001 0.001 0.001 
 72 Honuea_009    (3)    7 :  0.996 0.001 0.001 0.001 0.001 0.000 0.001 
 73 Honuea_010    (3)    7 :  0.994 0.001 0.002 0.002 0.001 0.000 0.001 
 74 Honuea_011    (3)    7 :  0.995 0.001 0.001 0.001 0.001 0.000 0.001 
 75 Honuea_012    (3)    7 :  0.991 0.003 0.001 0.002 0.001 0.001 0.001 
 76 Honuea_013    (0)    7 :  0.996 0.001 0.001 0.001 0.001 0.000 0.001 
 77 Honuea_015    (3)    7 :  0.994 0.001 0.001 0.001 0.001 0.000 0.001 
 78 Honuea_016    (2)    7 :  0.995 0.001 0.001 0.001 0.001 0.000 0.001 
 79 Honuea_017    (3)    7 :  0.996 0.001 0.001 0.001 0.001 0.000 0.001 
 80 Honuea_018    (2)    7 :  0.994 0.001 0.001 0.001 0.001 0.000 0.001 
 81 Honuea_019    (2)    7 :  0.993 0.001 0.002 0.001 0.002 0.001 0.001 
 82 Honuea_020    (3)    7 :  0.992 0.001 0.001 0.001 0.002 0.001 0.001 
 83 Honuea_021    (1)    7 :  0.996 0.001 0.001 0.001 0.001 0.000 0.001 
 84 Kaikura_01    (2)    8 :  0.018 0.004 0.003 0.006 0.007 0.001 0.962 
 85 Kaikura_02    (4)    8 :  0.003 0.001 0.002 0.002 0.002 0.000 0.990 
 86 Kaikura_03    (3)    8 :  0.002 0.001 0.003 0.002 0.001 0.000 0.990 
 87 Kaikura_04    (3)    8 :  0.002 0.001 0.002 0.002 0.001 0.000 0.992 
 88 Kaikura_05   (12)    8 :  0.003 0.001 0.003 0.007 0.002 0.050 0.935 
 89 Kaikura_06    (2)    8 :  0.002 0.001 0.001 0.002 0.003 0.000 0.990 
 90 Kaikura_07    (1)    8 :  0.007 0.002 0.004 0.008 0.003 0.001 0.976 
 91 Kaikura_08    (1)    8 :  0.068 0.002 0.013 0.009 0.002 0.001 0.905 
 92 Kaikura_09    (2)    8 :  0.004 0.002 0.003 0.012 0.002 0.001 0.975 
 93 Kaikura_10    (4)    8 :  0.002 0.001 0.005 0.010 0.002 0.000 0.980 
 94 Kaikura_11    (7)    8 :  0.003 0.003 0.003 0.017 0.014 0.005 0.955 
 95 Kaikura_12    (5)    8 :  0.047 0.001 0.007 0.006 0.003 0.001 0.935 
 96 Kaikura_13    (2)    8 :  0.015 0.005 0.235 0.010 0.011 0.000 0.723 
 97 Kaikura_14    (3)    8 :  0.002 0.002 0.006 0.002 0.002 0.000 0.985 
 98 Kaikura_15    (2)    8 :  0.002 0.001 0.005 0.003 0.001 0.000 0.987 
 99 Kaikura_16    (2)    8 :  0.002 0.001 0.004 0.002 0.002 0.000 0.988 
100 Kaikura_17    (2)    8 :  0.002 0.002 0.003 0.003 0.002 0.001 0.987 
101 Kaikura_18    (2)    8 :  0.004 0.006 0.004 0.002 0.004 0.001 0.979 
102 Kaikura_19    (2)    8 :  0.003 0.012 0.008 0.040 0.002 0.002 0.933 
103 Kaikura_20    (3)    8 :  0.017 0.002 0.009 0.012 0.003 0.000 0.956 
104 Kamaka_001    (3)    9 :  0.002 0.002 0.002 0.992 0.001 0.000 0.002 
105 Kamaka_002    (2)    9 :  0.002 0.001 0.003 0.991 0.001 0.001 0.001 
106 Kamaka_003    (3)    9 :  0.004 0.001 0.006 0.987 0.001 0.000 0.001 
107 Kamaka_004    (5)    9 :  0.002 0.002 0.003 0.989 0.001 0.001 0.003 
108 Kamaka_005    (5)    9 :  0.002 0.001 0.004 0.989 0.001 0.001 0.002 
109 Kamaka_006    (2)    9 :  0.003 0.001 0.003 0.990 0.001 0.001 0.002 
110 Kamaka_007    (2)    9 :  0.002 0.001 0.002 0.990 0.001 0.002 0.002 
111 Kamaka_008    (2)    9 :  0.001 0.001 0.002 0.992 0.001 0.001 0.001 
112 Kamaka_009   (56)    9 :  0.001 0.001 0.001 0.001 0.002 0.993 0.001 
113 Kamaka_010    (2)    9 :  0.003 0.001 0.004 0.988 0.001 0.000 0.002 
114 Kamaka_011    (3)    9 :  0.004 0.018 0.005 0.939 0.003 0.028 0.004 
115 Kamaka_012    (4)    9 :  0.003 0.001 0.002 0.990 0.001 0.000 0.002 
116 Kamaka_013    (3)    9 :  0.007 0.003 0.013 0.973 0.001 0.001 0.002 
117 Kamaka_014    (1)    9 :  0.003 0.001 0.005 0.987 0.002 0.001 0.002 
118 Kamaka_015    (3)    9 :  0.002 0.001 0.002 0.987 0.001 0.005 0.002 
119 Kamaka_016    (1)    9 :  0.001 0.001 0.004 0.990 0.001 0.000 0.002 
120 Kamaka_017    (1)    9 :  0.002 0.002 0.034 0.957 0.002 0.000 0.002 
121 Kamaka_018    (2)    9 :  0.002 0.001 0.002 0.990 0.001 0.002 0.001 
122 Kamaka_019    (3)    9 :  0.009 0.003 0.008 0.974 0.003 0.001 0.002 
123 Kamaka_020    (4)    9 :  0.004 0.003 0.009 0.959 0.005 0.018 0.002 
124 Kamaka_021    (3)    9 :  0.003 0.001 0.002 0.991 0.001 0.001 0.002 
125 Kayangel01    (3)   10 :  0.028 0.240 0.050 0.034 0.004 0.637 0.008 
126 Kayangel02    (3)   10 :  0.035 0.283 0.013 0.005 0.002 0.658 0.004 
127 Kayangel03    (4)   10 :  0.010 0.209 0.027 0.020 0.004 0.715 0.015 
128 Kayangel04    (2)   10 :  0.026 0.244 0.055 0.005 0.005 0.660 0.005 
129 Kayangel05    (1)   10 :  0.039 0.256 0.016 0.008 0.003 0.670 0.007 
130 Kayangel06    (3)   10 :  0.046 0.222 0.035 0.017 0.003 0.670 0.008 
131 Kayangel07    (7)   10 :  0.010 0.252 0.041 0.006 0.005 0.682 0.004 
132 Kayangel08    (2)   10 :  0.014 0.331 0.019 0.004 0.003 0.625 0.003 
133 Kayangel09    (1)   10 :  0.017 0.266 0.019 0.016 0.004 0.674 0.004 
134 Kayangel10    (2)   10 :  0.035 0.187 0.013 0.066 0.004 0.673 0.021 
135 Kayangel11    (1)   10 :  0.002 0.002 0.002 0.002 0.002 0.988 0.002 
136 Kayangel12    (3)   10 :  0.018 0.281 0.009 0.004 0.004 0.673 0.010 
137 Kayangel13   (20)   10 :  0.001 0.001 0.001 0.001 0.001 0.994 0.001 
138 Kayangel14    (4)   10 :  0.027 0.253 0.010 0.026 0.002 0.677 0.006 
139 Kayangel15    (2)   10 :  0.002 0.001 0.002 0.002 0.002 0.989 0.002 
140 Kayangel16    (7)   10 :  0.005 0.144 0.007 0.003 0.002 0.837 0.002 
141 Kayangel17   (41)   10 :  0.005 0.001 0.001 0.002 0.001 0.990 0.001 
142 Kayangel18    (3)   10 :  0.007 0.236 0.009 0.014 0.005 0.724 0.004 
143 Kayangel19    (2)   10 :  0.003 0.002 0.001 0.001 0.001 0.991 0.001 
144 Kayangel20    (4)   10 :  0.137 0.057 0.095 0.017 0.005 0.686 0.004 
145 Kayangel21   (13)   10 :  0.003 0.002 0.002 0.002 0.004 0.986 0.002 
146 Late_Is_01    (3)   11 :  0.008 0.777 0.001 0.196 0.012 0.001 0.005 
147 Late_Is_02    (3)   11 :  0.033 0.769 0.026 0.053 0.023 0.091 0.005 
148 Late_Is_03    (9)   11 :  0.009 0.768 0.003 0.007 0.141 0.067 0.005 
149 Late_Is_04    (4)   11 :  0.070 0.793 0.023 0.041 0.005 0.004 0.064 
150 Late_Is_05    (4)   11 :  0.055 0.717 0.123 0.047 0.040 0.013 0.006 
151 Late_Is_06   (17)   11 :  0.002 0.642 0.004 0.035 0.016 0.289 0.012 
152 Late_Is_07    (2)   11 :  0.057 0.734 0.002 0.165 0.027 0.007 0.008 
153 Late_Is_08    (6)   11 :  0.032 0.516 0.003 0.361 0.018 0.058 0.011 
154 Late_Is_09    (3)   11 :  0.214 0.725 0.013 0.040 0.003 0.002 0.004 
155 Late_Is_10    (3)   11 :  0.189 0.773 0.021 0.003 0.002 0.007 0.005 
156 Late_Is_11   (21)   11 :  0.017 0.529 0.019 0.043 0.004 0.310 0.079 
157 Late_Is_12    (7)   11 :  0.031 0.717 0.003 0.064 0.008 0.046 0.130 
158 Late_Is_13    (3)   11 :  0.134 0.676 0.146 0.006 0.010 0.010 0.017 
159 Late_Is_14    (2)   11 :  0.021 0.837 0.009 0.004 0.101 0.005 0.022 
160 Late_Is_15    (4)   11 :  0.056 0.531 0.259 0.007 0.005 0.136 0.006 
161 Late_Is_16    (2)   11 :  0.009 0.675 0.003 0.285 0.013 0.001 0.013 
162 Late_Is_17    (4)   11 :  0.011 0.604 0.292 0.007 0.002 0.079 0.004 
163 Late_Is_18    (3)   11 :  0.027 0.774 0.050 0.052 0.005 0.085 0.006 
164 Late_Is_19    (4)   11 :  0.024 0.717 0.010 0.119 0.013 0.001 0.115 
165 Late_Is_20    (2)   11 :  0.054 0.715 0.059 0.090 0.007 0.002 0.073 
166 Late_Is_21    (6)   11 :  0.216 0.599 0.006 0.094 0.039 0.042 0.004 
167 Cambodia_1    (0)   12 :  0.001 0.001 0.001 0.001 0.000 0.996 0.001 
168 Laos___001    (0)   12 :  0.002 0.001 0.001 0.001 0.001 0.993 0.002 
169 Laos___002    (0)   12 :  0.001 0.001 0.001 0.001 0.001 0.995 0.001 
170 Luzon__001    (0)   12 :  0.006 0.024 0.005 0.007 0.004 0.944 0.010 
171 Thailand01    (0)   12 :  0.001 0.001 0.001 0.001 0.000 0.996 0.001 
172 Thailand02    (0)   12 :  0.001 0.001 0.001 0.001 0.001 0.995 0.001 
173 Malenge_04   (53)   13 :  0.002 0.002 0.003 0.003 0.007 0.981 0.002 
174 Malenge_11   (57)   13 :  0.005 0.006 0.013 0.009 0.013 0.942 0.011 
175 Malenge_14   (57)   13 :  0.002 0.001 0.001 0.001 0.001 0.994 0.001 
176 Malenge_15   (58)   13 :  0.003 0.003 0.002 0.002 0.003 0.984 0.003 
177 Malenge_17   (57)   13 :  0.001 0.001 0.001 0.001 0.001 0.995 0.001 
178 Malenge_18   (36)   13 :  0.002 0.003 0.006 0.003 0.027 0.912 0.047 
179 Malenge_19   (50)   13 :  0.002 0.001 0.002 0.004 0.001 0.988 0.002 
180 Malenge_20   (45)   13 :  0.003 0.002 0.002 0.002 0.004 0.984 0.003 
181 Malenge_22   (45)   13 :  0.002 0.002 0.005 0.003 0.002 0.983 0.002 
182 Malenge_23   (30)   13 :  0.003 0.002 0.001 0.001 0.001 0.989 0.002 
183 Malenge_24   (21)   13 :  0.005 0.003 0.053 0.015 0.006 0.908 0.011 
184 Malenge_25   (36)   13 :  0.002 0.005 0.003 0.008 0.004 0.970 0.009 
185 Mohotani01    (0)   14 :  0.005 0.006 0.010 0.954 0.003 0.001 0.022 
186 Mohotani02    (1)   14 :  0.007 0.014 0.004 0.835 0.043 0.001 0.096 
187 Mohotani03    (4)   14 :  0.033 0.046 0.002 0.887 0.002 0.001 0.029 
188 Mohotani04    (1)   14 :  0.099 0.006 0.005 0.827 0.005 0.002 0.056 
189 Mohotani05    (4)   14 :  0.003 0.003 0.002 0.972 0.008 0.000 0.012 
190 Mohotani06    (2)   14 :  0.010 0.007 0.002 0.875 0.004 0.000 0.101 
191 Mohotani07    (2)   14 :  0.002 0.011 0.002 0.951 0.002 0.001 0.031 
192 Mohotani08    (2)   14 :  0.014 0.029 0.003 0.810 0.010 0.002 0.133 
193 Mohotani09    (2)   14 :  0.011 0.005 0.001 0.974 0.002 0.000 0.007 
194 Mohotani10    (2)   14 :  0.026 0.034 0.002 0.738 0.003 0.002 0.195 
195 Mohotani11    (0)   14 :  0.019 0.075 0.004 0.839 0.007 0.007 0.049 
196 Mohotani12    (2)   14 :  0.062 0.013 0.002 0.855 0.005 0.001 0.063 
197 Mohotani13    (3)   14 :  0.007 0.008 0.005 0.936 0.004 0.000 0.040 
198 Mohotani14    (3)   14 :  0.046 0.016 0.006 0.899 0.017 0.001 0.016 
199 Motukawa10    (3)   15 :  0.002 0.002 0.975 0.009 0.002 0.000 0.010 
200 Motukawa11    (4)   15 :  0.001 0.001 0.991 0.003 0.002 0.000 0.002 
201 Motukawa12    (3)   15 :  0.001 0.001 0.990 0.002 0.001 0.002 0.003 
202 Motukawa13    (3)   15 :  0.011 0.004 0.977 0.003 0.001 0.001 0.003 
203 Motukawa14    (2)   15 :  0.002 0.001 0.988 0.003 0.001 0.000 0.003 
204 Motukawa15    (3)   15 :  0.003 0.002 0.987 0.001 0.003 0.000 0.003 
205 Motukawa16    (1)   15 :  0.008 0.001 0.970 0.004 0.010 0.002 0.005 
206 Motukawa17    (3)   15 :  0.002 0.015 0.929 0.003 0.001 0.001 0.049 
207 Motukawa18    (4)   15 :  0.002 0.001 0.990 0.003 0.001 0.000 0.003 
208 Motukawa19    (6)   15 :  0.002 0.001 0.990 0.003 0.001 0.000 0.002 
209 Motukawa20    (3)   15 :  0.002 0.001 0.991 0.002 0.001 0.000 0.002 
210 Motukawa21    (5)   15 :  0.002 0.001 0.990 0.003 0.001 0.000 0.003 
211 Motukawan1    (3)   15 :  0.004 0.001 0.987 0.003 0.001 0.000 0.003 
212 Motukawan2    (6)   15 :  0.001 0.003 0.990 0.002 0.001 0.001 0.002 
213 Motukawan3    (2)   15 :  0.003 0.002 0.986 0.003 0.003 0.002 0.003 
214 Motukawan4    (2)   15 :  0.002 0.001 0.992 0.002 0.001 0.000 0.002 
215 Motukawan5    (1)   15 :  0.003 0.002 0.972 0.003 0.002 0.000 0.018 
216 Motukawan6    (3)   15 :  0.002 0.002 0.990 0.001 0.002 0.001 0.002 
217 Motukawan7    (1)   15 :  0.002 0.001 0.992 0.001 0.001 0.000 0.002 
218 Motukawan8    (1)   15 :  0.002 0.001 0.990 0.002 0.001 0.001 0.002 
219 Motukawan9    (1)   15 :  0.003 0.001 0.992 0.001 0.001 0.000 0.002 
220 NewBrita14   (55)   16 :  0.039 0.077 0.005 0.011 0.008 0.849 0.011 
221 NewBrita16   (28)   16 :  0.005 0.354 0.005 0.004 0.002 0.629 0.003 
222 NewBrita23   (57)   16 :  0.002 0.006 0.008 0.031 0.016 0.922 0.014 
223 NewBrita24   (20)   16 :  0.037 0.184 0.156 0.046 0.001 0.534 0.042 
224 NewBrita25   (46)   16 :  0.002 0.001 0.006 0.019 0.002 0.968 0.002 
225 NewBritai2   (51)   16 :  0.003 0.023 0.004 0.008 0.013 0.941 0.007 
226 NewBritai3   (46)   16 :  0.027 0.018 0.010 0.004 0.035 0.843 0.061 
227 NewBritai6   (42)   16 :  0.017 0.167 0.015 0.013 0.024 0.753 0.011 
228 NewBritai7   (58)   16 :  0.001 0.005 0.005 0.007 0.112 0.863 0.007 
229 NewBritai8   (49)   16 :  0.010 0.242 0.003 0.002 0.008 0.726 0.009 
230 NewGuine17   (56)   17 :  0.002 0.002 0.001 0.002 0.002 0.990 0.001 
231 NewGuinea1   (56)   17 :  0.001 0.001 0.001 0.001 0.001 0.993 0.001 
232 NewGuinea8   (54)   17 :  0.001 0.002 0.001 0.001 0.001 0.991 0.002 
233 Normanby08   (57)   18 :  0.002 0.002 0.003 0.003 0.007 0.981 0.002 
234 Rakiura_01    (3)   19 :  0.006 0.013 0.328 0.007 0.011 0.002 0.634 
235 Rakiura_02    (1)   19 :  0.003 0.002 0.332 0.002 0.015 0.001 0.645 
236 Rakiura_03    (4)   19 :  0.028 0.005 0.337 0.024 0.040 0.001 0.566 
237 Rakiura_04    (1)   19 :  0.004 0.003 0.283 0.003 0.005 0.001 0.703 
238 Rakiura_05    (2)   19 :  0.002 0.003 0.383 0.002 0.004 0.000 0.605 
239 Rakiura_06    (2)   19 :  0.003 0.021 0.240 0.006 0.017 0.001 0.713 
240 Rakiura_07    (2)   19 :  0.009 0.006 0.316 0.003 0.002 0.001 0.663 
241 Rakiura_08    (2)   19 :  0.014 0.010 0.289 0.007 0.002 0.001 0.677 
242 Rakiura_09    (3)   19 :  0.040 0.072 0.277 0.030 0.087 0.003 0.490 
243 Rakiura_10    (1)   19 :  0.002 0.007 0.276 0.018 0.006 0.001 0.691 
244 Rakiura_11    (2)   19 :  0.011 0.012 0.367 0.013 0.017 0.001 0.579 
245 Rakiura_12    (2)   19 :  0.003 0.003 0.474 0.007 0.019 0.000 0.493 
246 Rakiura_13    (3)   19 :  0.004 0.023 0.454 0.007 0.004 0.008 0.500 
247 Rakiura_14    (2)   19 :  0.006 0.032 0.411 0.037 0.009 0.001 0.504 
248 Rakiura_15    (2)   19 :  0.011 0.056 0.263 0.012 0.004 0.001 0.652 
249 Rakiura_16    (3)   19 :  0.010 0.002 0.358 0.012 0.026 0.001 0.590 
250 Rakiura_17    (4)   19 :  0.005 0.253 0.411 0.011 0.061 0.005 0.253 
251 Rakiura_18    (2)   19 :  0.025 0.018 0.339 0.031 0.033 0.001 0.552 
252 Rakiura_19    (4)   19 :  0.039 0.087 0.433 0.069 0.012 0.002 0.358 
253 Rakiura_20    (2)   19 :  0.009 0.011 0.531 0.007 0.003 0.002 0.437 
254 Rakiura_21    (2)   19 :  0.002 0.018 0.363 0.064 0.008 0.002 0.543 
255 Reiono_001    (3)   20 :  0.422 0.004 0.037 0.530 0.003 0.001 0.003 
256 Reiono_002    (3)   20 :  0.367 0.008 0.105 0.509 0.004 0.001 0.007 
257 Reiono_003    (4)   20 :  0.214 0.008 0.013 0.748 0.013 0.001 0.003 
258 Reiono_004    (4)   20 :  0.328 0.019 0.006 0.631 0.007 0.001 0.008 
259 Reiono_005    (1)   20 :  0.389 0.009 0.020 0.561 0.007 0.002 0.013 
260 Reiono_006    (1)   20 :  0.172 0.012 0.123 0.649 0.005 0.000 0.038 
261 Reiono_007    (6)   20 :  0.282 0.030 0.043 0.532 0.031 0.071 0.010 
262 Reiono_008    (2)   20 :  0.404 0.023 0.028 0.539 0.002 0.001 0.004 
263 Reiono_009    (1)   20 :  0.309 0.005 0.011 0.660 0.011 0.001 0.004 
264 Reiono_010    (6)   20 :  0.435 0.060 0.044 0.438 0.014 0.003 0.006 
265 Reiono_011    (1)   20 :  0.329 0.007 0.022 0.635 0.004 0.000 0.003 
266 Reiono_012    (1)   20 :  0.327 0.007 0.020 0.630 0.008 0.001 0.007 
267 Reiono_013    (2)   20 :  0.314 0.008 0.045 0.617 0.006 0.000 0.010 
268 Reiono_014    (4)   20 :  0.228 0.008 0.008 0.716 0.035 0.000 0.004 
269 Reiono_015    (4)   20 :  0.348 0.007 0.145 0.462 0.030 0.000 0.008 
270 Reiono_016    (2)   20 :  0.311 0.008 0.177 0.487 0.012 0.000 0.004 
271 Reiono_017    (3)   20 :  0.241 0.011 0.044 0.685 0.007 0.001 0.012 
272 Reiono_018    (5)   20 :  0.367 0.077 0.007 0.531 0.005 0.001 0.011 
273 Reiono_019    (3)   20 :  0.253 0.002 0.080 0.627 0.025 0.001 0.011 
274 Reiono_020    (2)   20 :  0.413 0.003 0.012 0.538 0.003 0.006 0.026 
275 Reiono_021    (2)   20 :  0.373 0.006 0.019 0.594 0.004 0.001 0.003 
276 Rimatuu_01    (2)   21 :  0.238 0.002 0.040 0.648 0.050 0.001 0.022 
277 Rimatuu_02    (3)   21 :  0.025 0.002 0.461 0.483 0.017 0.001 0.011 
278 Rimatuu_03    (2)   21 :  0.026 0.002 0.342 0.543 0.029 0.003 0.055 
279 Rimatuu_04    (1)   21 :  0.145 0.004 0.256 0.531 0.055 0.002 0.007 
280 Rimatuu_05    (2)   21 :  0.081 0.002 0.365 0.537 0.011 0.001 0.003 
281 Rimatuu_06    (2)   21 :  0.028 0.002 0.477 0.369 0.050 0.001 0.073 
282 Rimatuu_07    (3)   21 :  0.117 0.001 0.439 0.428 0.006 0.001 0.007 
283 Rimatuu_08    (3)   21 :  0.038 0.002 0.448 0.471 0.007 0.000 0.033 
284 Rimatuu_09    (2)   21 :  0.145 0.004 0.146 0.667 0.014 0.001 0.024 
285 Rimatuu_10    (1)   21 :  0.036 0.002 0.468 0.476 0.013 0.001 0.005 
286 Rimatuu_11    (1)   21 :  0.092 0.019 0.196 0.636 0.018 0.004 0.036 
287 Rimatuu_12    (2)   21 :  0.056 0.002 0.316 0.571 0.043 0.001 0.012 
288 Rimatuu_13    (1)   21 :  0.095 0.002 0.272 0.439 0.036 0.001 0.156 
289 Rimatuu_14    (1)   21 :  0.097 0.002 0.401 0.481 0.005 0.001 0.013 
290 Rimatuu_15    (1)   21 :  0.141 0.002 0.073 0.604 0.167 0.000 0.013 
291 Rimatuu_16    (2)   21 :  0.100 0.002 0.251 0.604 0.004 0.000 0.038 
292 Rimatuu_17    (3)   21 :  0.014 0.002 0.432 0.535 0.010 0.001 0.008 
293 Rimatuu_18    (3)   21 :  0.032 0.002 0.273 0.675 0.012 0.001 0.004 
294 Rimatuu_19    (3)   21 :  0.315 0.009 0.042 0.627 0.004 0.001 0.003 
295 Rimatuu_20    (3)   21 :  0.404 0.004 0.068 0.503 0.004 0.000 0.016 
296 Rimatuu_21    (4)   21 :  0.083 0.002 0.369 0.533 0.005 0.001 0.007 
297 Slipper_01    (3)   22 :  0.002 0.010 0.978 0.002 0.002 0.003 0.003 
298 Slipper_02    (2)   22 :  0.004 0.003 0.985 0.002 0.003 0.001 0.003 
299 Slipper_03    (3)   22 :  0.002 0.001 0.991 0.001 0.002 0.000 0.002 
300 Slipper_04    (2)   22 :  0.006 0.006 0.948 0.011 0.022 0.001 0.007 
301 Slipper_05    (1)   22 :  0.002 0.003 0.967 0.016 0.002 0.001 0.010 
302 Slipper_06    (2)   22 :  0.007 0.005 0.966 0.003 0.007 0.001 0.011 
303 Slipper_07    (1)   22 :  0.020 0.006 0.876 0.088 0.003 0.002 0.006 
304 Slipper_08    (2)   22 :  0.003 0.004 0.981 0.002 0.006 0.001 0.003 
305 Slipper_09    (3)   22 :  0.002 0.002 0.985 0.003 0.003 0.000 0.005 
306 Slipper_10    (3)   22 :  0.008 0.002 0.968 0.005 0.012 0.001 0.003 
307 Slipper_11    (2)   22 :  0.002 0.003 0.968 0.003 0.002 0.020 0.002 
308 Slipper_12    (2)   22 :  0.003 0.004 0.976 0.003 0.006 0.005 0.003 
309 Slipper_13    (1)   22 :  0.002 0.005 0.963 0.019 0.004 0.001 0.006 
310 Slipper_14    (3)   22 :  0.005 0.010 0.969 0.003 0.002 0.001 0.011 
311 Slipper_15    (2)   22 :  0.006 0.088 0.890 0.005 0.001 0.001 0.009 
312 Slipper_16    (3)   22 :  0.009 0.008 0.972 0.005 0.001 0.001 0.005 
313 Slipper_17    (2)   22 :  0.004 0.002 0.964 0.014 0.010 0.000 0.005 
314 Slipper_18    (0)   22 :  0.007 0.005 0.971 0.008 0.003 0.001 0.005 
315 Slipper_19    (3)   22 :  0.003 0.005 0.947 0.014 0.001 0.003 0.025 
316 Slipper_20    (3)   22 :  0.005 0.002 0.972 0.013 0.002 0.000 0.005 
317 Slipper_21    (2)   22 :  0.007 0.044 0.894 0.021 0.011 0.001 0.022 
318 Sulawesi_1   (17)   23 :  0.018 0.008 0.011 0.020 0.084 0.853 0.006 
319 Sulawesi_2    (9)   23 :  0.003 0.006 0.003 0.004 0.003 0.976 0.005 
320 Sulawesi_3   (18)   23 :  0.006 0.003 0.011 0.005 0.010 0.958 0.008 
321 Sulawesi_4   (14)   23 :  0.012 0.024 0.004 0.004 0.006 0.944 0.006 
322 Sulawesi_5    (7)   23 :  0.010 0.040 0.015 0.025 0.006 0.893 0.012 
323 Sulawesi_6   (22)   23 :  0.005 0.005 0.059 0.033 0.010 0.871 0.017 
324 Sulawesi_7   (10)   23 :  0.018 0.009 0.039 0.008 0.014 0.907 0.005 
325 Sulawesi_8   (22)   23 :  0.003 0.003 0.002 0.002 0.002 0.987 0.001 
326 Sulawesi_9    (9)   23 :  0.014 0.008 0.004 0.007 0.010 0.955 0.002 
327 Sulawesi10    (9)   23 :  0.019 0.009 0.006 0.014 0.018 0.913 0.020 
328 Sulawesi11   (16)   23 :  0.016 0.006 0.032 0.041 0.041 0.787 0.078 
329 Sulawesi12   (20)   23 :  0.006 0.002 0.003 0.005 0.003 0.979 0.002 
330 Sulawesi13   (18)   23 :  0.002 0.007 0.006 0.003 0.006 0.972 0.004 
331 Sulawesi14   (27)   23 :  0.013 0.008 0.013 0.011 0.002 0.948 0.004 
332 Sulawesi15   (23)   23 :  0.011 0.011 0.028 0.022 0.022 0.902 0.004 
333 Sulawesi16   (24)   23 :  0.032 0.008 0.021 0.006 0.009 0.892 0.030 
334 Sulawesi17   (10)   23 :  0.039 0.038 0.050 0.014 0.026 0.825 0.006 
335 Sulawesi18   (20)   23 :  0.002 0.010 0.004 0.004 0.001 0.976 0.002 
336 Sulawesi19   (18)   23 :  0.012 0.005 0.003 0.008 0.003 0.967 0.002 
337 Sulawesi20   (22)   23 :  0.005 0.003 0.004 0.011 0.079 0.895 0.004 
338 Sulawesi21   (12)   23 :  0.004 0.010 0.003 0.008 0.004 0.969 0.002 
339 Sulawesi22   (35)   23 :  0.005 0.003 0.003 0.001 0.004 0.981 0.002 
340 Tahanea_01   (10)   24 :  0.001 0.001 0.001 0.001 0.996 0.000 0.001 
341 Tahanea_02    (2)   24 :  0.001 0.001 0.003 0.001 0.991 0.001 0.001 
342 Tahanea_03    (9)   24 :  0.001 0.001 0.001 0.001 0.874 0.120 0.001 
343 Tahanea_04    (3)   24 :  0.001 0.001 0.001 0.001 0.996 0.000 0.001 
344 Tahanea_05    (2)   24 :  0.001 0.001 0.001 0.001 0.996 0.000 0.001 
345 Tahanea_06    (2)   24 :  0.001 0.001 0.001 0.001 0.995 0.000 0.001 
346 Tahanea_07    (3)   24 :  0.002 0.001 0.011 0.009 0.973 0.001 0.002 
347 Tahanea_08   (15)   24 :  0.001 0.001 0.001 0.001 0.995 0.000 0.001 
348 Tahanea_09    (3)   24 :  0.001 0.001 0.001 0.001 0.994 0.001 0.001 
349 Tahanea_10    (2)   24 :  0.001 0.001 0.001 0.001 0.995 0.000 0.001 
350 Tahanea_11    (5)   24 :  0.002 0.001 0.001 0.002 0.885 0.107 0.001 
351 Tahanea_12    (3)   24 :  0.004 0.001 0.003 0.001 0.986 0.001 0.003 
352 Tahanea_13    (2)   24 :  0.003 0.001 0.003 0.003 0.976 0.013 0.002 
353 Tahanea_14    (2)   24 :  0.001 0.003 0.001 0.001 0.988 0.005 0.001 
354 Tahanea_15    (2)   24 :  0.008 0.001 0.001 0.003 0.981 0.001 0.004 
355 Tahanea_16    (9)   24 :  0.001 0.003 0.002 0.002 0.990 0.001 0.001 
356 Tahanea_17    (2)   24 :  0.001 0.001 0.001 0.001 0.995 0.000 0.001 
357 Tahanea_18    (6)   24 :  0.002 0.001 0.008 0.003 0.964 0.021 0.002 
358 Tahanea_19    (3)   24 :  0.001 0.001 0.001 0.001 0.994 0.001 0.001 
359 Tahanea_20    (0)   24 :  0.001 0.001 0.001 0.001 0.995 0.000 0.001 
360 Wake_Is_01    (1)   25 :  0.002 0.986 0.004 0.003 0.002 0.000 0.003 
361 Wake_Is_02    (4)   25 :  0.002 0.971 0.003 0.004 0.011 0.006 0.005 
362 Wake_Is_03    (2)   25 :  0.002 0.992 0.002 0.001 0.001 0.000 0.002 
363 Wake_Is_04    (2)   25 :  0.002 0.989 0.003 0.002 0.001 0.002 0.002 
364 Wake_Is_05    (1)   25 :  0.002 0.984 0.004 0.002 0.002 0.001 0.006 
365 Wake_Is_06    (0)   25 :  0.001 0.977 0.002 0.004 0.008 0.001 0.006 
366 Wake_Is_07    (2)   25 :  0.002 0.990 0.003 0.002 0.002 0.001 0.001 
367 Wake_Is_08    (2)   25 :  0.004 0.988 0.002 0.001 0.003 0.001 0.001 
368 Wake_Is_09    (2)   25 :  0.001 0.991 0.002 0.002 0.001 0.001 0.001 
369 Wake_Is_10    (2)   25 :  0.001 0.990 0.003 0.002 0.001 0.000 0.002 
370 Wake_Is_11    (1)   25 :  0.001 0.990 0.003 0.002 0.002 0.001 0.002 
371 Wake_Is_12    (2)   25 :  0.002 0.974 0.015 0.003 0.004 0.000 0.002 
372 Wake_Is_13    (4)   25 :  0.003 0.986 0.005 0.001 0.002 0.000 0.003 
373 Wake_Is_14    (2)   25 :  0.003 0.986 0.003 0.004 0.002 0.000 0.002 
374 Wake_Is_15    (2)   25 :  0.001 0.984 0.002 0.002 0.003 0.008 0.001 
375 Wake_Is_16    (5)   25 :  0.001 0.823 0.002 0.002 0.002 0.168 0.002 
376 Wake_Is_17    (1)   25 :  0.002 0.989 0.002 0.001 0.003 0.001 0.002 
377 Wake_Is_18    (1)   25 :  0.004 0.980 0.003 0.002 0.006 0.000 0.005 
378 Wake_Is_19    (2)   25 :  0.007 0.980 0.003 0.003 0.003 0.001 0.004 
379 Wake_Is_20    (1)   25 :  0.002 0.991 0.002 0.002 0.001 0.001 0.001 


Estimated Allele Frequencies in each cluster
First column gives estimated ancestral frequencies


Locus 1 : X299_CHR1_1146 
2 alleles
15.3% missing data
   3   (0.790) 0.960 0.997 0.998 0.978 0.998 0.793 0.954 
   2   (0.210) 0.040 0.003 0.002 0.022 0.002 0.207 0.046 

Locus 2 : X13_CHR1_11661 
2 alleles
6.6% missing data
   3   (0.604) 0.003 0.733 0.886 0.361 0.004 0.907 0.993 
   4   (0.396) 0.997 0.267 0.114 0.639 0.996 0.093 0.007 

Locus 3 : X14_CHR1_12485 
2 alleles
8.7% missing data
   4   (0.470) 0.004 0.930 0.994 0.883 0.004 0.139 0.965 
   3   (0.530) 0.996 0.070 0.006 0.117 0.996 0.861 0.035 

Locus 4 : X15_CHR1_13486 
2 alleles
3.2% missing data
   2   (0.908) 1.000 0.999 1.000 1.000 0.999 0.849 0.994 
   1   (0.092) 0.000 0.001 0.000 0.000 0.001 0.151 0.006 

Locus 5 : X16_CHR1_13731 
2 alleles
5.8% missing data
   1   (0.499) 0.207 0.812 0.996 0.812 0.996 0.022 0.992 
   3   (0.501) 0.793 0.188 0.004 0.188 0.004 0.978 0.008 

Locus 6 : X18_CHR1_18597 
2 alleles
14.8% missing data
   2   (0.932) 1.000 0.999 1.000 1.000 1.000 0.954 0.999 
   4   (0.068) 0.000 0.001 0.000 0.000 0.000 0.046 0.001 

Locus 7 : X19_CHR1_19270 
2 alleles
1.1% missing data
   4   (0.914) 1.000 0.997 1.000 1.000 0.999 0.905 0.999 
   3   (0.086) 0.000 0.003 0.000 0.000 0.001 0.095 0.001 

Locus 8 : X20_CHR1_19838 
2 alleles
5.8% missing data
   3   (0.870) 0.999 0.984 0.993 0.999 0.999 0.922 0.998 
   1   (0.130) 0.001 0.016 0.007 0.001 0.001 0.078 0.002 

Locus 9 : X21_CHR1_20196 
2 alleles
3.7% missing data
   1   (0.412) 0.011 0.896 0.002 0.592 0.326 0.409 0.352 
   3   (0.588) 0.989 0.104 0.998 0.408 0.674 0.591 0.648 

Locus 10 : X22_CHR1_20954 
2 alleles
8.2% missing data
   1   (0.525) 0.103 0.481 0.922 0.970 0.003 0.564 0.583 
   3   (0.475) 0.897 0.519 0.078 0.030 0.997 0.436 0.417 

Locus 11 : X23_CHR1_21191 
2 alleles
12.9% missing data
   3   (0.698) 0.998 0.827 0.335 0.033 0.998 0.958 0.603 
   2   (0.302) 0.002 0.173 0.665 0.967 0.002 0.042 0.397 

Locus 12 : X262_CHR1_2123 
2 alleles
9.8% missing data
   4   (0.927) 1.000 0.999 1.000 1.000 1.000 0.940 0.999 
   1   (0.073) 0.000 0.001 0.000 0.000 0.000 0.060 0.001 

Locus 13 : X24_CHR1_21645 
2 alleles
2.9% missing data
   3   (0.935) 1.000 0.999 1.000 1.000 1.000 0.976 1.000 
   4   (0.065) 0.000 0.001 0.000 0.000 0.000 0.024 0.000 

Locus 14 : X25_CHR1_22005 
2 alleles
0.0% missing data
   4   (0.797) 0.999 0.990 0.999 0.997 0.959 0.209 0.996 
   2   (0.203) 0.001 0.010 0.001 0.003 0.041 0.791 0.004 

Locus 15 : X26_CHR1_23112 
2 alleles
5.3% missing data
   4   (0.885) 0.999 0.998 0.983 0.999 0.999 0.899 0.999 
   1   (0.115) 0.001 0.002 0.017 0.001 0.001 0.101 0.001 

Locus 16 : X27_CHR1_25562 
2 alleles
6.3% missing data
   1   (0.892) 0.999 0.999 1.000 0.999 0.999 0.428 0.999 
   3   (0.108) 0.001 0.001 0.000 0.001 0.001 0.572 0.001 

Locus 17 : X300_CHR1_2620 
2 alleles
7.9% missing data
   1   (0.802) 0.980 0.929 0.999 0.966 0.999 0.891 0.997 
   2   (0.198) 0.020 0.071 0.001 0.034 0.001 0.109 0.003 

Locus 18 : X301_CHR1_2620 
2 alleles
24.8% missing data
   4   (0.787) 0.999 0.696 0.998 0.899 0.998 0.830 0.991 
   2   (0.213) 0.001 0.304 0.002 0.101 0.002 0.170 0.009 

Locus 19 : X28_CHR1_26550 
2 alleles
2.9% missing data
   3   (0.904) 0.996 0.999 0.999 0.995 0.999 0.969 0.999 
   1   (0.096) 0.004 0.001 0.001 0.005 0.001 0.031 0.001 

Locus 20 : X29_CHR1_28123 
2 alleles
10.6% missing data
   1   (0.883) 0.999 0.998 1.000 0.999 0.999 0.340 0.999 
   3   (0.117) 0.001 0.002 0.000 0.001 0.001 0.660 0.001 

Locus 21 : X260_CHR1_3236 
2 alleles
0.3% missing data
   4   (0.729) 0.973 0.804 0.971 0.988 0.967 0.791 0.994 
   2   (0.271) 0.027 0.196 0.029 0.012 0.033 0.209 0.006 

Locus 22 : X2_CHR1_348682 
2 alleles
7.1% missing data
   1   (0.776) 0.998 0.472 0.998 0.997 0.998 0.273 0.998 
   3   (0.224) 0.002 0.528 0.002 0.003 0.002 0.727 0.002 

Locus 23 : X3_CHR1_537201 
2 alleles
4.2% missing data
   4   (0.907) 1.000 0.998 1.000 1.000 0.999 0.730 0.999 
   2   (0.093) 0.000 0.002 0.000 0.000 0.001 0.270 0.001 

Locus 24 : X296_CHR1_5774 
2 alleles
45.4% missing data
   3   (0.614) 0.676 0.691 0.750 0.804 0.689 0.841 0.811 
   2   (0.386) 0.324 0.309 0.250 0.196 0.311 0.159 0.189 

Locus 25 : X4_CHR1_578156 
2 alleles
17.4% missing data
   4   (0.532) 0.887 0.862 0.593 0.526 0.492 0.497 0.538 
   3   (0.468) 0.113 0.138 0.407 0.474 0.508 0.503 0.462 

Locus 26 : X5_CHR1_657423 
2 alleles
9.2% missing data
   4   (0.933) 1.000 0.999 1.000 1.000 1.000 0.968 1.000 
   2   (0.067) 0.000 0.001 0.000 0.000 0.000 0.032 0.000 

Locus 27 : X6_CHR1_723638 
2 alleles
11.9% missing data
   3   (0.938) 1.000 0.999 1.000 1.000 1.000 0.981 1.000 
   1   (0.062) 0.000 0.001 0.000 0.000 0.000 0.019 0.000 

Locus 28 : X7_CHR1_801358 
2 alleles
7.7% missing data
   2   (0.798) 0.999 0.997 0.999 0.999 0.999 0.034 0.999 
   4   (0.202) 0.001 0.003 0.001 0.001 0.001 0.966 0.001 

Locus 29 : X297_CHR1_8053 
2 alleles
19.8% missing data
   4   (0.886) 0.999 0.998 0.983 0.999 0.997 0.924 0.999 
   1   (0.114) 0.001 0.002 0.017 0.001 0.003 0.076 0.001 

Locus 30 : X298_CHR1_8257 
2 alleles
6.1% missing data
   2   (0.916) 1.000 0.999 1.000 1.000 0.999 0.816 0.999 
   4   (0.084) 0.000 0.001 0.000 0.000 0.001 0.184 0.001 

Locus 31 : X8_CHR1_853819 
2 alleles
7.4% missing data
   2   (0.887) 0.999 0.997 0.999 0.996 0.999 0.756 0.999 
   4   (0.113) 0.001 0.003 0.001 0.004 0.001 0.244 0.001 

Locus 32 : X9_CHR1_890393 
2 alleles
23.2% missing data
   2   (0.372) 0.997 0.468 0.913 0.295 0.003 0.048 0.878 
   4   (0.628) 0.003 0.532 0.087 0.705 0.997 0.952 0.122 

Locus 33 : X10_CHR1_94071 
2 alleles
12.7% missing data
   4   (0.587) 0.997 0.573 0.503 0.342 0.004 0.885 0.356 
   1   (0.413) 0.003 0.427 0.497 0.658 0.996 0.115 0.644 

Locus 34 : X174_CHR10_100 
2 alleles
7.1% missing data
   1   (0.925) 1.000 0.999 1.000 1.000 1.000 0.923 0.999 
   3   (0.075) 0.000 0.001 0.000 0.000 0.000 0.077 0.001 

Locus 35 : X175_CHR10_106 
2 alleles
20.6% missing data
   1   (0.674) 0.998 0.662 0.982 0.983 0.996 0.368 0.966 
   4   (0.326) 0.002 0.338 0.018 0.017 0.004 0.632 0.034 

Locus 36 : X157_CHR10_131 
2 alleles
0.5% missing data
   3   (0.928) 1.000 0.999 1.000 1.000 1.000 0.946 0.999 
   1   (0.072) 0.000 0.001 0.000 0.000 0.000 0.054 0.001 

Locus 37 : X276_CHR10_157 
2 alleles
21.1% missing data
   4   (0.883) 0.999 0.998 0.998 0.999 0.999 0.494 0.999 
   2   (0.117) 0.001 0.002 0.002 0.001 0.001 0.506 0.001 

Locus 38 : X158_CHR10_182 
2 alleles
0.0% missing data
   2   (0.351) 0.997 0.942 0.889 0.035 0.002 0.037 0.187 
   4   (0.649) 0.003 0.058 0.111 0.965 0.998 0.963 0.813 

Locus 39 : X159_CHR10_293 
2 alleles
3.2% missing data
   4   (0.877) 0.999 0.990 0.999 0.999 0.999 0.553 0.999 
   2   (0.123) 0.001 0.010 0.001 0.001 0.001 0.447 0.001 

Locus 40 : X160_CHR10_387 
2 alleles
4.7% missing data
   4   (0.925) 1.000 0.999 1.000 1.000 1.000 0.919 0.999 
   3   (0.075) 0.000 0.001 0.000 0.000 0.000 0.081 0.001 

Locus 41 : X277_CHR10_414 
2 alleles
33.8% missing data
   2   (0.275) 0.003 0.004 0.760 0.714 0.995 0.026 0.819 
   4   (0.725) 0.997 0.996 0.240 0.286 0.005 0.974 0.181 

Locus 42 : X278_CHR10_459 
2 alleles
3.4% missing data
   4   (0.892) 1.000 0.965 1.000 0.999 0.999 0.939 0.999 
   1   (0.108) 0.000 0.035 0.000 0.001 0.001 0.061 0.001 

Locus 43 : X161_CHR10_465 
2 alleles
8.2% missing data
   3   (0.908) 1.000 0.999 0.998 1.000 0.999 0.828 0.999 
   1   (0.092) 0.000 0.001 0.002 0.000 0.001 0.172 0.001 

Locus 44 : X163_CHR10_564 
2 alleles
0.8% missing data
   4   (0.766) 0.989 0.950 0.997 0.996 0.978 0.601 0.989 
   2   (0.234) 0.011 0.050 0.003 0.004 0.022 0.399 0.011 

Locus 45 : X279_CHR10_566 
2 alleles
4.0% missing data
   3   (0.894) 0.999 0.999 1.000 0.998 0.999 0.657 0.999 
   1   (0.106) 0.001 0.001 0.000 0.002 0.001 0.343 0.001 

Locus 46 : X164_CHR10_590 
2 alleles
0.8% missing data
   4   (0.539) 0.054 0.816 0.091 0.387 0.603 0.718 0.771 
   2   (0.461) 0.946 0.184 0.909 0.613 0.397 0.282 0.229 

Locus 47 : X165_CHR10_636 
2 alleles
7.4% missing data
   4   (0.888) 1.000 0.999 1.000 0.999 0.973 0.765 0.999 
