

----------------------------------------------------
STRUCTURE by Pritchard, Stephens and Donnelly (2000)
     and Falush, Stephens and Pritchard (2003)
       Code by Pritchard, Falush and Hubisz
             Version 2.3.4 (Jul 2012)
----------------------------------------------------



Command line arguments:   bin\structure -m C:\Users\airhe\OneDrive\Documents\Masters\Project 3\kiore-project\results\ratsSNPs_struc_preHWE\as_pdf\mainparams -e C:\Users\airhe\OneDrive\Documents\Masters\Project 3\kiore-project\results\ratsSNPs_struc_preHWE\as_pdf\extraparams 
Input File:    C:\Users\airhe\OneDrive\Documents\Masters\Project 3\kiore-project\results\ratsSNPs_struc_preHWE\project_data

Run parameters:
   379 individuals
   282 loci
   4 populations assumed
   5000 Burn-in period
   50000 Reps


--------------------------------------------
Proportion of membership of each pre-defined
 population in each of the 4 clusters

Given    Inferred Clusters              Number of
 Pop       1      2      3      4      Individuals

  1:     0.004  0.035  0.026  0.934       10
  2:     0.852  0.042  0.045  0.062       18
  3:     0.050  0.092  0.011  0.847        1
  4:     0.028  0.225  0.006  0.741        1
  5:     0.955  0.008  0.031  0.006       12
  6:     0.004  0.761  0.019  0.216       21
  7:     0.003  0.991  0.003  0.004       20
  8:     0.005  0.037  0.007  0.952       20
  9:     0.051  0.923  0.005  0.021       21
 10:     0.750  0.011  0.230  0.009       21
 11:     0.066  0.185  0.668  0.081       21
 12:     0.988  0.003  0.007  0.002        6
 13:     0.979  0.005  0.004  0.012       12
 14:     0.002  0.917  0.049  0.032       14
 15:     0.001  0.003  0.002  0.993       21
 16:     0.832  0.017  0.108  0.043       10
 17:     0.995  0.002  0.002  0.002        3
 18:     0.991  0.004  0.002  0.003        1
 19:     0.003  0.056  0.037  0.904       21
 20:     0.004  0.972  0.010  0.014       21
 21:     0.001  0.783  0.004  0.212       21
 22:     0.003  0.007  0.007  0.983       21
 23:     0.938  0.026  0.017  0.019       22
 24:     0.024  0.965  0.004  0.007       20
 25:     0.011  0.003  0.982  0.004       20
--------------------------------------------

Allele-freq. divergence among pops (Net nucleotide distance),
computed using point estimates of P.

      1       2       3       4      
 1      -    0.1120  0.1061  0.1334  
 2   0.1120     -    0.0549  0.0232  
 3   0.1061  0.0549     -    0.0544  
 4   0.1334  0.0232  0.0544     -    

Average distances (expected heterozygosity) between individuals in same cluster:
cluster  1  : 0.2654 
cluster  2  : 0.1309 
cluster  3  : 0.1179 
cluster  4  : 0.1097 

--------------------------------------------
Estimated Ln Prob of Data   = -46922.7
Mean value of ln likelihood = -46464.2
Variance of ln likelihood   = 917.0
Mean value of alpha         = 0.0564

Mean value of Fst_1         = 0.1666
Mean value of Fst_2         = 0.5950
Mean value of Fst_3         = 0.6021
Mean value of Fst_4         = 0.6519


Inferred ancestry of individuals:
        Label (%Miss) Pop:  Inferred clusters
  1 Aotea__001    (1)    1 :  0.004 0.056 0.023 0.918 
  2 Aotea__002    (2)    1 :  0.002 0.030 0.046 0.922 
  3 Aotea__003    (1)    1 :  0.002 0.074 0.011 0.914 
  4 Aotea__004    (2)    1 :  0.001 0.003 0.003 0.993 
  5 Aotea__005    (4)    1 :  0.002 0.047 0.006 0.944 
  6 Aotea__006    (3)    1 :  0.001 0.016 0.017 0.967 
  7 Aotea__007    (4)    1 :  0.001 0.015 0.076 0.907 
  8 Aotea__008    (3)    1 :  0.023 0.064 0.069 0.843 
  9 Aotea__009    (3)    1 :  0.001 0.014 0.003 0.981 
 10 Aotea__010    (2)    1 :  0.002 0.035 0.010 0.954 
 11 Borneo_002   (57)    2 :  0.931 0.007 0.042 0.020 
 12 Borneo_003   (45)    2 :  0.872 0.003 0.101 0.023 
 13 Borneo_004   (35)    2 :  0.874 0.048 0.055 0.023 
 14 Borneo_005   (52)    2 :  0.929 0.012 0.002 0.056 
 15 Borneo_006   (56)    2 :  0.990 0.004 0.003 0.003 
 16 Borneo_008   (45)    2 :  0.765 0.084 0.011 0.140 
 17 Borneo_012   (33)    2 :  0.780 0.012 0.012 0.195 
 18 Borneo_013   (13)    2 :  0.630 0.014 0.256 0.100 
 19 Borneo_014   (55)    2 :  0.994 0.002 0.002 0.002 
 20 Borneo_015   (36)    2 :  0.773 0.041 0.011 0.175 
 21 Borneo_016   (47)    2 :  0.765 0.195 0.004 0.036 
 22 Borneo_017   (56)    2 :  0.887 0.034 0.038 0.041 
 23 Borneo_019   (23)    2 :  0.734 0.179 0.045 0.041 
 24 Borneo_020   (37)    2 :  0.777 0.021 0.007 0.195 
 25 Borneo_021   (35)    2 :  0.803 0.017 0.156 0.023 
 26 Borneo_022   (26)    2 :  0.961 0.025 0.005 0.009 
 27 Borneo_023   (24)    2 :  0.968 0.008 0.017 0.008 
 28 Borneo_024   (21)    2 :  0.896 0.043 0.041 0.020 
 29 Southland1    (0)    3 :  0.050 0.092 0.011 0.847 
 30 GrtMercury    (0)    4 :  0.028 0.225 0.006 0.741 
 31 Halmaher10   (48)    5 :  0.986 0.008 0.003 0.003 
 32 Halmaher11   (50)    5 :  0.995 0.002 0.002 0.002 
 33 Halmaher19   (50)    5 :  0.996 0.001 0.002 0.001 
 34 Halmaher23   (49)    5 :  0.958 0.020 0.016 0.006 
 35 Halmaher24   (18)    5 :  0.700 0.006 0.272 0.023 
 36 Halmahera1   (21)    5 :  0.942 0.019 0.028 0.011 
 37 Halmahera2   (33)    5 :  0.978 0.015 0.003 0.004 
 38 Halmahera3   (24)    5 :  0.978 0.007 0.006 0.009 
 39 Halmahera6   (40)    5 :  0.995 0.002 0.002 0.001 
 40 Halmahera7   (57)    5 :  0.992 0.003 0.002 0.003 
 41 Halmahera8   (41)    5 :  0.969 0.004 0.024 0.004 
 42 Halmahera9   (36)    5 :  0.977 0.006 0.012 0.005 
 43 Hatutaa_01    (6)    6 :  0.030 0.939 0.011 0.020 
 44 Hatutaa_02    (2)    6 :  0.002 0.641 0.015 0.342 
 45 Hatutaa_03    (1)    6 :  0.001 0.716 0.006 0.277 
 46 Hatutaa_04    (3)    6 :  0.004 0.629 0.075 0.292 
 47 Hatutaa_05    (3)    6 :  0.030 0.678 0.086 0.206 
 48 Hatutaa_06    (1)    6 :  0.001 0.650 0.004 0.345 
 49 Hatutaa_07    (1)    6 :  0.001 0.816 0.009 0.174 
 50 Hatutaa_08    (7)    6 :  0.002 0.874 0.044 0.080 
 51 Hatutaa_09    (2)    6 :  0.001 0.713 0.010 0.276 
 52 Hatutaa_10    (2)    6 :  0.002 0.887 0.017 0.093 
 53 Hatutaa_11    (3)    6 :  0.001 0.806 0.008 0.184 
 54 Hatutaa_12    (1)    6 :  0.002 0.674 0.007 0.317 
 55 Hatutaa_13    (1)    6 :  0.001 0.970 0.003 0.026 
 56 Hatutaa_14    (2)    6 :  0.001 0.757 0.004 0.238 
 57 Hatutaa_15    (1)    6 :  0.002 0.511 0.068 0.419 
 58 Hatutaa_16    (5)    6 :  0.001 0.663 0.003 0.333 
 59 Hatutaa_17    (2)    6 :  0.001 0.784 0.005 0.210 
 60 Hatutaa_18    (1)    6 :  0.001 0.931 0.002 0.066 
 61 Hatutaa_19    (1)    6 :  0.001 0.708 0.010 0.280 
 62 Hatutaa_20    (2)    6 :  0.001 0.743 0.008 0.248 
 63 Hatutaa_21    (2)    6 :  0.001 0.878 0.013 0.108 
 64 Honuea_001    (2)    7 :  0.004 0.991 0.002 0.003 
 65 Honuea_002    (3)    7 :  0.001 0.992 0.002 0.004 
 66 Honuea_003    (2)    7 :  0.002 0.989 0.004 0.005 
 67 Honuea_004    (4)    7 :  0.001 0.994 0.002 0.003 
 68 Honuea_005    (5)    7 :  0.022 0.971 0.003 0.004 
 69 Honuea_006    (5)    7 :  0.002 0.993 0.002 0.003 
 70 Honuea_007    (2)    7 :  0.001 0.993 0.002 0.003 
 71 Honuea_008    (1)    7 :  0.003 0.989 0.005 0.003 
 72 Honuea_009    (3)    7 :  0.001 0.994 0.002 0.003 
 73 Honuea_010    (3)    7 :  0.001 0.993 0.001 0.005 
 74 Honuea_011    (3)    7 :  0.001 0.991 0.002 0.005 
 75 Honuea_012    (3)    7 :  0.002 0.991 0.004 0.003 
 76 Honuea_013    (0)    7 :  0.001 0.993 0.002 0.003 
 77 Honuea_015    (3)    7 :  0.001 0.993 0.002 0.004 
 78 Honuea_016    (2)    7 :  0.001 0.994 0.002 0.002 
 79 Honuea_017    (3)    7 :  0.001 0.993 0.003 0.003 
 80 Honuea_018    (2)    7 :  0.001 0.993 0.002 0.004 
 81 Honuea_019    (2)    7 :  0.002 0.989 0.003 0.007 
 82 Honuea_020    (3)    7 :  0.002 0.992 0.003 0.003 
 83 Honuea_021    (1)    7 :  0.001 0.994 0.002 0.003 
 84 Kaikura_01    (2)    8 :  0.001 0.101 0.014 0.884 
 85 Kaikura_02    (4)    8 :  0.001 0.013 0.002 0.984 
 86 Kaikura_03    (3)    8 :  0.001 0.008 0.003 0.988 
 87 Kaikura_04    (3)    8 :  0.001 0.004 0.002 0.993 
 88 Kaikura_05   (12)    8 :  0.065 0.012 0.001 0.922 
 89 Kaikura_06    (2)    8 :  0.001 0.009 0.003 0.987 
 90 Kaikura_07    (1)    8 :  0.001 0.025 0.005 0.970 
 91 Kaikura_08    (1)    8 :  0.001 0.080 0.004 0.915 
 92 Kaikura_09    (2)    8 :  0.001 0.071 0.004 0.924 
 93 Kaikura_10    (4)    8 :  0.001 0.024 0.003 0.972 
 94 Kaikura_11    (7)    8 :  0.011 0.118 0.006 0.866 
 95 Kaikura_12    (5)    8 :  0.001 0.064 0.003 0.932 
 96 Kaikura_13    (2)    8 :  0.001 0.022 0.004 0.973 
 97 Kaikura_14    (3)    8 :  0.001 0.006 0.003 0.990 
 98 Kaikura_15    (2)    8 :  0.001 0.005 0.002 0.991 
 99 Kaikura_16    (2)    8 :  0.001 0.005 0.002 0.992 
100 Kaikura_17    (2)    8 :  0.002 0.015 0.005 0.978 
101 Kaikura_18    (2)    8 :  0.002 0.010 0.019 0.969 
102 Kaikura_19    (2)    8 :  0.002 0.070 0.044 0.885 
103 Kaikura_20    (3)    8 :  0.001 0.069 0.002 0.928 
104 Kamaka_001    (3)    9 :  0.001 0.965 0.012 0.023 
105 Kamaka_002    (2)    9 :  0.001 0.980 0.003 0.016 
106 Kamaka_003    (3)    9 :  0.001 0.982 0.001 0.015 
107 Kamaka_004    (5)    9 :  0.002 0.959 0.009 0.029 
108 Kamaka_005    (5)    9 :  0.001 0.983 0.003 0.014 
109 Kamaka_006    (2)    9 :  0.001 0.988 0.002 0.010 
110 Kamaka_007    (2)    9 :  0.004 0.975 0.004 0.017 
111 Kamaka_008    (2)    9 :  0.002 0.974 0.009 0.015 
112 Kamaka_009   (56)    9 :  0.997 0.001 0.001 0.001 
113 Kamaka_010    (2)    9 :  0.001 0.978 0.002 0.018 
114 Kamaka_011    (3)    9 :  0.029 0.908 0.025 0.038 
115 Kamaka_012    (4)    9 :  0.001 0.989 0.004 0.006 
116 Kamaka_013    (3)    9 :  0.001 0.959 0.003 0.037 
117 Kamaka_014    (1)    9 :  0.001 0.972 0.002 0.024 
118 Kamaka_015    (3)    9 :  0.008 0.979 0.003 0.010 
119 Kamaka_016    (1)    9 :  0.001 0.951 0.003 0.045 
120 Kamaka_017    (1)    9 :  0.001 0.942 0.003 0.054 
121 Kamaka_018    (2)    9 :  0.003 0.988 0.004 0.006 
122 Kamaka_019    (3)    9 :  0.001 0.981 0.004 0.014 
123 Kamaka_020    (4)    9 :  0.018 0.965 0.003 0.013 
124 Kamaka_021    (3)    9 :  0.002 0.956 0.008 0.034 
125 Kayangel01    (3)   10 :  0.604 0.016 0.363 0.017 
126 Kayangel02    (3)   10 :  0.632 0.006 0.354 0.007 
127 Kayangel03    (4)   10 :  0.678 0.008 0.300 0.014 
128 Kayangel04    (2)   10 :  0.633 0.013 0.336 0.018 
129 Kayangel05    (1)   10 :  0.636 0.013 0.340 0.011 
130 Kayangel06    (3)   10 :  0.640 0.016 0.327 0.017 
131 Kayangel07    (7)   10 :  0.648 0.005 0.340 0.007 
132 Kayangel08    (2)   10 :  0.599 0.006 0.392 0.004 
133 Kayangel09    (1)   10 :  0.643 0.009 0.342 0.006 
134 Kayangel10    (2)   10 :  0.639 0.031 0.318 0.011 
135 Kayangel11    (1)   10 :  0.991 0.002 0.003 0.003 
136 Kayangel12    (3)   10 :  0.644 0.008 0.343 0.005 
137 Kayangel13   (20)   10 :  0.996 0.001 0.001 0.001 
138 Kayangel14    (4)   10 :  0.643 0.010 0.342 0.005 
139 Kayangel15    (2)   10 :  0.994 0.002 0.002 0.002 
140 Kayangel16    (7)   10 :  0.801 0.002 0.193 0.004 
141 Kayangel17   (41)   10 :  0.996 0.002 0.001 0.001 
142 Kayangel18    (3)   10 :  0.689 0.005 0.303 0.004 
143 Kayangel19    (2)   10 :  0.994 0.002 0.002 0.002 
144 Kayangel20    (4)   10 :  0.667 0.073 0.221 0.039 
145 Kayangel21   (13)   10 :  0.992 0.003 0.002 0.003 
146 Late_Is_01    (3)   11 :  0.002 0.235 0.761 0.003 
147 Late_Is_02    (3)   11 :  0.090 0.172 0.723 0.015 
148 Late_Is_03    (9)   11 :  0.098 0.113 0.779 0.010 
149 Late_Is_04    (4)   11 :  0.006 0.113 0.742 0.139 
150 Late_Is_05    (4)   11 :  0.020 0.240 0.675 0.065 
151 Late_Is_06   (17)   11 :  0.303 0.040 0.643 0.014 
152 Late_Is_07    (2)   11 :  0.005 0.284 0.707 0.004 
153 Late_Is_08    (6)   11 :  0.066 0.469 0.461 0.004 
154 Late_Is_09    (3)   11 :  0.002 0.351 0.638 0.009 
155 Late_Is_10    (3)   11 :  0.023 0.103 0.767 0.107 
156 Late_Is_11   (21)   11 :  0.317 0.069 0.520 0.093 
157 Late_Is_12    (7)   11 :  0.055 0.194 0.692 0.058 
158 Late_Is_13    (3)   11 :  0.021 0.060 0.649 0.270 
159 Late_Is_14    (2)   11 :  0.011 0.092 0.817 0.080 
160 Late_Is_15    (4)   11 :  0.145 0.071 0.538 0.246 
161 Late_Is_16    (2)   11 :  0.001 0.323 0.668 0.008 
162 Late_Is_17    (4)   11 :  0.082 0.030 0.603 0.286 
163 Late_Is_18    (3)   11 :  0.081 0.131 0.753 0.036 
164 Late_Is_19    (4)   11 :  0.001 0.240 0.702 0.056 
165 Late_Is_20    (2)   11 :  0.004 0.132 0.678 0.185 
166 Late_Is_21    (6)   11 :  0.063 0.428 0.502 0.007 
167 Cambodia_1    (0)   12 :  0.997 0.001 0.001 0.001 
168 Laos___001    (0)   12 :  0.996 0.001 0.001 0.001 
169 Laos___002    (0)   12 :  0.997 0.001 0.001 0.001 
170 Luzon__001    (0)   12 :  0.943 0.011 0.035 0.010 
171 Thailand01    (0)   12 :  0.998 0.001 0.001 0.001 
172 Thailand02    (0)   12 :  0.997 0.001 0.001 0.001 
173 Malenge_04   (53)   13 :  0.991 0.004 0.002 0.003 
174 Malenge_11   (57)   13 :  0.965 0.013 0.008 0.014 
175 Malenge_14   (57)   13 :  0.997 0.001 0.001 0.001 
176 Malenge_15   (58)   13 :  0.990 0.003 0.003 0.003 
177 Malenge_17   (57)   13 :  0.996 0.001 0.001 0.001 
178 Malenge_18   (36)   13 :  0.941 0.008 0.004 0.046 
179 Malenge_19   (50)   13 :  0.993 0.003 0.001 0.002 
180 Malenge_20   (45)   13 :  0.992 0.003 0.002 0.003 
181 Malenge_22   (45)   13 :  0.990 0.003 0.003 0.004 
182 Malenge_23   (30)   13 :  0.992 0.002 0.004 0.002 
183 Malenge_24   (21)   13 :  0.921 0.016 0.005 0.058 
184 Malenge_25   (36)   13 :  0.979 0.005 0.008 0.008 
185 Mohotani01    (0)   14 :  0.001 0.885 0.031 0.083 
186 Mohotani02    (1)   14 :  0.002 0.898 0.031 0.070 
187 Mohotani03    (4)   14 :  0.001 0.870 0.118 0.011 
188 Mohotani04    (1)   14 :  0.002 0.918 0.051 0.030 
189 Mohotani05    (4)   14 :  0.001 0.968 0.005 0.025 
190 Mohotani06    (2)   14 :  0.001 0.936 0.050 0.013 
191 Mohotani07    (2)   14 :  0.001 0.864 0.090 0.045 
192 Mohotani08    (2)   14 :  0.002 0.916 0.052 0.029 
193 Mohotani09    (2)   14 :  0.001 0.979 0.015 0.005 
194 Mohotani10    (2)   14 :  0.004 0.843 0.085 0.068 
195 Mohotani11    (0)   14 :  0.010 0.877 0.098 0.014 
196 Mohotani12    (2)   14 :  0.001 0.971 0.020 0.008 
197 Mohotani13    (3)   14 :  0.001 0.947 0.022 0.031 
198 Mohotani14    (3)   14 :  0.002 0.972 0.016 0.010 
199 Motukawa10    (3)   15 :  0.001 0.004 0.002 0.994 
200 Motukawa11    (4)   15 :  0.001 0.003 0.001 0.995 
201 Motukawa12    (3)   15 :  0.003 0.002 0.001 0.994 
202 Motukawa13    (3)   15 :  0.001 0.004 0.006 0.989 
203 Motukawa14    (2)   15 :  0.001 0.003 0.002 0.994 
204 Motukawa15    (3)   15 :  0.001 0.003 0.004 0.993 
205 Motukawa16    (1)   15 :  0.001 0.010 0.002 0.987 
206 Motukawa17    (3)   15 :  0.001 0.002 0.003 0.993 
207 Motukawa18    (4)   15 :  0.001 0.003 0.001 0.995 
208 Motukawa19    (6)   15 :  0.001 0.003 0.001 0.995 
209 Motukawa20    (3)   15 :  0.001 0.003 0.002 0.995 
210 Motukawa21    (5)   15 :  0.001 0.003 0.001 0.995 
211 Motukawan1    (3)   15 :  0.001 0.003 0.002 0.995 
212 Motukawan2    (6)   15 :  0.001 0.003 0.004 0.992 
213 Motukawan3    (2)   15 :  0.003 0.004 0.002 0.991 
214 Motukawan4    (2)   15 :  0.001 0.004 0.003 0.992 
215 Motukawan5    (1)   15 :  0.001 0.002 0.002 0.995 
216 Motukawan6    (3)   15 :  0.001 0.003 0.004 0.993 
217 Motukawan7    (1)   15 :  0.001 0.004 0.002 0.993 
218 Motukawan8    (1)   15 :  0.002 0.002 0.002 0.994 
219 Motukawan9    (1)   15 :  0.001 0.004 0.002 0.993 
220 NewBrita14   (55)   16 :  0.870 0.028 0.089 0.013 
221 NewBrita16   (28)   16 :  0.633 0.005 0.357 0.004 
222 NewBrita23   (57)   16 :  0.958 0.016 0.008 0.018 
223 NewBrita24   (20)   16 :  0.541 0.024 0.142 0.293 
224 NewBrita25   (46)   16 :  0.987 0.007 0.002 0.005 
225 NewBritai2   (51)   16 :  0.956 0.010 0.027 0.007 
226 NewBritai3   (46)   16 :  0.900 0.024 0.026 0.050 
227 NewBritai6   (42)   16 :  0.782 0.038 0.158 0.022 
228 NewBritai7   (58)   16 :  0.957 0.018 0.010 0.015 
229 NewBritai8   (49)   16 :  0.734 0.004 0.256 0.006 
230 NewGuine17   (56)   17 :  0.994 0.002 0.002 0.002 
231 NewGuinea1   (56)   17 :  0.996 0.001 0.001 0.001 
232 NewGuinea8   (54)   17 :  0.995 0.002 0.002 0.002 
233 Normanby08   (57)   18 :  0.991 0.004 0.002 0.003 
234 Rakiura_01    (3)   19 :  0.006 0.020 0.026 0.948 
235 Rakiura_02    (1)   19 :  0.001 0.005 0.006 0.987 
236 Rakiura_03    (4)   19 :  0.001 0.151 0.009 0.839 
237 Rakiura_04    (1)   19 :  0.001 0.004 0.002 0.993 
238 Rakiura_05    (2)   19 :  0.001 0.005 0.004 0.989 
239 Rakiura_06    (2)   19 :  0.001 0.010 0.020 0.969 
240 Rakiura_07    (2)   19 :  0.002 0.006 0.006 0.987 
241 Rakiura_08    (2)   19 :  0.002 0.015 0.036 0.947 
242 Rakiura_09    (3)   19 :  0.004 0.285 0.049 0.662 
243 Rakiura_10    (1)   19 :  0.001 0.018 0.017 0.964 
244 Rakiura_11    (2)   19 :  0.002 0.060 0.033 0.905 
245 Rakiura_12    (2)   19 :  0.001 0.010 0.003 0.985 
246 Rakiura_13    (3)   19 :  0.013 0.010 0.026 0.951 
247 Rakiura_14    (2)   19 :  0.001 0.033 0.027 0.940 
248 Rakiura_15    (2)   19 :  0.002 0.042 0.088 0.868 
249 Rakiura_16    (3)   19 :  0.002 0.075 0.005 0.918 
250 Rakiura_17    (4)   19 :  0.011 0.028 0.253 0.708 
251 Rakiura_18    (2)   19 :  0.001 0.192 0.012 0.794 
252 Rakiura_19    (4)   19 :  0.003 0.153 0.100 0.744 
253 Rakiura_20    (2)   19 :  0.005 0.012 0.026 0.957 
254 Rakiura_21    (2)   19 :  0.007 0.035 0.035 0.923 
255 Reiono_001    (3)   20 :  0.001 0.985 0.004 0.010 
256 Reiono_002    (3)   20 :  0.001 0.968 0.009 0.022 
257 Reiono_003    (4)   20 :  0.001 0.989 0.003 0.008 
258 Reiono_004    (4)   20 :  0.002 0.973 0.014 0.011 
259 Reiono_005    (1)   20 :  0.002 0.976 0.008 0.013 
260 Reiono_006    (1)   20 :  0.001 0.940 0.007 0.052 
261 Reiono_007    (6)   20 :  0.057 0.922 0.013 0.009 
262 Reiono_008    (2)   20 :  0.001 0.970 0.017 0.012 
263 Reiono_009    (1)   20 :  0.001 0.989 0.004 0.006 
264 Reiono_010    (6)   20 :  0.002 0.963 0.017 0.018 
265 Reiono_011    (1)   20 :  0.001 0.988 0.005 0.007 
266 Reiono_012    (1)   20 :  0.001 0.985 0.005 0.010 
267 Reiono_013    (2)   20 :  0.001 0.973 0.007 0.019 
268 Reiono_014    (4)   20 :  0.001 0.992 0.004 0.003 
269 Reiono_015    (4)   20 :  0.001 0.968 0.008 0.023 
270 Reiono_016    (2)   20 :  0.001 0.974 0.005 0.020 
271 Reiono_017    (3)   20 :  0.002 0.976 0.008 0.015 
272 Reiono_018    (5)   20 :  0.002 0.936 0.053 0.009 
273 Reiono_019    (3)   20 :  0.001 0.980 0.003 0.017 
274 Reiono_020    (2)   20 :  0.006 0.978 0.003 0.013 
275 Reiono_021    (2)   20 :  0.002 0.985 0.006 0.007 
276 Rimatuu_01    (2)   21 :  0.001 0.973 0.002 0.024 
277 Rimatuu_02    (3)   21 :  0.001 0.537 0.002 0.460 
278 Rimatuu_03    (2)   21 :  0.004 0.623 0.002 0.371 
279 Rimatuu_04    (1)   21 :  0.002 0.926 0.004 0.068 
280 Rimatuu_05    (2)   21 :  0.001 0.899 0.003 0.096 
281 Rimatuu_06    (2)   21 :  0.001 0.458 0.002 0.538 
282 Rimatuu_07    (3)   21 :  0.001 0.712 0.002 0.286 
283 Rimatuu_08    (3)   21 :  0.001 0.584 0.002 0.414 
284 Rimatuu_09    (2)   21 :  0.001 0.937 0.005 0.057 
285 Rimatuu_10    (1)   21 :  0.001 0.656 0.002 0.341 
286 Rimatuu_11    (1)   21 :  0.004 0.895 0.018 0.083 
287 Rimatuu_12    (2)   21 :  0.001 0.884 0.002 0.113 
288 Rimatuu_13    (1)   21 :  0.001 0.672 0.002 0.326 
289 Rimatuu_14    (1)   21 :  0.001 0.559 0.002 0.438 
290 Rimatuu_15    (1)   21 :  0.001 0.978 0.002 0.020 
291 Rimatuu_16    (2)   21 :  0.001 0.762 0.002 0.235 
292 Rimatuu_17    (3)   21 :  0.001 0.705 0.003 0.292 
293 Rimatuu_18    (3)   21 :  0.001 0.904 0.004 0.091 
294 Rimatuu_19    (3)   21 :  0.001 0.979 0.007 0.013 
295 Rimatuu_20    (3)   21 :  0.001 0.966 0.004 0.029 
296 Rimatuu_21    (4)   21 :  0.001 0.830 0.002 0.168 
297 Slipper_01    (3)   22 :  0.004 0.003 0.020 0.973 
298 Slipper_02    (2)   22 :  0.001 0.007 0.005 0.987 
299 Slipper_03    (3)   22 :  0.001 0.003 0.003 0.993 
300 Slipper_04    (2)   22 :  0.001 0.009 0.005 0.985 
301 Slipper_05    (1)   22 :  0.001 0.006 0.003 0.990 
302 Slipper_06    (2)   22 :  0.001 0.003 0.004 0.992 
303 Slipper_07    (1)   22 :  0.003 0.020 0.004 0.973 
304 Slipper_08    (2)   22 :  0.001 0.004 0.005 0.990 
305 Slipper_09    (3)   22 :  0.001 0.003 0.003 0.993 
306 Slipper_10    (3)   22 :  0.001 0.014 0.005 0.980 
307 Slipper_11    (2)   22 :  0.023 0.006 0.006 0.965 
308 Slipper_12    (2)   22 :  0.007 0.006 0.009 0.978 
309 Slipper_13    (1)   22 :  0.001 0.007 0.005 0.987 
310 Slipper_14    (3)   22 :  0.001 0.004 0.010 0.984 
311 Slipper_15    (2)   22 :  0.001 0.002 0.033 0.964 
312 Slipper_16    (3)   22 :  0.001 0.003 0.005 0.990 
313 Slipper_17    (2)   22 :  0.001 0.024 0.003 0.972 
314 Slipper_18    (0)   22 :  0.001 0.015 0.005 0.979 
315 Slipper_19    (3)   22 :  0.002 0.003 0.002 0.993 
316 Slipper_20    (3)   22 :  0.001 0.005 0.002 0.992 
317 Slipper_21    (2)   22 :  0.001 0.009 0.012 0.978 
318 Sulawesi_1   (17)   23 :  0.857 0.112 0.017 0.014 
319 Sulawesi_2    (9)   23 :  0.986 0.004 0.005 0.005 
320 Sulawesi_3   (18)   23 :  0.974 0.008 0.006 0.012 
321 Sulawesi_4   (14)   23 :  0.961 0.008 0.023 0.007 
322 Sulawesi_5    (7)   23 :  0.892 0.027 0.059 0.022 
323 Sulawesi_6   (22)   23 :  0.893 0.023 0.007 0.077 
324 Sulawesi_7   (10)   23 :  0.930 0.027 0.020 0.023 
325 Sulawesi_8   (22)   23 :  0.991 0.003 0.004 0.002 
326 Sulawesi_9    (9)   23 :  0.969 0.013 0.014 0.004 
327 Sulawesi10    (9)   23 :  0.927 0.034 0.020 0.019 
328 Sulawesi11   (16)   23 :  0.776 0.119 0.008 0.097 
329 Sulawesi12   (20)   23 :  0.988 0.006 0.003 0.003 
330 Sulawesi13   (18)   23 :  0.979 0.004 0.010 0.006 
331 Sulawesi14   (27)   23 :  0.965 0.012 0.012 0.011 
332 Sulawesi15   (23)   23 :  0.920 0.042 0.022 0.016 
333 Sulawesi16   (24)   23 :  0.908 0.028 0.015 0.048 
334 Sulawesi17   (10)   23 :  0.820 0.051 0.089 0.040 
335 Sulawesi18   (20)   23 :  0.983 0.004 0.009 0.004 
336 Sulawesi19   (18)   23 :  0.980 0.011 0.006 0.003 
337 Sulawesi20   (22)   23 :  0.964 0.022 0.005 0.009 
338 Sulawesi21   (12)   23 :  0.973 0.010 0.014 0.003 
339 Sulawesi22   (35)   23 :  0.990 0.003 0.004 0.003 
340 Tahanea_01   (10)   24 :  0.003 0.990 0.003 0.004 
341 Tahanea_02    (2)   24 :  0.004 0.962 0.007 0.026 
342 Tahanea_03    (9)   24 :  0.170 0.819 0.005 0.006 
343 Tahanea_04    (3)   24 :  0.004 0.983 0.009 0.004 
344 Tahanea_05    (2)   24 :  0.001 0.995 0.002 0.002 
345 Tahanea_06    (2)   24 :  0.001 0.993 0.002 0.004 
346 Tahanea_07    (3)   24 :  0.001 0.994 0.002 0.003 
347 Tahanea_08   (15)   24 :  0.002 0.986 0.004 0.009 
348 Tahanea_09    (3)   24 :  0.001 0.992 0.002 0.005 
349 Tahanea_10    (2)   24 :  0.002 0.986 0.003 0.009 
350 Tahanea_11    (5)   24 :  0.143 0.849 0.003 0.005 
351 Tahanea_12    (3)   24 :  0.001 0.991 0.003 0.005 
352 Tahanea_13    (2)   24 :  0.042 0.952 0.003 0.004 
353 Tahanea_14    (2)   24 :  0.019 0.960 0.016 0.005 
354 Tahanea_15    (2)   24 :  0.002 0.990 0.002 0.005 
355 Tahanea_16    (9)   24 :  0.002 0.986 0.008 0.004 
356 Tahanea_17    (2)   24 :  0.001 0.987 0.002 0.010 
357 Tahanea_18    (6)   24 :  0.070 0.919 0.001 0.010 
358 Tahanea_19    (3)   24 :  0.009 0.981 0.005 0.005 
359 Tahanea_20    (0)   24 :  0.001 0.989 0.003 0.007 
360 Wake_Is_01    (1)   25 :  0.001 0.003 0.990 0.006 
361 Wake_Is_02    (4)   25 :  0.010 0.010 0.972 0.008 
362 Wake_Is_03    (2)   25 :  0.001 0.002 0.995 0.002 
363 Wake_Is_04    (2)   25 :  0.003 0.002 0.992 0.003 
364 Wake_Is_05    (1)   25 :  0.001 0.003 0.992 0.004 
365 Wake_Is_06    (0)   25 :  0.001 0.005 0.989 0.005 
366 Wake_Is_07    (2)   25 :  0.001 0.002 0.995 0.003 
367 Wake_Is_08    (2)   25 :  0.001 0.002 0.995 0.002 
368 Wake_Is_09    (2)   25 :  0.001 0.002 0.995 0.002 
369 Wake_Is_10    (2)   25 :  0.001 0.002 0.994 0.003 
370 Wake_Is_11    (1)   25 :  0.001 0.002 0.994 0.003 
371 Wake_Is_12    (2)   25 :  0.001 0.003 0.987 0.009 
372 Wake_Is_13    (4)   25 :  0.001 0.002 0.993 0.004 
373 Wake_Is_14    (2)   25 :  0.001 0.004 0.991 0.004 
374 Wake_Is_15    (2)   25 :  0.009 0.002 0.987 0.002 
375 Wake_Is_16    (5)   25 :  0.181 0.003 0.813 0.003 
376 Wake_Is_17    (1)   25 :  0.001 0.002 0.994 0.003 
377 Wake_Is_18    (1)   25 :  0.001 0.003 0.991 0.005 
378 Wake_Is_19    (2)   25 :  0.001 0.006 0.989 0.005 
379 Wake_Is_20    (1)   25 :  0.001 0.002 0.994 0.002 


Estimated Allele Frequencies in each cluster
First column gives estimated ancestral frequencies


Locus 1 : X299_CHR1_1146 
2 alleles
15.3% missing data
   3   (0.749) 0.791 0.979 0.998 0.977 
   2   (0.251) 0.209 0.021 0.002 0.023 

Locus 2 : X13_CHR1_11661 
2 alleles
6.6% missing data
   3   (0.676) 0.887 0.151 0.769 0.947 
   4   (0.324) 0.113 0.849 0.231 0.053 

Locus 3 : X14_CHR1_12485 
2 alleles
8.7% missing data
   4   (0.419) 0.136 0.540 0.914 0.985 
   3   (0.581) 0.864 0.460 0.086 0.015 

Locus 4 : X15_CHR1_13486 
2 alleles
3.2% missing data
   2   (0.874) 0.849 1.000 0.999 0.999 
   1   (0.126) 0.151 0.000 0.001 0.001 

Locus 5 : X16_CHR1_13731 
2 alleles
5.8% missing data
   1   (0.276) 0.020 0.716 0.811 0.995 
   3   (0.724) 0.980 0.284 0.189 0.005 

Locus 6 : X18_CHR1_18597 
2 alleles
14.8% missing data
   2   (0.910) 0.953 1.000 0.999 1.000 
   4   (0.090) 0.047 0.000 0.001 0.000 

Locus 7 : X19_CHR1_19270 
2 alleles
1.1% missing data
   4   (0.890) 0.905 1.000 0.998 1.000 
   3   (0.110) 0.095 0.000 0.002 0.000 

Locus 8 : X20_CHR1_19838 
2 alleles
5.8% missing data
   3   (0.834) 0.921 0.999 0.989 0.994 
   1   (0.166) 0.079 0.001 0.011 0.006 

Locus 9 : X21_CHR1_20196 
2 alleles
3.7% missing data
   1   (0.480) 0.398 0.421 0.904 0.141 
   3   (0.520) 0.602 0.579 0.096 0.859 

Locus 10 : X22_CHR1_20954 
2 alleles
8.2% missing data
   1   (0.530) 0.546 0.578 0.510 0.787 
   3   (0.470) 0.454 0.422 0.490 0.213 

Locus 11 : X23_CHR1_21191 
2 alleles
12.9% missing data
   3   (0.728) 0.953 0.477 0.837 0.411 
   2   (0.272) 0.047 0.523 0.163 0.589 

Locus 12 : X262_CHR1_2123 
2 alleles
9.8% missing data
   4   (0.904) 0.940 1.000 0.999 1.000 
   1   (0.096) 0.060 0.000 0.001 0.000 

Locus 13 : X24_CHR1_21645 
2 alleles
2.9% missing data
   3   (0.921) 0.975 1.000 0.999 1.000 
   4   (0.079) 0.025 0.000 0.001 0.000 

Locus 14 : X25_CHR1_22005 
2 alleles
0.0% missing data
   4   (0.666) 0.210 0.997 0.992 0.999 
   2   (0.334) 0.790 0.003 0.008 0.001 

Locus 15 : X26_CHR1_23112 
2 alleles
5.3% missing data
   4   (0.846) 0.898 1.000 0.998 0.990 
   1   (0.154) 0.102 0.000 0.002 0.010 

Locus 16 : X27_CHR1_25562 
2 alleles
6.3% missing data
   1   (0.795) 0.433 0.999 0.999 0.999 
   3   (0.205) 0.567 0.001 0.001 0.001 

Locus 17 : X300_CHR1_2620 
2 alleles
7.9% missing data
   1   (0.778) 0.888 0.976 0.933 0.999 
   2   (0.222) 0.112 0.024 0.067 0.001 

Locus 18 : X301_CHR1_2620 
2 alleles
24.8% missing data
   4   (0.719) 0.813 0.942 0.710 0.996 
   2   (0.281) 0.187 0.058 0.290 0.004 

Locus 19 : X28_CHR1_26550 
2 alleles
2.9% missing data
   3   (0.883) 0.968 0.996 0.999 1.000 
   1   (0.117) 0.032 0.004 0.001 0.000 

Locus 20 : X29_CHR1_28123 
2 alleles
10.6% missing data
   1   (0.759) 0.350 0.999 0.998 0.999 
   3   (0.241) 0.650 0.001 0.002 0.001 

Locus 21 : X260_CHR1_3236 
2 alleles
0.3% missing data
   4   (0.690) 0.792 0.979 0.815 0.984 
   2   (0.310) 0.208 0.021 0.185 0.016 

Locus 22 : X2_CHR1_348682 
2 alleles
7.1% missing data
   1   (0.605) 0.287 0.998 0.467 0.999 
   3   (0.395) 0.713 0.002 0.533 0.001 

Locus 23 : X3_CHR1_537201 
2 alleles
4.2% missing data
   4   (0.851) 0.735 1.000 0.996 1.000 
   2   (0.149) 0.265 0.000 0.004 0.000 

Locus 24 : X296_CHR1_5774 
2 alleles
45.4% missing data
   3   (0.661) 0.839 0.750 0.705 0.777 
   2   (0.339) 0.161 0.250 0.295 0.223 

Locus 25 : X4_CHR1_578156 
2 alleles
17.4% missing data
   4   (0.526) 0.492 0.644 0.866 0.542 
   3   (0.474) 0.508 0.356 0.134 0.458 

Locus 26 : X5_CHR1_657423 
2 alleles
9.2% missing data
   4   (0.917) 0.967 1.000 0.999 1.000 
   2   (0.083) 0.033 0.000 0.001 0.000 

Locus 27 : X6_CHR1_723638 
2 alleles
11.9% missing data
   3   (0.925) 0.980 1.000 0.999 1.000 
   1   (0.075) 0.020 0.000 0.001 0.000 

Locus 28 : X7_CHR1_801358 
2 alleles
7.7% missing data
   2   (0.471) 0.034 0.999 0.994 0.999 
   4   (0.529) 0.966 0.001 0.006 0.001 

Locus 29 : X297_CHR1_8053 
2 alleles
19.8% missing data
   4   (0.855) 0.921 0.999 0.998 0.990 
   1   (0.145) 0.079 0.001 0.002 0.010 

Locus 30 : X298_CHR1_8257 
2 alleles
6.1% missing data
   2   (0.873) 0.818 1.000 0.999 1.000 
   4   (0.127) 0.182 0.000 0.001 0.000 

Locus 31 : X8_CHR1_853819 
2 alleles
7.4% missing data
   2   (0.833) 0.757 0.998 0.997 1.000 
   4   (0.167) 0.243 0.002 0.003 0.000 

Locus 32 : X9_CHR1_890393 
2 alleles
23.2% missing data
   2   (0.282) 0.052 0.461 0.451 0.889 
   4   (0.718) 0.948 0.539 0.549 0.111 

Locus 33 : X10_CHR1_94071 
2 alleles
12.7% missing data
   4   (0.653) 0.875 0.471 0.588 0.404 
   1   (0.347) 0.125 0.529 0.412 0.596 

Locus 34 : X174_CHR10_100 
2 alleles
7.1% missing data
   1   (0.900) 0.923 1.000 0.999 1.000 
   3   (0.100) 0.077 0.000 0.001 0.000 

Locus 35 : X175_CHR10_106 
2 alleles
20.6% missing data
   1   (0.563) 0.381 0.992 0.648 0.974 
   4   (0.437) 0.619 0.008 0.352 0.026 

Locus 36 : X157_CHR10_131 
2 alleles
0.5% missing data
   3   (0.906) 0.946 1.000 0.999 1.000 
   1   (0.094) 0.054 0.000 0.001 0.000 

Locus 37 : X276_CHR10_157 
2 alleles
21.1% missing data
   4   (0.793) 0.503 0.999 0.996 0.999 
   2   (0.207) 0.497 0.001 0.004 0.001 

Locus 38 : X158_CHR10_182 
2 alleles
0.0% missing data
   2   (0.289) 0.039 0.318 0.930 0.584 
   4   (0.711) 0.961 0.682 0.070 0.416 

Locus 39 : X159_CHR10_293 
2 alleles
3.2% missing data
   4   (0.802) 0.557 0.999 0.995 0.999 
   2   (0.198) 0.443 0.001 0.005 0.001 

Locus 40 : X160_CHR10_387 
2 alleles
4.7% missing data
   4   (0.897) 0.919 1.000 0.999 1.000 
   3   (0.103) 0.081 0.000 0.001 0.000 

Locus 41 : X277_CHR10_414 
2 alleles
33.8% missing data
   2   (0.179) 0.026 0.611 0.002 0.772 
   4   (0.821) 0.974 0.389 0.998 0.228 

Locus 42 : X278_CHR10_459 
2 alleles
3.4% missing data
   4   (0.861) 0.939 1.000 0.968 1.000 
   1   (0.139) 0.061 0.000 0.032 0.000 

Locus 43 : X161_CHR10_465 
2 alleles
8.2% missing data
   3   (0.864) 0.829 1.000 0.999 0.999 
   1   (0.136) 0.171 0.000 0.001 0.001 

Locus 44 : X163_CHR10_564 
2 alleles
0.8% missing data
   4   (0.699) 0.603 0.992 0.952 0.997 
   2   (0.301) 0.397 0.008 0.048 0.003 

Locus 45 : X279_CHR10_566 
2 alleles
4.0% missing data
   3   (0.829) 0.661 0.999 0.999 1.000 
   1   (0.171) 0.339 0.001 0.001 0.000 

Locus 46 : X164_CHR10_590 
2 alleles
0.8% missing data
   4   (0.581) 0.715 0.324 0.791 0.408 
   2   (0.419) 0.285 0.676 0.209 0.592 

Locus 47 : X165_CHR10_636 
2 alleles
7.4% missing data
   4   (0.859) 0.762 0.999 0.999 1.000 
   1   (0.141) 0.238 0.001 0.001 0.000 

Locus 48 : X166_CHR10_667 
2 alleles
8.4% missing data
   3   (0.887) 0.886 1.000 0.999 1.000 
   1   (0.113) 0.114 0.000 0.001 0.000 

Locus 49 : X156_CHR10_684 
2 alleles
9.2% missing data
   4   (0.832) 0.978 0.836 0.998 0.785 
   2   (0.168) 0.022 0.164 0.002 0.215 

Locus 50 : X167_CHR10_718 
2 alleles
1.1% missing data
   1   (0.711) 0.497 0.999 0.722 0.999 
   3   (0.289) 0.503 0.001 0.278 0.001 

Locus 51 : X168_CHR10_740 
2 alleles
8.7% missing data
   1   (0.881) 0.853 1.000 0.999 1.000 
   3   (0.119) 0.147 0.000 0.001 0.000 

Locus 52 : X169_CHR10_771 
2 alleles
11.9% missing data
   1   (0.769) 0.966 0.939 0.686 0.840 
   3   (0.231) 0.034 0.061 0.314 0.160 

Locus 53 : X170_CHR10_833 
2 alleles
0.3% missing data
   3   (0.744) 0.899 0.976 0.966 0.970 
   4   (0.256) 0.101 0.024 0.034 0.030 

Locus 54 : X171_CHR10_863 
2 alleles
6.1% missing data
   2   (0.333) 0.072 0.890 0.594 0.729 
   4   (0.667) 0.928 0.110 0.406 0.271 

Locus 55 : X172_CHR10_915 
2 alleles
6.6% missing data
   4   (0.175) 0.123 0.001 0.004 0.043 
   2   (0.825) 0.877 0.999 0.996 0.957 

Locus 56 : X173_CHR10_946 
2 alleles
6.6% missing data
   2   (0.827) 0.883 1.000 0.800 1.000 
   1   (0.173) 0.117 0.000 0.200 0.000 

Locus 57 : X176_CHR11_144 
2 alleles
4.5% missing data
   3   (0.802) 0.479 0.999 0.998 0.999 
   1   (0.198) 0.521 0.001 0.002 0.001 

Locus 58 : X177_CHR11_223 
2 alleles
7.9% missing data
   3   (0.856) 0.770 1.000 0.993 1.000 
   1   (0.144) 0.230 0.000 0.007 0.000 

Locus 59 : X178_CHR11_314 
2 alleles
3.2% missing data
   1   (0.307) 0.138 0.427 0.030 0.707 
   3   (0.693) 0.862 0.573 0.970 0.293 

Locus 60 : X179_CHR11_448 
2 alleles
31.7% missing data
   3   (0.911) 0.958 1.000 0.999 1.000 
   1   (0.089) 0.042 0.000 0.001 0.000 

Locus 61 : X180_CHR11_530 
2 alleles
7.1% missing data
   1   (0.560) 0.672 0.354 0.490 0.698 
   2   (0.440) 0.328 0.646 0.510 0.302 

Locus 62 : X181_CHR11_620 
2 alleles
6.3% missing data
   1   (0.555) 0.419 0.296 0.995 0.679 
   3   (0.445) 0.581 0.704 0.005 0.321 

Locus 63 : X183_CHR11_792 
2 alleles
6.6% missing data
   3   (0.745) 0.741 0.997 0.724 0.997 
   2   (0.255) 0.259 0.003 0.276 0.003 

Locus 64 : X184_CHR11_817 
2 alleles
2.4% missing data
   4   (0.806) 0.680 0.999 0.988 0.999 
   2   (0.194) 0.320 0.001 0.012 0.001 

Locus 65 : X185_CHR12_131 
2 alleles
9.5% missing data
   3   (0.887) 0.882 1.000 0.999 1.000 
   1   (0.113) 0.118 0.000 0.001 0.000 

Locus 66 : X186_CHR12_171 
2 alleles
4.2% missing data
   2   (0.662) 0.842 0.893 0.514 0.786 
   3   (0.338) 0.158 0.107 0.486 0.214 

Locus 67 : X187_CHR12_221 
2 alleles
0.3% missing data
   3   (0.804) 0.480 0.999 0.999 0.999 
   1   (0.196) 0.520 0.001 0.001 0.001 

Locus 68 : X188_CHR12_281 
2 alleles
7.1% missing data
   4   (0.888) 0.961 1.000 0.992 0.999 
   2   (0.112) 0.039 0.000 0.008 0.001 

Locus 69 : X311_CHR12_412 
2 alleles
7.4% missing data
   3   (0.918) 0.970 1.000 0.999 1.000 
   1   (0.082) 0.030 0.000 0.001 0.000 

Locus 70 : X312_CHR12_412 
2 alleles
19.5% missing data
   3   (0.932) 0.995 0.999 0.999 0.996 
   2   (0.068) 0.005 0.001 0.001 0.004 

Locus 71 : X190_CHR12_430 
2 alleles
2.9% missing data
   3   (0.860) 0.740 1.000 0.999 1.000 
   1   (0.140) 0.260 0.000 0.001 0.000 

Locus 72 : X191_CHR12_512 
2 alleles
5.8% missing data
   4   (0.291) 0.314 0.028 0.002 0.078 
   2   (0.709) 0.686 0.972 0.998 0.922 

Locus 73 : X192_CHR13_501 
2 alleles
15.3% missing data
   3   (0.915) 0.963 1.000 0.999 1.000 
   1   (0.085) 0.037 0.000 0.001 0.000 

Locus 74 : X284_CHR13_570 
2 alleles
1.3% missing data
   4   (0.557) 0.461 0.871 0.884 0.959 
   3   (0.443) 0.539 0.129 0.116 0.041 

Locus 75 : X193_CHR13_631 
2 alleles
12.4% missing data
   2   (0.444) 0.322 0.278 0.655 0.730 
   4   (0.556) 0.678 0.722 0.345 0.270 

Locus 76 : X194_CHR13_754 
2 alleles
6.1% missing data
   4   (0.453) 0.299 0.691 0.565 0.811 
   2   (0.547) 0.701 0.309 0.435 0.189 

Locus 77 : X195_CHR13_794 
2 alleles
4.5% missing data
   1   (0.469) 0.617 0.651 0.011 0.409 
   3   (0.531) 0.383 0.349 0.989 0.591 

Locus 78 : X196_CHR13_841 
2 alleles
5.3% missing data
   4   (0.831) 0.761 1.000 0.998 0.997 
   2   (0.169) 0.239 0.000 0.002 0.003 

Locus 79 : X313_CHR13_914 
2 alleles
11.3% missing data
   3   (0.889) 0.890 1.000 0.999 1.000 
   1   (0.111) 0.110 0.000 0.001 0.000 

Locus 80 : X198_CHR13_927 
2 alleles
5.5% missing data
   3   (0.447) 0.332 0.138 0.524 0.924 
   1   (0.553) 0.668 0.862 0.476 0.076 

Locus 81 : X285_CHR13_937 
2 alleles
16.4% missing data
   1   (0.188) 0.037 0.086 0.005 0.508 
   3   (0.812) 0.963 0.914 0.995 0.492 

Locus 82 : X199_CHR13_957 
2 alleles
9.5% missing data
   1   (0.876) 0.853 1.000 0.998 1.000 
   3   (0.124) 0.147 0.000 0.002 0.000 

Locus 83 : X208_CHR14_105 
2 alleles
6.9% missing data
   2   (0.848) 0.699 1.000 0.998 1.000 
   3   (0.152) 0.301 0.000 0.002 0.000 

Locus 84 : X209_CHR14_110 
2 alleles
12.7% missing data
   4   (0.771) 0.444 0.998 0.997 0.999 
   2   (0.229) 0.556 0.002 0.003 0.001 

Locus 85 : X210_CHR14_113 
2 alleles
24.5% missing data
   3   (0.752) 0.659 0.999 0.552 0.999 
   1   (0.248) 0.341 0.001 0.448 0.001 

Locus 86 : X201_CHR14_115 
2 alleles
53.6% missing data
   1   (0.489) 0.444 0.595 0.606 0.449 
   3   (0.511) 0.556 0.405 0.394 0.551 

Locus 87 : X202_CHR14_208 
2 alleles
53.3% missing data
   4   (0.516) 0.621 0.361 0.263 0.307 
   2   (0.484) 0.379 0.639 0.737 0.693 

Locus 88 : X203_CHR14_425 
2 alleles
7.9% missing data
   1   (0.887) 0.898 1.000 0.999 0.999 
   2   (0.113) 0.102 0.000 0.001 0.001 

Locus 89 : X200_CHR14_508 
2 alleles
5.0% missing data
   3   (0.908) 0.948 1.000 0.999 1.000 
   1   (0.092) 0.052 0.000 0.001 0.000 

Locus 90 : X204_CHR14_627 
2 alleles
3.2% missing data
   1   (0.672) 0.902 0.286 0.602 0.658 
   3   (0.328) 0.098 0.714 0.398 0.342 

Locus 91 : X286_CHR14_719 
2 alleles
35.1% missing data
   3   (0.889) 0.884 1.000 0.999 1.000 
   1   (0.111) 0.116 0.000 0.001 0.000 

Locus 92 : X205_CHR14_741 
2 alleles
4.7% missing data
   2   (0.725) 0.665 0.975 0.969 0.999 
   4   (0.275) 0.335 0.025 0.031 0.001 

Locus 93 : X206_CHR14_794 
2 alleles
7.1% missing data
   1   (0.513) 0.457 0.656 0.675 0.768 
   3   (0.487) 0.543 0.344 0.325 0.232 

Locus 94 : X207_CHR14_867 
2 alleles
13.7% missing data
   3   (0.897) 0.917 1.000 0.999 1.000 
   2   (0.103) 0.083 0.000 0.001 0.000 

Locus 95 : X222_CHR15_101 
2 alleles
10.3% missing data
   4   (0.240) 0.092 0.266 0.002 0.477 
   2   (0.760) 0.908 0.734 0.998 0.523 

Locus 96 : X223_CHR15_108 
2 alleles
16.9% missing data
   3   (0.857) 0.746 1.000 0.999 1.000 
   1   (0.143) 0.254 0.000 0.001 0.000 

Locus 97 : X224_CHR15_111 
2 alleles
28.5% missing data
   2   (0.778) 0.886 0.967 0.998 0.962 
   1   (0.222) 0.114 0.033 0.002 0.038 

Locus 98 : X211_CHR15_163 
2 alleles
15.8% missing data
   3   (0.540) 0.342 0.998 0.158 0.889 
   4   (0.460) 0.658 0.002 0.842 0.111 

Locus 99 : X212_CHR15_286 
2 alleles
9.2% missing data
   2   (0.927) 0.984 1.000 0.999 1.000 
   4   (0.073) 0.016 0.000 0.001 0.000 

Locus 100 : X213_CHR15_343 
2 alleles
17.2% missing data
   4   (0.745) 0.801 0.951 0.997 0.976 
   1   (0.255) 0.199 0.049 0.003 0.024 

Locus 101 : X215_CHR15_435 
2 alleles
3.2% missing data
   3   (0.891) 0.900 1.000 0.999 1.000 
   1   (0.109) 0.100 0.000 0.001 0.000 

Locus 102 : X217_CHR15_524 
2 alleles
25.9% missing data
   2   (0.254) 0.042 0.267 0.382 0.276 
   3   (0.746) 0.958 0.733 0.618 0.724 

Locus 103 : X218_CHR15_777 
2 alleles
9.5% missing data
   2   (0.902) 0.931 1.000 0.999 1.000 
   3   (0.098) 0.069 0.000 0.001 0.000 

Locus 104 : X219_CHR15_813 
2 alleles
5.0% missing data
   2   (0.285) 0.038 0.714 0.668 0.784 
   4   (0.715) 0.962 0.286 0.332 0.216 

Locus 105 : X220_CHR15_887 
2 alleles
23.7% missing data
   1   (0.542) 0.489 0.629 0.685 0.962 
   3   (0.458) 0.511 0.371 0.315 0.038 

Locus 106 : X221_CHR15_968 
2 alleles
8.2% missing data
   4   (0.913) 0.961 1.000 0.999 1.000 
   2   (0.087) 0.039 0.000 0.001 0.000 

Locus 107 : X225_CHR16_160 
2 alleles
13.7% missing data
   3   (0.667) 0.800 0.975 0.334 0.875 
   1   (0.333) 0.200 0.025 0.666 0.125 

Locus 108 : X226_CHR16_223 
2 alleles
7.1% missing data
   1   (0.463) 0.384 0.584 0.540 0.484 
   3   (0.537) 0.616 0.416 0.460 0.516 

Locus 109 : X227_CHR16_374 
2 alleles
11.6% missing data
   1   (0.770) 0.788 0.998 0.981 0.992 
   3   (0.230) 0.212 0.002 0.019 0.008 

Locus 110 : X228_CHR16_440 
2 alleles
10.0% missing data
   2   (0.772) 0.646 0.999 0.949 0.999 
   1   (0.228) 0.354 0.001 0.051 0.001 

Locus 111 : X229_CHR16_477 
2 alleles
2.9% missing data
   4   (0.875) 0.953 0.997 0.996 0.999 
   2   (0.125) 0.047 0.003 0.004 0.001 

Locus 112 : X230_CHR16_693 
2 alleles
7.9% missing data
   3   (0.874) 0.825 1.000 0.999 1.000 
   1   (0.126) 0.175 0.000 0.001 0.000 

Locus 113 : X287_CHR16_722 
2 alleles
3.4% missing data
   3   (0.879) 0.840 1.000 0.999 1.000 
   1   (0.121) 0.160 0.000 0.001 0.000 

Locus 114 : X234_CHR17_113 
2 alleles
5.5% missing data
   4   (0.807) 0.891 0.995 0.985 0.996 
   1   (0.193) 0.109 0.005 0.015 0.004 

Locus 115 : X315_CHR17_183 
2 alleles
12.4% missing data
   3   (0.899) 0.918 1.000 0.999 1.000 
   1   (0.101) 0.082 0.000 0.001 0.000 

Locus 116 : X232_CHR17_200 
2 alleles
38.0% missing data
   4   (0.753) 0.850 0.932 0.995 0.947 
   1   (0.247) 0.150 0.068 0.005 0.053 

Locus 117 : X288_CHR17_201 
2 alleles
25.6% missing data
   3   (0.857) 0.922 1.000 0.999 0.990 
   1   (0.143) 0.078 0.000 0.001 0.010 
