

----------------------------------------------------
STRUCTURE by Pritchard, Stephens and Donnelly (2000)
     and Falush, Stephens and Pritchard (2003)
       Code by Pritchard, Falush and Hubisz
             Version 2.3.4 (Jul 2012)
----------------------------------------------------



Command line arguments:   bin\structure -m C:\Users\airhe\OneDrive\Documents\Masters\Project 3\kiore-project\results\ratsSNPs_struc_preHWE\as_pdf\mainparams -e C:\Users\airhe\OneDrive\Documents\Masters\Project 3\kiore-project\results\ratsSNPs_struc_preHWE\as_pdf\extraparams 
Input File:    C:\Users\airhe\OneDrive\Documents\Masters\Project 3\kiore-project\results\ratsSNPs_struc_preHWE\project_data

Run parameters:
   379 individuals
   282 loci
   7 populations assumed
   5000 Burn-in period
   50000 Reps


--------------------------------------------
Proportion of membership of each pre-defined
 population in each of the 7 clusters

Given    Inferred Clusters                                   Number of
 Pop       1      2      3      4      5      6      7      Individuals

  1:     0.012  0.004  0.024  0.326  0.002  0.005  0.628       10
  2:     0.024  0.037  0.031  0.037  0.834  0.012  0.025       18
  3:     0.003  0.003  0.004  0.547  0.028  0.011  0.404        1
  4:     0.082  0.003  0.013  0.568  0.016  0.020  0.299        1
  5:     0.007  0.005  0.028  0.006  0.938  0.010  0.005       12
  6:     0.004  0.006  0.005  0.006  0.004  0.016  0.959       21
  7:     0.993  0.001  0.001  0.001  0.001  0.001  0.001       20
  8:     0.029  0.004  0.004  0.234  0.003  0.003  0.722       20
  9:     0.002  0.002  0.003  0.002  0.050  0.939  0.002       21
 10:     0.018  0.003  0.196  0.015  0.755  0.009  0.005       21
 11:     0.055  0.027  0.705  0.061  0.059  0.055  0.038       21
 12:     0.002  0.001  0.005  0.002  0.984  0.002  0.003        6
 13:     0.003  0.007  0.003  0.009  0.966  0.004  0.007       12
 14:     0.037  0.008  0.015  0.006  0.002  0.213  0.720       14
 15:     0.003  0.002  0.002  0.986  0.001  0.002  0.005       21
 16:     0.014  0.026  0.111  0.016  0.796  0.006  0.032       10
 17:     0.002  0.002  0.002  0.002  0.990  0.001  0.002        3
 18:     0.002  0.008  0.002  0.003  0.978  0.005  0.002        1
 19:     0.027  0.030  0.061  0.684  0.002  0.025  0.171       21
 20:     0.328  0.025  0.034  0.248  0.004  0.319  0.043       21
 21:     0.095  0.033  0.005  0.476  0.001  0.355  0.035       21
 22:     0.004  0.005  0.009  0.954  0.002  0.017  0.008       21
 23:     0.013  0.017  0.013  0.014  0.918  0.008  0.018       22
 24:     0.002  0.977  0.001  0.002  0.014  0.002  0.001       20
 25:     0.003  0.003  0.976  0.004  0.010  0.002  0.003       20
--------------------------------------------

Allele-freq. divergence among pops (Net nucleotide distance),
computed using point estimates of P.

      1       2       3       4       5       6       7      
 1      -    0.1082  0.0937  0.0776  0.1424  0.0900  0.0735  
 2   0.1082     -    0.1029  0.0762  0.1602  0.0951  0.0735  
 3   0.0937  0.1029     -    0.0582  0.1073  0.0851  0.0575  
 4   0.0776  0.0762  0.0582     -    0.1424  0.0545  0.0355  
 5   0.1424  0.1602  0.1073  0.1424     -    0.1386  0.1333  
 6   0.0900  0.0951  0.0851  0.0545  0.1386     -    0.0470  
 7   0.0735  0.0735  0.0575  0.0355  0.1333  0.0470     -    

Average distances (expected heterozygosity) between individuals in same cluster:
cluster  1  : 0.0531 
cluster  2  : 0.0472 
cluster  3  : 0.1205 
cluster  4  : 0.0962 
cluster  5  : 0.2632 
cluster  6  : 0.0797 
cluster  7  : 0.1106 

--------------------------------------------
Estimated Ln Prob of Data   = -43168.3
Mean value of ln likelihood = -42027.5
Variance of ln likelihood   = 2281.5
Mean value of alpha         = 0.0501

Mean value of Fst_1         = 0.7835
Mean value of Fst_2         = 0.7937
Mean value of Fst_3         = 0.5386
Mean value of Fst_4         = 0.6356
Mean value of Fst_5         = 0.2233
Mean value of Fst_6         = 0.7103
Mean value of Fst_7         = 0.6099


Inferred ancestry of individuals:
        Label (%Miss) Pop:  Inferred clusters
  1 Aotea__001    (1)    1 :  0.017 0.002 0.039 0.370 0.002 0.015 0.554 
  2 Aotea__002    (2)    1 :  0.008 0.001 0.008 0.382 0.001 0.002 0.598 
  3 Aotea__003    (1)    1 :  0.003 0.003 0.012 0.260 0.001 0.004 0.717 
  4 Aotea__004    (2)    1 :  0.004 0.003 0.009 0.311 0.001 0.002 0.670 
  5 Aotea__005    (4)    1 :  0.018 0.002 0.002 0.415 0.001 0.003 0.559 
  6 Aotea__006    (3)    1 :  0.003 0.003 0.011 0.222 0.001 0.004 0.757 
  7 Aotea__007    (4)    1 :  0.009 0.005 0.104 0.235 0.001 0.003 0.644 
  8 Aotea__008    (3)    1 :  0.034 0.014 0.034 0.330 0.007 0.003 0.578 
  9 Aotea__009    (3)    1 :  0.007 0.003 0.004 0.447 0.001 0.005 0.533 
 10 Aotea__010    (2)    1 :  0.017 0.002 0.013 0.292 0.001 0.005 0.671 
 11 Borneo_002   (57)    2 :  0.003 0.005 0.034 0.013 0.928 0.005 0.013 
 12 Borneo_003   (45)    2 :  0.002 0.002 0.093 0.027 0.869 0.005 0.003 
 13 Borneo_004   (35)    2 :  0.024 0.049 0.034 0.015 0.854 0.013 0.011 
 14 Borneo_005   (52)    2 :  0.003 0.006 0.002 0.041 0.913 0.019 0.016 
 15 Borneo_006   (56)    2 :  0.006 0.001 0.003 0.002 0.980 0.005 0.003 
 16 Borneo_008   (45)    2 :  0.025 0.085 0.009 0.056 0.752 0.008 0.065 
 17 Borneo_012   (33)    2 :  0.003 0.004 0.010 0.097 0.779 0.018 0.089 
 18 Borneo_013   (13)    2 :  0.017 0.012 0.209 0.118 0.629 0.005 0.010 
 19 Borneo_014   (55)    2 :  0.004 0.003 0.002 0.002 0.986 0.002 0.002 
 20 Borneo_015   (36)    2 :  0.003 0.142 0.008 0.020 0.750 0.008 0.069 
 21 Borneo_016   (47)    2 :  0.006 0.144 0.003 0.011 0.731 0.041 0.063 
 22 Borneo_017   (56)    2 :  0.019 0.009 0.030 0.019 0.859 0.011 0.053 
 23 Borneo_019   (23)    2 :  0.160 0.016 0.034 0.033 0.730 0.021 0.007 
 24 Borneo_020   (37)    2 :  0.004 0.006 0.006 0.172 0.772 0.022 0.018 
 25 Borneo_021   (35)    2 :  0.002 0.159 0.040 0.005 0.779 0.013 0.003 
 26 Borneo_022   (26)    2 :  0.086 0.010 0.004 0.004 0.888 0.004 0.003 
 27 Borneo_023   (24)    2 :  0.014 0.005 0.015 0.008 0.947 0.003 0.008 
 28 Borneo_024   (21)    2 :  0.043 0.009 0.027 0.019 0.866 0.019 0.016 
 29 Southland1    (0)    3 :  0.003 0.003 0.004 0.547 0.028 0.011 0.404 
 30 GrtMercury    (0)    4 :  0.082 0.003 0.013 0.568 0.016 0.020 0.299 
 31 Halmaher10   (48)    5 :  0.003 0.006 0.003 0.003 0.957 0.025 0.003 
 32 Halmaher11   (50)    5 :  0.002 0.001 0.002 0.002 0.988 0.003 0.003 
 33 Halmaher19   (50)    5 :  0.001 0.001 0.001 0.001 0.993 0.001 0.001 
 34 Halmaher23   (49)    5 :  0.014 0.016 0.010 0.004 0.933 0.012 0.011 
 35 Halmaher24   (18)    5 :  0.002 0.012 0.251 0.036 0.689 0.005 0.005 
 36 Halmahera1   (21)    5 :  0.012 0.008 0.024 0.008 0.922 0.006 0.020 
 37 Halmahera2   (33)    5 :  0.022 0.002 0.003 0.003 0.926 0.042 0.003 
 38 Halmahera3   (24)    5 :  0.007 0.003 0.006 0.009 0.963 0.008 0.005 
 39 Halmahera6   (40)    5 :  0.002 0.003 0.002 0.002 0.989 0.002 0.001 
 40 Halmahera7   (57)    5 :  0.001 0.001 0.002 0.004 0.979 0.008 0.004 
 41 Halmahera8   (41)    5 :  0.011 0.002 0.022 0.003 0.956 0.003 0.002 
 42 Halmahera9   (36)    5 :  0.009 0.005 0.011 0.005 0.963 0.004 0.002 
 43 Hatutaa_01    (6)    6 :  0.005 0.011 0.002 0.002 0.031 0.012 0.935 
 44 Hatutaa_02    (2)    6 :  0.003 0.013 0.005 0.006 0.002 0.008 0.962 
 45 Hatutaa_03    (1)    6 :  0.002 0.004 0.002 0.004 0.001 0.007 0.980 
 46 Hatutaa_04    (3)    6 :  0.003 0.007 0.004 0.003 0.001 0.001 0.981 
 47 Hatutaa_05    (3)    6 :  0.011 0.006 0.043 0.007 0.040 0.010 0.883 
 48 Hatutaa_06    (1)    6 :  0.002 0.002 0.002 0.008 0.001 0.010 0.975 
 49 Hatutaa_07    (1)    6 :  0.005 0.008 0.003 0.005 0.001 0.010 0.969 
 50 Hatutaa_08    (7)    6 :  0.002 0.002 0.003 0.003 0.001 0.010 0.980 
 51 Hatutaa_09    (2)    6 :  0.002 0.002 0.002 0.003 0.001 0.004 0.986 
 52 Hatutaa_10    (2)    6 :  0.011 0.006 0.004 0.014 0.005 0.100 0.860 
 53 Hatutaa_11    (3)    6 :  0.003 0.006 0.006 0.014 0.001 0.012 0.957 
 54 Hatutaa_12    (1)    6 :  0.002 0.004 0.003 0.002 0.001 0.002 0.986 
 55 Hatutaa_13    (1)    6 :  0.004 0.003 0.001 0.002 0.000 0.007 0.982 
 56 Hatutaa_14    (2)    6 :  0.003 0.021 0.002 0.005 0.001 0.072 0.895 
 57 Hatutaa_15    (1)    6 :  0.003 0.005 0.011 0.018 0.001 0.005 0.957 
 58 Hatutaa_16    (5)    6 :  0.002 0.002 0.001 0.005 0.001 0.012 0.977 
 59 Hatutaa_17    (2)    6 :  0.003 0.002 0.002 0.004 0.001 0.007 0.981 
 60 Hatutaa_18    (1)    6 :  0.002 0.003 0.001 0.003 0.000 0.009 0.981 
 61 Hatutaa_19    (1)    6 :  0.002 0.001 0.002 0.003 0.001 0.004 0.987 
 62 Hatutaa_20    (2)    6 :  0.003 0.018 0.003 0.005 0.000 0.023 0.947 
 63 Hatutaa_21    (2)    6 :  0.004 0.003 0.002 0.003 0.001 0.005 0.983 
 64 Honuea_001    (2)    7 :  0.991 0.002 0.001 0.001 0.001 0.002 0.001 
 65 Honuea_002    (3)    7 :  0.995 0.001 0.001 0.001 0.000 0.001 0.001 
 66 Honuea_003    (2)    7 :  0.994 0.001 0.001 0.001 0.000 0.001 0.001 
 67 Honuea_004    (4)    7 :  0.994 0.001 0.001 0.001 0.000 0.001 0.001 
 68 Honuea_005    (5)    7 :  0.983 0.001 0.001 0.001 0.011 0.001 0.001 
 69 Honuea_006    (5)    7 :  0.990 0.003 0.001 0.001 0.003 0.001 0.001 
 70 Honuea_007    (2)    7 :  0.993 0.002 0.001 0.001 0.001 0.001 0.001 
 71 Honuea_008    (1)    7 :  0.993 0.001 0.001 0.001 0.001 0.002 0.001 
 72 Honuea_009    (3)    7 :  0.995 0.001 0.001 0.001 0.000 0.001 0.001 
 73 Honuea_010    (3)    7 :  0.992 0.002 0.001 0.002 0.000 0.002 0.001 
 74 Honuea_011    (3)    7 :  0.995 0.001 0.001 0.001 0.000 0.001 0.001 
 75 Honuea_012    (3)    7 :  0.991 0.001 0.002 0.001 0.001 0.001 0.002 
 76 Honuea_013    (0)    7 :  0.996 0.001 0.001 0.001 0.000 0.001 0.001 
 77 Honuea_015    (3)    7 :  0.994 0.001 0.001 0.001 0.000 0.001 0.001 
 78 Honuea_016    (2)    7 :  0.994 0.001 0.001 0.001 0.000 0.001 0.001 
 79 Honuea_017    (3)    7 :  0.996 0.001 0.001 0.001 0.000 0.001 0.001 
 80 Honuea_018    (2)    7 :  0.994 0.001 0.001 0.001 0.000 0.001 0.001 
 81 Honuea_019    (2)    7 :  0.990 0.003 0.001 0.002 0.001 0.002 0.001 
 82 Honuea_020    (3)    7 :  0.991 0.002 0.002 0.001 0.002 0.002 0.001 
 83 Honuea_021    (1)    7 :  0.995 0.001 0.001 0.001 0.000 0.001 0.001 
 84 Kaikura_01    (2)    8 :  0.104 0.007 0.004 0.169 0.001 0.003 0.712 
 85 Kaikura_02    (4)    8 :  0.031 0.006 0.002 0.219 0.001 0.002 0.740 
 86 Kaikura_03    (3)    8 :  0.003 0.002 0.002 0.185 0.000 0.002 0.805 
 87 Kaikura_04    (3)    8 :  0.005 0.001 0.002 0.243 0.000 0.003 0.745 
 88 Kaikura_05   (12)    8 :  0.003 0.002 0.001 0.157 0.054 0.002 0.781 
 89 Kaikura_06    (2)    8 :  0.003 0.002 0.002 0.154 0.000 0.001 0.837 
 90 Kaikura_07    (1)    8 :  0.010 0.006 0.002 0.302 0.001 0.004 0.675 
 91 Kaikura_08    (1)    8 :  0.154 0.003 0.003 0.281 0.001 0.003 0.556 
 92 Kaikura_09    (2)    8 :  0.005 0.002 0.002 0.159 0.001 0.003 0.828 
 93 Kaikura_10    (4)    8 :  0.002 0.003 0.001 0.161 0.000 0.002 0.829 
 94 Kaikura_11    (7)    8 :  0.008 0.011 0.004 0.184 0.002 0.003 0.788 
 95 Kaikura_12    (5)    8 :  0.052 0.004 0.002 0.190 0.001 0.003 0.749 
 96 Kaikura_13    (2)    8 :  0.039 0.009 0.004 0.459 0.001 0.004 0.484 
 97 Kaikura_14    (3)    8 :  0.005 0.003 0.003 0.442 0.001 0.002 0.544 
 98 Kaikura_15    (2)    8 :  0.007 0.002 0.002 0.262 0.000 0.003 0.725 
 99 Kaikura_16    (2)    8 :  0.009 0.003 0.003 0.259 0.000 0.002 0.723 
100 Kaikura_17    (2)    8 :  0.005 0.005 0.003 0.216 0.001 0.004 0.766 
101 Kaikura_18    (2)    8 :  0.025 0.006 0.014 0.259 0.001 0.002 0.692 
102 Kaikura_19    (2)    8 :  0.009 0.004 0.020 0.166 0.002 0.008 0.791 
103 Kaikura_20    (3)    8 :  0.092 0.003 0.003 0.217 0.001 0.008 0.676 
104 Kamaka_001    (3)    9 :  0.001 0.001 0.004 0.001 0.000 0.990 0.002 
105 Kamaka_002    (2)    9 :  0.002 0.001 0.001 0.002 0.001 0.993 0.001 
106 Kamaka_003    (3)    9 :  0.002 0.001 0.001 0.002 0.000 0.992 0.001 
107 Kamaka_004    (5)    9 :  0.002 0.001 0.001 0.002 0.000 0.992 0.001 
108 Kamaka_005    (5)    9 :  0.001 0.001 0.001 0.002 0.000 0.994 0.001 
109 Kamaka_006    (2)    9 :  0.002 0.001 0.001 0.002 0.000 0.993 0.002 
110 Kamaka_007    (2)    9 :  0.002 0.001 0.001 0.002 0.001 0.990 0.002 
111 Kamaka_008    (2)    9 :  0.001 0.001 0.001 0.001 0.000 0.993 0.001 
112 Kamaka_009   (56)    9 :  0.001 0.003 0.001 0.001 0.992 0.001 0.001 
113 Kamaka_010    (2)    9 :  0.008 0.001 0.003 0.003 0.001 0.979 0.005 
114 Kamaka_011    (3)    9 :  0.003 0.002 0.017 0.003 0.018 0.954 0.002 
115 Kamaka_012    (4)    9 :  0.003 0.001 0.001 0.002 0.000 0.991 0.002 
116 Kamaka_013    (3)    9 :  0.003 0.002 0.002 0.004 0.001 0.986 0.002 
117 Kamaka_014    (1)    9 :  0.002 0.002 0.001 0.002 0.001 0.990 0.003 
118 Kamaka_015    (3)    9 :  0.001 0.001 0.001 0.001 0.003 0.991 0.001 
119 Kamaka_016    (1)    9 :  0.001 0.001 0.001 0.002 0.000 0.991 0.003 
120 Kamaka_017    (1)    9 :  0.001 0.001 0.001 0.003 0.000 0.992 0.001 
121 Kamaka_018    (2)    9 :  0.001 0.001 0.001 0.001 0.002 0.992 0.001 
122 Kamaka_019    (3)    9 :  0.005 0.003 0.002 0.005 0.001 0.983 0.002 
123 Kamaka_020    (4)    9 :  0.002 0.006 0.003 0.004 0.019 0.964 0.002 
124 Kamaka_021    (3)    9 :  0.002 0.001 0.006 0.005 0.002 0.976 0.009 
125 Kayangel01    (3)   10 :  0.025 0.006 0.315 0.025 0.608 0.012 0.009 
126 Kayangel02    (3)   10 :  0.021 0.002 0.319 0.013 0.636 0.006 0.002 
127 Kayangel03    (4)   10 :  0.008 0.004 0.240 0.034 0.695 0.006 0.012 
128 Kayangel04    (2)   10 :  0.017 0.006 0.294 0.037 0.637 0.005 0.003 
129 Kayangel05    (1)   10 :  0.029 0.003 0.297 0.012 0.642 0.013 0.004 
130 Kayangel06    (3)   10 :  0.036 0.003 0.249 0.035 0.649 0.021 0.006 
131 Kayangel07    (7)   10 :  0.010 0.006 0.288 0.023 0.664 0.007 0.003 
132 Kayangel08    (2)   10 :  0.010 0.003 0.368 0.004 0.606 0.005 0.003 
133 Kayangel09    (1)   10 :  0.017 0.002 0.299 0.011 0.652 0.012 0.006 
134 Kayangel10    (2)   10 :  0.037 0.005 0.255 0.013 0.648 0.028 0.013 
135 Kayangel11    (1)   10 :  0.003 0.002 0.002 0.002 0.986 0.003 0.003 
136 Kayangel12    (3)   10 :  0.014 0.003 0.318 0.005 0.652 0.004 0.004 
137 Kayangel13   (20)   10 :  0.001 0.001 0.001 0.001 0.992 0.001 0.002 
138 Kayangel14    (4)   10 :  0.017 0.002 0.286 0.008 0.653 0.026 0.008 
139 Kayangel15    (2)   10 :  0.003 0.002 0.002 0.002 0.987 0.002 0.002 
140 Kayangel16    (7)   10 :  0.005 0.003 0.170 0.005 0.812 0.003 0.003 
141 Kayangel17   (41)   10 :  0.005 0.001 0.001 0.001 0.988 0.003 0.001 
142 Kayangel18    (3)   10 :  0.005 0.004 0.277 0.005 0.698 0.007 0.003 
143 Kayangel19    (2)   10 :  0.003 0.002 0.002 0.002 0.988 0.002 0.002 
144 Kayangel20    (4)   10 :  0.115 0.004 0.119 0.064 0.668 0.025 0.006 
145 Kayangel21   (13)   10 :  0.003 0.003 0.002 0.002 0.984 0.004 0.002 
146 Late_Is_01    (3)   11 :  0.010 0.018 0.812 0.002 0.002 0.143 0.013 
147 Late_Is_02    (3)   11 :  0.027 0.027 0.792 0.024 0.090 0.031 0.011 
148 Late_Is_03    (9)   11 :  0.008 0.135 0.771 0.005 0.071 0.005 0.006 
149 Late_Is_04    (4)   11 :  0.062 0.005 0.790 0.033 0.005 0.014 0.091 
150 Late_Is_05    (4)   11 :  0.044 0.036 0.727 0.133 0.014 0.029 0.017 
151 Late_Is_06   (17)   11 :  0.003 0.012 0.631 0.006 0.289 0.046 0.014 
152 Late_Is_07    (2)   11 :  0.047 0.022 0.770 0.002 0.005 0.141 0.013 
153 Late_Is_08    (6)   11 :  0.054 0.050 0.567 0.015 0.057 0.214 0.043 
154 Late_Is_09    (3)   11 :  0.213 0.003 0.730 0.011 0.002 0.035 0.007 
155 Late_Is_10    (3)   11 :  0.170 0.003 0.781 0.029 0.009 0.004 0.003 
156 Late_Is_11   (21)   11 :  0.017 0.005 0.530 0.044 0.310 0.011 0.084 
157 Late_Is_12    (7)   11 :  0.038 0.007 0.705 0.012 0.049 0.013 0.177 
158 Late_Is_13    (3)   11 :  0.100 0.016 0.693 0.162 0.012 0.007 0.009 
159 Late_Is_14    (2)   11 :  0.014 0.110 0.842 0.012 0.007 0.005 0.010 
160 Late_Is_15    (4)   11 :  0.049 0.009 0.543 0.259 0.130 0.004 0.005 
161 Late_Is_16    (2)   11 :  0.007 0.031 0.699 0.006 0.001 0.209 0.047 
162 Late_Is_17    (4)   11 :  0.008 0.003 0.609 0.282 0.080 0.014 0.005 
163 Late_Is_18    (3)   11 :  0.024 0.005 0.782 0.031 0.071 0.080 0.007 
164 Late_Is_19    (4)   11 :  0.021 0.015 0.721 0.019 0.001 0.033 0.190 
165 Late_Is_20    (2)   11 :  0.044 0.007 0.705 0.175 0.002 0.028 0.040 
166 Late_Is_21    (6)   11 :  0.201 0.041 0.601 0.019 0.042 0.089 0.007 
167 Cambodia_1    (0)   12 :  0.001 0.001 0.001 0.001 0.996 0.001 0.001 
168 Laos___001    (0)   12 :  0.002 0.001 0.002 0.001 0.992 0.001 0.002 
169 Laos___002    (0)   12 :  0.001 0.001 0.001 0.001 0.995 0.001 0.001 
170 Luzon__001    (0)   12 :  0.007 0.005 0.026 0.006 0.933 0.009 0.014 
171 Thailand01    (0)   12 :  0.001 0.000 0.001 0.001 0.996 0.001 0.001 
172 Thailand02    (0)   12 :  0.001 0.001 0.001 0.001 0.995 0.001 0.001 
173 Malenge_04   (53)   13 :  0.002 0.010 0.002 0.003 0.975 0.004 0.003 
174 Malenge_11   (57)   13 :  0.006 0.012 0.006 0.014 0.935 0.015 0.011 
175 Malenge_14   (57)   13 :  0.002 0.001 0.001 0.001 0.993 0.001 0.001 
176 Malenge_15   (58)   13 :  0.004 0.003 0.003 0.002 0.983 0.002 0.003 
177 Malenge_17   (57)   13 :  0.001 0.001 0.001 0.001 0.993 0.002 0.001 
178 Malenge_18   (36)   13 :  0.003 0.040 0.003 0.020 0.913 0.001 0.020 
179 Malenge_19   (50)   13 :  0.002 0.001 0.001 0.002 0.985 0.004 0.005 
180 Malenge_20   (45)   13 :  0.003 0.006 0.002 0.003 0.981 0.003 0.003 
181 Malenge_22   (45)   13 :  0.003 0.002 0.003 0.006 0.981 0.004 0.002 
182 Malenge_23   (30)   13 :  0.004 0.001 0.003 0.001 0.987 0.002 0.001 
183 Malenge_24   (21)   13 :  0.005 0.006 0.005 0.051 0.908 0.014 0.011 
184 Malenge_25   (36)   13 :  0.002 0.004 0.005 0.003 0.957 0.003 0.025 
185 Mohotani01    (0)   14 :  0.005 0.002 0.006 0.017 0.001 0.292 0.677 
186 Mohotani02    (1)   14 :  0.007 0.031 0.014 0.007 0.001 0.314 0.625 
187 Mohotani03    (4)   14 :  0.024 0.005 0.025 0.003 0.001 0.368 0.575 
188 Mohotani04    (1)   14 :  0.166 0.003 0.005 0.004 0.002 0.027 0.793 
189 Mohotani05    (4)   14 :  0.008 0.009 0.003 0.003 0.001 0.125 0.851 
190 Mohotani06    (2)   14 :  0.025 0.008 0.005 0.002 0.001 0.045 0.914 
191 Mohotani07    (2)   14 :  0.002 0.003 0.006 0.004 0.001 0.247 0.737 
192 Mohotani08    (2)   14 :  0.014 0.011 0.053 0.007 0.002 0.261 0.652 
193 Mohotani09    (2)   14 :  0.020 0.002 0.006 0.003 0.001 0.314 0.655 
194 Mohotani10    (2)   14 :  0.126 0.003 0.013 0.003 0.003 0.055 0.798 
195 Mohotani11    (0)   14 :  0.042 0.003 0.037 0.005 0.011 0.186 0.717 
196 Mohotani12    (2)   14 :  0.048 0.004 0.013 0.003 0.001 0.265 0.666 
197 Mohotani13    (3)   14 :  0.007 0.002 0.008 0.018 0.001 0.186 0.779 
198 Mohotani14    (3)   14 :  0.021 0.029 0.011 0.005 0.001 0.298 0.635 
199 Motukawa10    (3)   15 :  0.003 0.001 0.001 0.986 0.001 0.003 0.006 
200 Motukawa11    (4)   15 :  0.001 0.002 0.001 0.990 0.000 0.002 0.003 
201 Motukawa12    (3)   15 :  0.001 0.001 0.001 0.990 0.002 0.002 0.002 
202 Motukawa13    (3)   15 :  0.010 0.001 0.006 0.976 0.001 0.002 0.004 
203 Motukawa14    (2)   15 :  0.003 0.001 0.001 0.986 0.000 0.003 0.006 
204 Motukawa15    (3)   15 :  0.002 0.002 0.002 0.990 0.000 0.002 0.002 
205 Motukawa16    (1)   15 :  0.007 0.006 0.002 0.955 0.002 0.002 0.027 
206 Motukawa17    (3)   15 :  0.002 0.001 0.011 0.976 0.001 0.002 0.007 
207 Motukawa18    (4)   15 :  0.002 0.001 0.001 0.989 0.000 0.004 0.003 
208 Motukawa19    (6)   15 :  0.002 0.001 0.001 0.990 0.000 0.002 0.002 
209 Motukawa20    (3)   15 :  0.002 0.001 0.001 0.990 0.000 0.002 0.003 
210 Motukawa21    (5)   15 :  0.003 0.002 0.001 0.989 0.000 0.002 0.003 
211 Motukawan1    (3)   15 :  0.003 0.001 0.002 0.985 0.000 0.003 0.004 
212 Motukawan2    (6)   15 :  0.002 0.001 0.003 0.989 0.001 0.002 0.001 
213 Motukawan3    (2)   15 :  0.003 0.002 0.002 0.986 0.002 0.002 0.004 
214 Motukawan4    (2)   15 :  0.002 0.001 0.002 0.989 0.000 0.002 0.003 
215 Motukawan5    (1)   15 :  0.003 0.001 0.002 0.984 0.000 0.002 0.008 
216 Motukawan6    (3)   15 :  0.002 0.002 0.002 0.991 0.000 0.001 0.001 
217 Motukawan7    (1)   15 :  0.002 0.001 0.001 0.991 0.000 0.002 0.002 
218 Motukawan8    (1)   15 :  0.002 0.001 0.002 0.989 0.001 0.002 0.003 
219 Motukawan9    (1)   15 :  0.003 0.002 0.002 0.990 0.001 0.002 0.002 
220 NewBrita14   (55)   16 :  0.045 0.008 0.074 0.006 0.842 0.007 0.018 
221 NewBrita16   (28)   16 :  0.006 0.002 0.353 0.006 0.626 0.005 0.003 
222 NewBrita23   (57)   16 :  0.002 0.015 0.007 0.006 0.901 0.009 0.060 
223 NewBrita24   (20)   16 :  0.024 0.002 0.203 0.085 0.518 0.003 0.166 
224 NewBrita25   (46)   16 :  0.003 0.002 0.002 0.005 0.961 0.002 0.026 
225 NewBritai2   (51)   16 :  0.004 0.016 0.025 0.006 0.935 0.008 0.007 
226 NewBritai3   (46)   16 :  0.031 0.053 0.028 0.021 0.849 0.004 0.015 
227 NewBritai6   (42)   16 :  0.013 0.032 0.171 0.011 0.750 0.007 0.017 
228 NewBritai7   (58)   16 :  0.002 0.119 0.005 0.007 0.853 0.011 0.003 
229 NewBritai8   (49)   16 :  0.010 0.008 0.245 0.005 0.724 0.001 0.006 
230 NewGuine17   (56)   17 :  0.002 0.002 0.002 0.002 0.988 0.002 0.002 
231 NewGuinea1   (56)   17 :  0.001 0.002 0.001 0.001 0.993 0.001 0.001 
232 NewGuinea8   (54)   17 :  0.002 0.001 0.002 0.002 0.990 0.001 0.002 
233 Normanby08   (57)   18 :  0.002 0.008 0.002 0.003 0.978 0.005 0.002 
234 Rakiura_01    (3)   19 :  0.017 0.042 0.034 0.582 0.004 0.005 0.316 
235 Rakiura_02    (1)   19 :  0.018 0.034 0.022 0.763 0.001 0.004 0.159 
236 Rakiura_03    (4)   19 :  0.076 0.060 0.009 0.688 0.001 0.016 0.151 
237 Rakiura_04    (1)   19 :  0.003 0.005 0.002 0.717 0.001 0.002 0.270 
238 Rakiura_05    (2)   19 :  0.007 0.007 0.008 0.764 0.001 0.006 0.207 
239 Rakiura_06    (2)   19 :  0.006 0.024 0.065 0.685 0.001 0.012 0.206 
240 Rakiura_07    (2)   19 :  0.038 0.004 0.017 0.712 0.002 0.005 0.223 
241 Rakiura_08    (2)   19 :  0.051 0.003 0.089 0.693 0.001 0.035 0.128 
242 Rakiura_09    (3)   19 :  0.079 0.094 0.096 0.531 0.003 0.013 0.184 
243 Rakiura_10    (1)   19 :  0.006 0.014 0.023 0.611 0.001 0.010 0.336 
244 Rakiura_11    (2)   19 :  0.030 0.025 0.072 0.712 0.002 0.082 0.078 
245 Rakiura_12    (2)   19 :  0.005 0.066 0.005 0.771 0.001 0.016 0.137 
246 Rakiura_13    (3)   19 :  0.009 0.005 0.090 0.805 0.008 0.025 0.057 
247 Rakiura_14    (2)   19 :  0.007 0.010 0.062 0.718 0.001 0.015 0.188 
248 Rakiura_15    (2)   19 :  0.026 0.012 0.113 0.581 0.001 0.027 0.239 
249 Rakiura_16    (3)   19 :  0.032 0.073 0.006 0.689 0.002 0.036 0.162 
250 Rakiura_17    (4)   19 :  0.004 0.056 0.263 0.648 0.008 0.016 0.006 
251 Rakiura_18    (2)   19 :  0.081 0.057 0.017 0.653 0.001 0.011 0.179 
252 Rakiura_19    (4)   19 :  0.034 0.030 0.173 0.584 0.002 0.126 0.052 
253 Rakiura_20    (2)   19 :  0.030 0.005 0.081 0.821 0.003 0.032 0.029 
254 Rakiura_21    (2)   19 :  0.003 0.012 0.035 0.636 0.004 0.028 0.281 
255 Reiono_001    (3)   20 :  0.440 0.005 0.015 0.217 0.001 0.305 0.017 
256 Reiono_002    (3)   20 :  0.350 0.005 0.007 0.301 0.001 0.332 0.005 
257 Reiono_003    (4)   20 :  0.223 0.046 0.017 0.184 0.001 0.392 0.137 
258 Reiono_004    (4)   20 :  0.336 0.012 0.064 0.162 0.001 0.411 0.013 
259 Reiono_005    (1)   20 :  0.393 0.015 0.022 0.284 0.003 0.242 0.042 
260 Reiono_006    (1)   20 :  0.172 0.008 0.017 0.396 0.001 0.334 0.072 
261 Reiono_007    (6)   20 :  0.240 0.038 0.087 0.118 0.054 0.458 0.005 
262 Reiono_008    (2)   20 :  0.412 0.003 0.060 0.254 0.001 0.251 0.019 
263 Reiono_009    (1)   20 :  0.325 0.037 0.018 0.173 0.001 0.423 0.022 
264 Reiono_010    (6)   20 :  0.435 0.036 0.097 0.186 0.002 0.199 0.044 
265 Reiono_011    (1)   20 :  0.351 0.005 0.008 0.276 0.000 0.345 0.014 
266 Reiono_012    (1)   20 :  0.330 0.020 0.012 0.277 0.001 0.341 0.020 
267 Reiono_013    (2)   20 :  0.334 0.009 0.018 0.369 0.001 0.230 0.040 
268 Reiono_014    (4)   20 :  0.266 0.122 0.021 0.060 0.001 0.264 0.266 
269 Reiono_015    (4)   20 :  0.362 0.063 0.008 0.408 0.001 0.147 0.011 
270 Reiono_016    (2)   20 :  0.321 0.014 0.008 0.406 0.001 0.242 0.009 
271 Reiono_017    (3)   20 :  0.217 0.008 0.015 0.320 0.001 0.374 0.065 
272 Reiono_018    (5)   20 :  0.358 0.011 0.175 0.080 0.001 0.360 0.014 
273 Reiono_019    (3)   20 :  0.214 0.029 0.003 0.323 0.001 0.427 0.004 
274 Reiono_020    (2)   20 :  0.430 0.009 0.005 0.225 0.004 0.265 0.062 
275 Reiono_021    (2)   20 :  0.386 0.033 0.029 0.179 0.002 0.348 0.022 
276 Rimatuu_01    (2)   21 :  0.227 0.073 0.001 0.304 0.001 0.345 0.049 
277 Rimatuu_02    (3)   21 :  0.036 0.018 0.003 0.590 0.001 0.301 0.051 
278 Rimatuu_03    (2)   21 :  0.017 0.029 0.003 0.528 0.003 0.396 0.023 
279 Rimatuu_04    (1)   21 :  0.100 0.063 0.007 0.400 0.002 0.423 0.006 
280 Rimatuu_05    (2)   21 :  0.038 0.046 0.003 0.469 0.001 0.427 0.017 
281 Rimatuu_06    (2)   21 :  0.026 0.096 0.002 0.601 0.001 0.216 0.057 
282 Rimatuu_07    (3)   21 :  0.111 0.008 0.002 0.593 0.001 0.280 0.006 
283 Rimatuu_08    (3)   21 :  0.018 0.021 0.002 0.570 0.000 0.341 0.047 
284 Rimatuu_09    (2)   21 :  0.120 0.012 0.005 0.384 0.001 0.390 0.088 
285 Rimatuu_10    (1)   21 :  0.045 0.014 0.003 0.585 0.001 0.340 0.011 
286 Rimatuu_11    (1)   21 :  0.064 0.024 0.020 0.377 0.005 0.350 0.160 
287 Rimatuu_12    (2)   21 :  0.065 0.042 0.003 0.503 0.001 0.356 0.031 
288 Rimatuu_13    (1)   21 :  0.083 0.033 0.002 0.524 0.001 0.332 0.026 
289 Rimatuu_14    (1)   21 :  0.094 0.004 0.002 0.555 0.001 0.298 0.047 
290 Rimatuu_15    (1)   21 :  0.071 0.159 0.001 0.327 0.001 0.428 0.013 
291 Rimatuu_16    (2)   21 :  0.071 0.004 0.002 0.506 0.001 0.382 0.034 
292 Rimatuu_17    (3)   21 :  0.017 0.008 0.004 0.565 0.001 0.389 0.016 
293 Rimatuu_18    (3)   21 :  0.030 0.010 0.002 0.485 0.001 0.458 0.014 
294 Rimatuu_19    (3)   21 :  0.312 0.008 0.036 0.231 0.001 0.402 0.009 
295 Rimatuu_20    (3)   21 :  0.382 0.005 0.005 0.387 0.001 0.203 0.018 
296 Rimatuu_21    (4)   21 :  0.077 0.011 0.002 0.506 0.001 0.389 0.014 
297 Slipper_01    (3)   22 :  0.002 0.003 0.016 0.969 0.003 0.004 0.003 
298 Slipper_02    (2)   22 :  0.004 0.005 0.004 0.978 0.001 0.004 0.004 
299 Slipper_03    (3)   22 :  0.002 0.002 0.002 0.990 0.001 0.002 0.002 
300 Slipper_04    (2)   22 :  0.004 0.026 0.005 0.933 0.001 0.018 0.013 
301 Slipper_05    (1)   22 :  0.002 0.002 0.002 0.954 0.001 0.033 0.007 
302 Slipper_06    (2)   22 :  0.005 0.006 0.004 0.976 0.001 0.003 0.005 
303 Slipper_07    (1)   22 :  0.015 0.003 0.005 0.860 0.002 0.059 0.056 
304 Slipper_08    (2)   22 :  0.002 0.005 0.004 0.983 0.001 0.003 0.002 
305 Slipper_09    (3)   22 :  0.002 0.002 0.003 0.983 0.001 0.004 0.005 
306 Slipper_10    (3)   22 :  0.006 0.010 0.004 0.968 0.001 0.007 0.004 
307 Slipper_11    (2)   22 :  0.002 0.002 0.004 0.960 0.022 0.007 0.003 
308 Slipper_12    (2)   22 :  0.002 0.005 0.007 0.970 0.007 0.004 0.004 
309 Slipper_13    (1)   22 :  0.002 0.003 0.005 0.916 0.001 0.066 0.007 
310 Slipper_14    (3)   22 :  0.003 0.003 0.007 0.979 0.001 0.005 0.003 
311 Slipper_15    (2)   22 :  0.005 0.001 0.076 0.901 0.001 0.007 0.010 
312 Slipper_16    (3)   22 :  0.008 0.002 0.009 0.966 0.001 0.005 0.008 
313 Slipper_17    (2)   22 :  0.004 0.009 0.002 0.954 0.000 0.025 0.006 
314 Slipper_18    (0)   22 :  0.004 0.003 0.004 0.957 0.001 0.026 0.005 
315 Slipper_19    (3)   22 :  0.004 0.001 0.005 0.961 0.002 0.018 0.009 
316 Slipper_20    (3)   22 :  0.005 0.002 0.002 0.955 0.001 0.029 0.006 
317 Slipper_21    (2)   22 :  0.004 0.004 0.026 0.930 0.001 0.023 0.011 
318 Sulawesi_1   (17)   23 :  0.021 0.089 0.009 0.015 0.844 0.006 0.016 
319 Sulawesi_2    (9)   23 :  0.004 0.004 0.006 0.003 0.975 0.003 0.004 
320 Sulawesi_3   (18)   23 :  0.007 0.009 0.004 0.010 0.952 0.003 0.015 
321 Sulawesi_4   (14)   23 :  0.014 0.006 0.024 0.006 0.939 0.003 0.008 
322 Sulawesi_5    (7)   23 :  0.010 0.007 0.043 0.010 0.876 0.025 0.028 
323 Sulawesi_6   (22)   23 :  0.005 0.009 0.006 0.054 0.861 0.025 0.039 
324 Sulawesi_7   (10)   23 :  0.020 0.019 0.016 0.031 0.902 0.006 0.007 
325 Sulawesi_8   (22)   23 :  0.003 0.002 0.004 0.002 0.984 0.002 0.002 
326 Sulawesi_9    (9)   23 :  0.014 0.012 0.012 0.004 0.949 0.004 0.005 
327 Sulawesi10    (9)   23 :  0.018 0.019 0.014 0.007 0.897 0.007 0.037 
328 Sulawesi11   (16)   23 :  0.010 0.029 0.007 0.038 0.768 0.011 0.138 
329 Sulawesi12   (20)   23 :  0.008 0.003 0.003 0.004 0.974 0.007 0.002 
330 Sulawesi13   (18)   23 :  0.003 0.006 0.011 0.006 0.966 0.003 0.005 
331 Sulawesi14   (27)   23 :  0.014 0.003 0.010 0.011 0.945 0.010 0.008 
332 Sulawesi15   (23)   23 :  0.012 0.027 0.018 0.018 0.892 0.022 0.011 
333 Sulawesi16   (24)   23 :  0.044 0.010 0.011 0.028 0.887 0.004 0.016 
334 Sulawesi17   (10)   23 :  0.043 0.024 0.060 0.042 0.811 0.005 0.015 
335 Sulawesi18   (20)   23 :  0.002 0.002 0.013 0.005 0.972 0.003 0.004 
336 Sulawesi19   (18)   23 :  0.014 0.005 0.005 0.002 0.960 0.009 0.005 
337 Sulawesi20   (22)   23 :  0.004 0.080 0.004 0.004 0.889 0.006 0.013 
338 Sulawesi21   (12)   23 :  0.005 0.005 0.011 0.003 0.961 0.009 0.006 
339 Sulawesi22   (35)   23 :  0.005 0.005 0.004 0.002 0.980 0.002 0.001 
340 Tahanea_01   (10)   24 :  0.001 0.996 0.001 0.001 0.000 0.001 0.001 
341 Tahanea_02    (2)   24 :  0.001 0.990 0.002 0.003 0.002 0.001 0.001 
342 Tahanea_03    (9)   24 :  0.001 0.874 0.002 0.001 0.119 0.002 0.001 
343 Tahanea_04    (3)   24 :  0.001 0.996 0.001 0.001 0.000 0.001 0.001 
344 Tahanea_05    (2)   24 :  0.001 0.996 0.001 0.001 0.000 0.001 0.001 
345 Tahanea_06    (2)   24 :  0.001 0.995 0.001 0.001 0.000 0.001 0.001 
346 Tahanea_07    (3)   24 :  0.003 0.967 0.001 0.007 0.001 0.019 0.002 
347 Tahanea_08   (15)   24 :  0.001 0.995 0.001 0.001 0.000 0.001 0.001 
348 Tahanea_09    (3)   24 :  0.001 0.993 0.001 0.001 0.001 0.001 0.001 
349 Tahanea_10    (2)   24 :  0.001 0.994 0.001 0.001 0.001 0.001 0.001 
350 Tahanea_11    (5)   24 :  0.002 0.886 0.001 0.001 0.106 0.002 0.002 
351 Tahanea_12    (3)   24 :  0.005 0.985 0.002 0.003 0.001 0.001 0.003 
352 Tahanea_13    (2)   24 :  0.003 0.974 0.001 0.003 0.015 0.002 0.002 
353 Tahanea_14    (2)   24 :  0.001 0.988 0.003 0.001 0.005 0.001 0.001 
354 Tahanea_15    (2)   24 :  0.009 0.980 0.001 0.002 0.001 0.002 0.005 
355 Tahanea_16    (9)   24 :  0.001 0.989 0.003 0.003 0.001 0.001 0.001 
356 Tahanea_17    (2)   24 :  0.001 0.994 0.001 0.001 0.000 0.001 0.001 
357 Tahanea_18    (6)   24 :  0.002 0.962 0.001 0.007 0.024 0.002 0.002 
358 Tahanea_19    (3)   24 :  0.001 0.993 0.001 0.001 0.001 0.001 0.001 
359 Tahanea_20    (0)   24 :  0.001 0.994 0.001 0.001 0.000 0.001 0.001 
360 Wake_Is_01    (1)   25 :  0.002 0.002 0.986 0.004 0.000 0.002 0.003 
361 Wake_Is_02    (4)   25 :  0.003 0.009 0.970 0.002 0.006 0.002 0.009 
362 Wake_Is_03    (2)   25 :  0.002 0.001 0.991 0.002 0.000 0.001 0.002 
363 Wake_Is_04    (2)   25 :  0.002 0.001 0.987 0.004 0.002 0.002 0.002 
364 Wake_Is_05    (1)   25 :  0.003 0.001 0.986 0.004 0.001 0.001 0.004 
365 Wake_Is_06    (0)   25 :  0.002 0.005 0.979 0.003 0.001 0.003 0.008 
366 Wake_Is_07    (2)   25 :  0.002 0.002 0.990 0.003 0.000 0.001 0.002 
367 Wake_Is_08    (2)   25 :  0.005 0.003 0.987 0.002 0.001 0.001 0.001 
368 Wake_Is_09    (2)   25 :  0.002 0.002 0.991 0.002 0.001 0.001 0.002 
369 Wake_Is_10    (2)   25 :  0.002 0.001 0.990 0.003 0.001 0.001 0.002 
370 Wake_Is_11    (1)   25 :  0.001 0.002 0.990 0.003 0.001 0.001 0.002 
371 Wake_Is_12    (2)   25 :  0.002 0.005 0.974 0.012 0.001 0.003 0.004 
372 Wake_Is_13    (4)   25 :  0.003 0.001 0.985 0.006 0.001 0.001 0.002 
373 Wake_Is_14    (2)   25 :  0.003 0.002 0.985 0.002 0.001 0.003 0.003 
374 Wake_Is_15    (2)   25 :  0.001 0.003 0.982 0.002 0.009 0.002 0.002 
375 Wake_Is_16    (5)   25 :  0.002 0.003 0.821 0.002 0.169 0.002 0.002 
376 Wake_Is_17    (1)   25 :  0.003 0.004 0.988 0.002 0.001 0.001 0.002 
377 Wake_Is_18    (1)   25 :  0.004 0.005 0.979 0.005 0.000 0.002 0.004 
378 Wake_Is_19    (2)   25 :  0.008 0.004 0.977 0.005 0.001 0.002 0.004 
379 Wake_Is_20    (1)   25 :  0.002 0.001 0.990 0.002 0.001 0.002 0.002 


Estimated Allele Frequencies in each cluster
First column gives estimated ancestral frequencies


Locus 1 : X299_CHR1_1146 
2 alleles
15.3% missing data
   3   (0.794) 0.951 0.998 0.997 0.987 0.791 0.998 0.960 
   2   (0.206) 0.049 0.002 0.003 0.013 0.209 0.002 0.040 

Locus 2 : X13_CHR1_11661 
2 alleles
6.6% missing data
   3   (0.561) 0.003 0.003 0.734 0.883 0.907 0.136 0.910 
   4   (0.439) 0.997 0.997 0.266 0.117 0.093 0.864 0.090 

Locus 3 : X14_CHR1_12485 
2 alleles
8.7% missing data
   4   (0.483) 0.004 0.005 0.931 0.995 0.140 0.996 0.821 
   3   (0.517) 0.996 0.995 0.069 0.005 0.860 0.004 0.179 

Locus 4 : X15_CHR1_13486 
2 alleles
3.2% missing data
   2   (0.906) 1.000 0.999 0.999 1.000 0.847 1.000 0.998 
   1   (0.094) 0.000 0.001 0.001 0.000 0.153 0.000 0.002 

Locus 5 : X16_CHR1_13731 
2 alleles
5.8% missing data
   1   (0.441) 0.200 0.995 0.808 0.991 0.020 0.909 0.809 
   3   (0.559) 0.800 0.005 0.192 0.009 0.980 0.091 0.191 

Locus 6 : X18_CHR1_18597 
2 alleles
14.8% missing data
   2   (0.928) 1.000 1.000 0.999 1.000 0.953 1.000 1.000 
   4   (0.072) 0.000 0.000 0.001 0.000 0.047 0.000 0.000 

Locus 7 : X19_CHR1_19270 
2 alleles
1.1% missing data
   4   (0.913) 1.000 0.999 0.997 1.000 0.904 1.000 1.000 
   3   (0.087) 0.000 0.001 0.003 0.000 0.096 0.000 0.000 

Locus 8 : X20_CHR1_19838 
2 alleles
5.8% missing data
   3   (0.864) 0.999 0.999 0.985 0.994 0.921 0.999 0.999 
   1   (0.136) 0.001 0.001 0.015 0.006 0.079 0.001 0.001 

Locus 9 : X21_CHR1_20196 
2 alleles
3.7% missing data
   1   (0.436) 0.119 0.341 0.876 0.025 0.403 0.503 0.595 
   3   (0.564) 0.881 0.659 0.124 0.975 0.597 0.497 0.405 

Locus 10 : X22_CHR1_20954 
2 alleles
8.2% missing data
   1   (0.539) 0.108 0.003 0.486 0.822 0.562 0.996 0.831 
   3   (0.461) 0.892 0.997 0.514 0.178 0.438 0.004 0.169 

Locus 11 : X23_CHR1_21191 
2 alleles
12.9% missing data
   3   (0.703) 0.998 0.998 0.836 0.400 0.960 0.040 0.228 
   2   (0.297) 0.002 0.002 0.164 0.600 0.040 0.960 0.772 

Locus 12 : X262_CHR1_2123 
2 alleles
9.8% missing data
   4   (0.926) 1.000 1.000 0.999 1.000 0.939 1.000 1.000 
   1   (0.074) 0.000 0.000 0.001 0.000 0.061 0.000 0.000 

Locus 13 : X24_CHR1_21645 
2 alleles
2.9% missing data
   3   (0.933) 1.000 1.000 0.999 1.000 0.975 1.000 1.000 
   4   (0.067) 0.000 0.000 0.001 0.000 0.025 0.000 0.000 

Locus 14 : X25_CHR1_22005 
2 alleles
0.0% missing data
   4   (0.790) 0.999 0.965 0.991 0.999 0.201 0.997 0.998 
   2   (0.210) 0.001 0.035 0.009 0.001 0.799 0.003 0.002 

Locus 15 : X26_CHR1_23112 
2 alleles
5.3% missing data
   4   (0.879) 0.999 0.999 0.998 0.987 0.898 0.999 0.999 
   1   (0.121) 0.001 0.001 0.002 0.013 0.102 0.001 0.001 

Locus 16 : X27_CHR1_25562 
2 alleles
6.3% missing data
   1   (0.881) 0.999 0.999 0.999 1.000 0.421 0.999 0.999 
   3   (0.119) 0.001 0.001 0.001 0.000 0.579 0.001 0.001 

Locus 17 : X300_CHR1_2620 
2 alleles
7.9% missing data
   1   (0.777) 0.973 0.998 0.932 0.997 0.889 0.981 0.971 
   2   (0.223) 0.027 0.002 0.068 0.003 0.111 0.019 0.029 

Locus 18 : X301_CHR1_2620 
2 alleles
24.8% missing data
   4   (0.798) 0.999 0.998 0.710 0.999 0.829 0.999 0.846 
   2   (0.202) 0.001 0.002 0.290 0.001 0.171 0.001 0.154 

Locus 19 : X28_CHR1_26550 
2 alleles
2.9% missing data
   3   (0.901) 0.997 0.999 0.999 0.998 0.969 0.995 0.999 
   1   (0.099) 0.003 0.001 0.001 0.002 0.031 0.005 0.001 

Locus 20 : X29_CHR1_28123 
2 alleles
10.6% missing data
   1   (0.873) 0.999 0.999 0.998 1.000 0.337 0.999 0.999 
   3   (0.127) 0.001 0.001 0.002 0.000 0.663 0.001 0.001 

Locus 21 : X260_CHR1_3236 
2 alleles
0.3% missing data
   4   (0.722) 0.971 0.963 0.807 0.979 0.790 0.995 0.990 
   2   (0.278) 0.029 0.037 0.193 0.021 0.210 0.005 0.010 

Locus 22 : X2_CHR1_348682 
2 alleles
7.1% missing data
   1   (0.756) 0.998 0.998 0.472 0.998 0.273 0.997 0.998 
   3   (0.244) 0.002 0.002 0.528 0.002 0.727 0.003 0.002 

Locus 23 : X3_CHR1_537201 
2 alleles
4.2% missing data
   4   (0.900) 1.000 0.999 0.998 1.000 0.728 0.999 0.999 
   2   (0.100) 0.000 0.001 0.002 0.000 0.272 0.001 0.001 

Locus 24 : X296_CHR1_5774 
2 alleles
45.4% missing data
   3   (0.612) 0.670 0.691 0.689 0.736 0.842 0.838 0.835 
   2   (0.388) 0.330 0.309 0.311 0.264 0.158 0.162 0.165 

Locus 25 : X4_CHR1_578156 
2 alleles
17.4% missing data
   4   (0.530) 0.891 0.501 0.866 0.596 0.494 0.481 0.513 
   3   (0.470) 0.109 0.499 0.134 0.404 0.506 0.519 0.487 

Locus 26 : X5_CHR1_657423 
2 alleles
9.2% missing data
   4   (0.929) 1.000 1.000 0.999 1.000 0.968 1.000 1.000 
   2   (0.071) 0.000 0.000 0.001 0.000 0.032 0.000 0.000 

Locus 27 : X6_CHR1_723638 
2 alleles
11.9% missing data
   3   (0.934) 1.000 1.000 0.999 1.000 0.981 1.000 1.000 
   1   (0.066) 0.000 0.000 0.001 0.000 0.019 0.000 0.000 

Locus 28 : X7_CHR1_801358 
2 alleles
7.7% missing data
   2   (0.766) 0.999 0.999 0.997 0.999 0.033 0.999 0.999 
   4   (0.234) 0.001 0.001 0.003 0.001 0.967 0.001 0.001 

Locus 29 : X297_CHR1_8053 
2 alleles
19.8% missing data
   4   (0.881) 0.999 0.997 0.998 0.988 0.923 0.998 0.998 
   1   (0.119) 0.001 0.003 0.002 0.012 0.077 0.002 0.002 

Locus 30 : X298_CHR1_8257 
2 alleles
6.1% missing data
   2   (0.912) 1.000 0.999 0.999 1.000 0.814 1.000 0.999 
   4   (0.088) 0.000 0.001 0.001 0.000 0.186 0.000 0.001 

Locus 31 : X8_CHR1_853819 
2 alleles
7.4% missing data
   2   (0.882) 0.999 0.999 0.998 1.000 0.753 0.998 0.996 
   4   (0.118) 0.001 0.001 0.002 0.000 0.247 0.002 0.004 

Locus 32 : X9_CHR1_890393 
2 alleles
23.2% missing data
   2   (0.345) 0.996 0.003 0.481 0.930 0.045 0.483 0.306 
   4   (0.655) 0.004 0.997 0.519 0.070 0.955 0.517 0.694 

Locus 33 : X10_CHR1_94071 
2 alleles
12.7% missing data
   4   (0.590) 0.996 0.004 0.575 0.467 0.888 0.537 0.211 
   1   (0.410) 0.004 0.996 0.425 0.533 0.112 0.463 0.789 

Locus 34 : X174_CHR10_100 
2 alleles
7.1% missing data
   1   (0.921) 1.000 1.000 0.999 1.000 0.922 1.000 1.000 
   3   (0.079) 0.000 0.000 0.001 0.000 0.078 0.000 0.000 

Locus 35 : X175_CHR10_106 
2 alleles
20.6% missing data
   1   (0.684) 0.998 0.997 0.657 0.979 0.371 0.965 0.992 
   4   (0.316) 0.002 0.003 0.343 0.021 0.629 0.035 0.008 

Locus 36 : X157_CHR10_131 
2 alleles
0.5% missing data
   3   (0.924) 1.000 1.000 0.999 1.000 0.946 1.000 1.000 
   1   (0.076) 0.000 0.000 0.001 0.000 0.054 0.000 0.000 

Locus 37 : X276_CHR10_157 
2 alleles
21.1% missing data
   4   (0.880) 0.999 0.999 0.997 0.999 0.492 0.999 0.999 
   2   (0.120) 0.001 0.001 0.003 0.001 0.508 0.001 0.001 

Locus 38 : X158_CHR10_182 
2 alleles
0.0% missing data
   2   (0.310) 0.995 0.002 0.934 0.820 0.036 0.063 0.004 
   4   (0.690) 0.005 0.998 0.066 0.180 0.964 0.937 0.996 

Locus 39 : X159_CHR10_293 
2 alleles
3.2% missing data
   4   (0.870) 0.999 0.999 0.989 1.000 0.550 0.998 0.999 
   2   (0.130) 0.001 0.001 0.011 0.000 0.450 0.002 0.001 

Locus 40 : X160_CHR10_387 
2 alleles
4.7% missing data
   4   (0.921) 1.000 1.000 0.999 1.000 0.918 1.000 1.000 
   3   (0.079) 0.000 0.000 0.001 0.000 0.082 0.000 0.000 

Locus 41 : X277_CHR10_414 
2 alleles
33.8% missing data
   2   (0.280) 0.002 0.995 0.004 0.801 0.028 0.944 0.595 
   4   (0.720) 0.998 0.005 0.996 0.199 0.972 0.056 0.405 

Locus 42 : X278_CHR10_459 
2 alleles
3.4% missing data
   4   (0.883) 0.999 0.999 0.967 1.000 0.939 0.999 0.999 
   1   (0.117) 0.001 0.001 0.033 0.000 0.061 0.001 0.001 

Locus 43 : X161_CHR10_465 
2 alleles
8.2% missing data
   3   (0.900) 1.000 0.999 0.999 0.998 0.826 0.999 0.999 
   1   (0.100) 0.000 0.001 0.001 0.002 0.174 0.001 0.001 

Locus 44 : X163_CHR10_564 
2 alleles
0.8% missing data
   4   (0.770) 0.988 0.980 0.944 0.998 0.599 0.996 0.996 
   2   (0.230) 0.012 0.020 0.056 0.002 0.401 0.004 0.004 

Locus 45 : X279_CHR10_566 
2 alleles
4.0% missing data
   3   (0.891) 0.999 0.999 0.999 1.000 0.654 0.999 0.997 
   1   (0.109) 0.001 0.001 0.001 0.000 0.346 0.001 0.003 

Locus 46 : X164_CHR10_590 
2 alleles
0.8% missing data
   4   (0.537) 0.057 0.612 0.809 0.187 0.718 0.349 0.635 
   2   (0.463) 0.943 0.388 0.191 0.813 0.282 0.651 0.365 

Locus 47 : X165_CHR10_636 
2 alleles
7.4% missing data
   4   (0.883) 1.000 0.977 0.999 1.000 0.762 0.999 0.999 
