

----------------------------------------------------
STRUCTURE by Pritchard, Stephens and Donnelly (2000)
     and Falush, Stephens and Pritchard (2003)
       Code by Pritchard, Falush and Hubisz
             Version 2.3.4 (Jul 2012)
----------------------------------------------------



Command line arguments:   bin\structure -m C:\Users\airhe\OneDrive\Documents\Masters\Project 3\kiore-project\results\ratsSNPs_struc_preHWE\as_pdf\mainparams -e C:\Users\airhe\OneDrive\Documents\Masters\Project 3\kiore-project\results\ratsSNPs_struc_preHWE\as_pdf\extraparams 
Input File:    C:\Users\airhe\OneDrive\Documents\Masters\Project 3\kiore-project\results\ratsSNPs_struc_preHWE\project_data

Run parameters:
   379 individuals
   282 loci
   8 populations assumed
   5000 Burn-in period
   50000 Reps


--------------------------------------------
Proportion of membership of each pre-defined
 population in each of the 8 clusters

Given    Inferred Clusters                                          Number of
 Pop       1      2      3      4      5      6      7      8      Individuals

  1:     0.002  0.004  0.013  0.910  0.003  0.014  0.010  0.045       10
  2:     0.793  0.034  0.029  0.038  0.036  0.013  0.025  0.033       18
  3:     0.030  0.003  0.008  0.530  0.001  0.193  0.002  0.234        1
  4:     0.020  0.003  0.008  0.341  0.001  0.108  0.074  0.445        1
  5:     0.891  0.005  0.030  0.005  0.046  0.009  0.008  0.006       12
  6:     0.003  0.008  0.012  0.055  0.001  0.905  0.005  0.010       21
  7:     0.001  0.001  0.001  0.001  0.000  0.001  0.994  0.001       20
  8:     0.003  0.003  0.002  0.962  0.001  0.006  0.007  0.016       20
  9:     0.050  0.001  0.002  0.002  0.001  0.937  0.002  0.005       21
 10:     0.223  0.001  0.001  0.001  0.771  0.001  0.001  0.001       21
 11:     0.052  0.024  0.675  0.037  0.021  0.079  0.058  0.054       21
 12:     0.814  0.001  0.002  0.001  0.179  0.001  0.001  0.001        6
 13:     0.946  0.006  0.004  0.010  0.019  0.005  0.003  0.008       12
 14:     0.002  0.008  0.020  0.060  0.001  0.890  0.016  0.003       14
 15:     0.001  0.002  0.002  0.005  0.001  0.003  0.002  0.984       21
 16:     0.786  0.018  0.121  0.018  0.005  0.017  0.012  0.024       10
 17:     0.989  0.001  0.001  0.001  0.004  0.001  0.001  0.001        3
 18:     0.980  0.007  0.002  0.002  0.001  0.003  0.002  0.002        1
 19:     0.002  0.015  0.030  0.564  0.004  0.016  0.007  0.362       21
 20:     0.004  0.010  0.015  0.009  0.003  0.600  0.318  0.042       21
 21:     0.001  0.022  0.003  0.024  0.001  0.557  0.094  0.297       21
 22:     0.001  0.004  0.009  0.007  0.003  0.011  0.004  0.961       21
 23:     0.730  0.017  0.009  0.010  0.197  0.013  0.008  0.015       22
 24:     0.014  0.978  0.001  0.001  0.001  0.002  0.001  0.002       20
 25:     0.010  0.002  0.978  0.002  0.001  0.002  0.002  0.003       20
--------------------------------------------

Allele-freq. divergence among pops (Net nucleotide distance),
computed using point estimates of P.

      1       2       3       4       5       6       7       8      
 1      -    0.1731  0.1229  0.1589  0.1275  0.1417  0.1591  0.1609  
 2   0.1731     -    0.1052  0.0763  0.1846  0.0739  0.1068  0.0816  
 3   0.1229  0.1052     -    0.0631  0.1321  0.0638  0.0971  0.0653  
 4   0.1589  0.0763  0.0631     -    0.1572  0.0356  0.0704  0.0380  
 5   0.1275  0.1846  0.1321  0.1572     -    0.1414  0.1596  0.1575  
 6   0.1417  0.0739  0.0638  0.0356  0.1414     -    0.0744  0.0397  
 7   0.1591  0.1068  0.0971  0.0704  0.1596  0.0744     -    0.0828  
 8   0.1609  0.0816  0.0653  0.0380  0.1575  0.0397  0.0828     -    

Average distances (expected heterozygosity) between individuals in same cluster:
cluster  1  : 0.2787 
cluster  2  : 0.0464 
cluster  3  : 0.1187 
cluster  4  : 0.1019 
cluster  5  : 0.0599 
cluster  6  : 0.1145 
cluster  7  : 0.0517 
cluster  8  : 0.0842 

--------------------------------------------
Estimated Ln Prob of Data   = -40760.9
Mean value of ln likelihood = -40060.8
Variance of ln likelihood   = 1400.3
Mean value of alpha         = 0.0401

Mean value of Fst_1         = 0.2380
Mean value of Fst_2         = 0.7975
Mean value of Fst_3         = 0.5435
Mean value of Fst_4         = 0.6148
Mean value of Fst_5         = 0.7881
Mean value of Fst_6         = 0.5677
Mean value of Fst_7         = 0.7922
Mean value of Fst_8         = 0.6832


Inferred ancestry of individuals:
        Label (%Miss) Pop:  Inferred clusters
  1 Aotea__001    (1)    1 :  0.001 0.002 0.010 0.956 0.005 0.007 0.011 0.009 
  2 Aotea__002    (2)    1 :  0.001 0.001 0.030 0.793 0.005 0.017 0.019 0.133 
  3 Aotea__003    (1)    1 :  0.001 0.008 0.005 0.879 0.002 0.061 0.004 0.040 
  4 Aotea__004    (2)    1 :  0.001 0.002 0.003 0.974 0.001 0.002 0.002 0.016 
  5 Aotea__005    (4)    1 :  0.001 0.003 0.007 0.779 0.002 0.024 0.019 0.164 
  6 Aotea__006    (3)    1 :  0.001 0.002 0.004 0.980 0.001 0.007 0.002 0.003 
  7 Aotea__007    (4)    1 :  0.001 0.002 0.033 0.944 0.001 0.003 0.002 0.012 
  8 Aotea__008    (3)    1 :  0.008 0.015 0.031 0.892 0.007 0.003 0.036 0.008 
  9 Aotea__009    (3)    1 :  0.001 0.003 0.004 0.934 0.002 0.004 0.002 0.050 
 10 Aotea__010    (2)    1 :  0.001 0.002 0.003 0.967 0.001 0.007 0.006 0.014 
 11 Borneo_002   (57)    2 :  0.940 0.003 0.025 0.016 0.001 0.004 0.002 0.008 
 12 Borneo_003   (45)    2 :  0.860 0.001 0.087 0.004 0.001 0.003 0.001 0.041 
 13 Borneo_004   (35)    2 :  0.836 0.033 0.055 0.008 0.002 0.011 0.033 0.021 
 14 Borneo_005   (52)    2 :  0.930 0.004 0.002 0.042 0.001 0.008 0.003 0.011 
 15 Borneo_006   (56)    2 :  0.990 0.001 0.002 0.002 0.001 0.002 0.002 0.001 
 16 Borneo_008   (45)    2 :  0.706 0.059 0.006 0.131 0.013 0.019 0.019 0.046 
 17 Borneo_012   (33)    2 :  0.737 0.003 0.011 0.201 0.004 0.017 0.002 0.025 
 18 Borneo_013   (13)    2 :  0.407 0.007 0.118 0.010 0.291 0.003 0.011 0.153 
 19 Borneo_014   (55)    2 :  0.991 0.002 0.001 0.001 0.001 0.001 0.002 0.001 
 20 Borneo_015   (36)    2 :  0.721 0.152 0.009 0.071 0.002 0.028 0.002 0.015 
 21 Borneo_016   (47)    2 :  0.743 0.133 0.003 0.074 0.004 0.033 0.006 0.004 
 22 Borneo_017   (56)    2 :  0.800 0.008 0.026 0.048 0.061 0.030 0.014 0.013 
 23 Borneo_019   (23)    2 :  0.696 0.015 0.056 0.024 0.011 0.010 0.172 0.016 
 24 Borneo_020   (37)    2 :  0.737 0.004 0.007 0.032 0.005 0.019 0.002 0.194 
 25 Borneo_021   (35)    2 :  0.748 0.148 0.082 0.007 0.003 0.005 0.001 0.005 
 26 Borneo_022   (26)    2 :  0.844 0.015 0.003 0.006 0.013 0.005 0.107 0.007 
 27 Borneo_023   (24)    2 :  0.895 0.008 0.023 0.011 0.020 0.012 0.022 0.009 
 28 Borneo_024   (21)    2 :  0.685 0.007 0.012 0.004 0.209 0.018 0.049 0.017 
 29 Southland1    (0)    3 :  0.030 0.003 0.008 0.530 0.001 0.193 0.002 0.234 
 30 GrtMercury    (0)    4 :  0.020 0.003 0.008 0.341 0.001 0.108 0.074 0.445 
 31 Halmaher10   (48)    5 :  0.982 0.003 0.003 0.003 0.001 0.004 0.002 0.002 
 32 Halmaher11   (50)    5 :  0.992 0.001 0.001 0.002 0.001 0.002 0.001 0.001 
 33 Halmaher19   (50)    5 :  0.990 0.002 0.001 0.001 0.003 0.001 0.001 0.001 
 34 Halmaher23   (49)    5 :  0.888 0.013 0.015 0.021 0.005 0.028 0.027 0.004 
 35 Halmaher24   (18)    5 :  0.594 0.015 0.265 0.009 0.077 0.005 0.002 0.034 
 36 Halmahera1   (21)    5 :  0.887 0.008 0.035 0.007 0.019 0.026 0.009 0.008 
 37 Halmahera2   (33)    5 :  0.923 0.002 0.004 0.005 0.005 0.026 0.030 0.003 
 38 Halmahera3   (24)    5 :  0.955 0.002 0.006 0.006 0.006 0.005 0.007 0.013 
 39 Halmahera6   (40)    5 :  0.942 0.003 0.002 0.001 0.047 0.002 0.002 0.002 
 40 Halmahera7   (57)    5 :  0.988 0.001 0.001 0.002 0.002 0.003 0.001 0.002 
 41 Halmahera8   (41)    5 :  0.824 0.002 0.021 0.003 0.132 0.003 0.011 0.003 
 42 Halmahera9   (36)    5 :  0.729 0.002 0.004 0.001 0.256 0.002 0.004 0.002 
 43 Hatutaa_01    (6)    6 :  0.026 0.036 0.005 0.033 0.002 0.876 0.019 0.003 
 44 Hatutaa_02    (2)    6 :  0.003 0.021 0.008 0.044 0.002 0.899 0.003 0.021 
 45 Hatutaa_03    (1)    6 :  0.001 0.004 0.003 0.051 0.001 0.932 0.002 0.007 
 46 Hatutaa_04    (3)    6 :  0.002 0.018 0.034 0.163 0.002 0.770 0.005 0.006 
 47 Hatutaa_05    (3)    6 :  0.028 0.004 0.082 0.100 0.001 0.764 0.017 0.005 
 48 Hatutaa_06    (1)    6 :  0.000 0.002 0.002 0.014 0.001 0.972 0.001 0.007 
 49 Hatutaa_07    (1)    6 :  0.001 0.010 0.006 0.128 0.001 0.838 0.008 0.009 
 50 Hatutaa_08    (7)    6 :  0.001 0.002 0.004 0.007 0.001 0.979 0.003 0.003 
 51 Hatutaa_09    (2)    6 :  0.001 0.002 0.003 0.014 0.001 0.968 0.002 0.008 
 52 Hatutaa_10    (2)    6 :  0.002 0.002 0.005 0.007 0.005 0.967 0.007 0.005 
 53 Hatutaa_11    (3)    6 :  0.001 0.009 0.004 0.045 0.001 0.914 0.007 0.018 
 54 Hatutaa_12    (1)    6 :  0.001 0.013 0.004 0.088 0.001 0.886 0.002 0.005 
 55 Hatutaa_13    (1)    6 :  0.001 0.003 0.002 0.004 0.000 0.985 0.002 0.003 
 56 Hatutaa_14    (2)    6 :  0.001 0.011 0.002 0.022 0.002 0.952 0.002 0.008 
 57 Hatutaa_15    (1)    6 :  0.001 0.008 0.059 0.077 0.001 0.771 0.004 0.079 
 58 Hatutaa_16    (5)    6 :  0.001 0.002 0.001 0.145 0.001 0.840 0.002 0.007 
 59 Hatutaa_17    (2)    6 :  0.001 0.005 0.003 0.111 0.001 0.869 0.007 0.004 
 60 Hatutaa_18    (1)    6 :  0.001 0.002 0.001 0.006 0.000 0.986 0.001 0.002 
 61 Hatutaa_19    (1)    6 :  0.001 0.002 0.005 0.014 0.004 0.967 0.002 0.006 
 62 Hatutaa_20    (2)    6 :  0.001 0.015 0.005 0.034 0.001 0.932 0.004 0.009 
 63 Hatutaa_21    (2)    6 :  0.001 0.007 0.003 0.046 0.001 0.929 0.009 0.004 
 64 Honuea_001    (2)    7 :  0.002 0.001 0.001 0.001 0.000 0.001 0.992 0.001 
 65 Honuea_002    (3)    7 :  0.000 0.001 0.000 0.001 0.000 0.001 0.996 0.001 
 66 Honuea_003    (2)    7 :  0.000 0.001 0.001 0.001 0.000 0.001 0.995 0.001 
 67 Honuea_004    (4)    7 :  0.001 0.001 0.001 0.001 0.000 0.001 0.995 0.001 
 68 Honuea_005    (5)    7 :  0.012 0.001 0.001 0.001 0.001 0.001 0.983 0.001 
 69 Honuea_006    (5)    7 :  0.003 0.002 0.001 0.001 0.000 0.001 0.991 0.001 
 70 Honuea_007    (2)    7 :  0.001 0.001 0.001 0.001 0.000 0.001 0.994 0.001 
 71 Honuea_008    (1)    7 :  0.001 0.001 0.001 0.001 0.000 0.001 0.994 0.001 
 72 Honuea_009    (3)    7 :  0.000 0.001 0.001 0.001 0.000 0.001 0.996 0.001 
 73 Honuea_010    (3)    7 :  0.000 0.001 0.001 0.001 0.000 0.001 0.994 0.001 
 74 Honuea_011    (3)    7 :  0.000 0.001 0.001 0.001 0.000 0.001 0.995 0.001 
 75 Honuea_012    (3)    7 :  0.002 0.001 0.003 0.001 0.001 0.001 0.991 0.001 
 76 Honuea_013    (0)    7 :  0.000 0.001 0.001 0.001 0.000 0.001 0.996 0.001 
 77 Honuea_015    (3)    7 :  0.000 0.001 0.001 0.001 0.000 0.001 0.995 0.001 
 78 Honuea_016    (2)    7 :  0.000 0.001 0.001 0.001 0.000 0.001 0.995 0.001 
 79 Honuea_017    (3)    7 :  0.000 0.001 0.001 0.001 0.000 0.001 0.996 0.001 
 80 Honuea_018    (2)    7 :  0.001 0.001 0.001 0.001 0.001 0.001 0.994 0.001 
 81 Honuea_019    (2)    7 :  0.001 0.001 0.001 0.001 0.000 0.001 0.993 0.002 
 82 Honuea_020    (3)    7 :  0.002 0.001 0.001 0.001 0.000 0.001 0.992 0.001 
 83 Honuea_021    (1)    7 :  0.000 0.001 0.001 0.001 0.000 0.001 0.996 0.001 
 84 Kaikura_01    (2)    8 :  0.001 0.007 0.005 0.964 0.001 0.005 0.014 0.002 
 85 Kaikura_02    (4)    8 :  0.000 0.001 0.001 0.989 0.001 0.002 0.003 0.003 
 86 Kaikura_03    (3)    8 :  0.000 0.001 0.001 0.990 0.000 0.003 0.002 0.002 
 87 Kaikura_04    (3)    8 :  0.000 0.001 0.001 0.992 0.001 0.002 0.001 0.002 
 88 Kaikura_05   (12)    8 :  0.048 0.002 0.001 0.939 0.001 0.005 0.002 0.002 
 89 Kaikura_06    (2)    8 :  0.000 0.002 0.001 0.991 0.000 0.002 0.001 0.002 
 90 Kaikura_07    (1)    8 :  0.001 0.003 0.001 0.980 0.001 0.007 0.003 0.005 
 91 Kaikura_08    (1)    8 :  0.001 0.003 0.002 0.932 0.001 0.010 0.042 0.009 
 92 Kaikura_09    (2)    8 :  0.001 0.002 0.002 0.981 0.001 0.008 0.002 0.004 
 93 Kaikura_10    (4)    8 :  0.000 0.002 0.001 0.984 0.001 0.008 0.001 0.003 
 94 Kaikura_11    (7)    8 :  0.005 0.013 0.002 0.960 0.002 0.014 0.002 0.002 
 95 Kaikura_12    (5)    8 :  0.001 0.003 0.001 0.949 0.001 0.005 0.034 0.006 
 96 Kaikura_13    (2)    8 :  0.001 0.008 0.006 0.730 0.001 0.006 0.009 0.240 
 97 Kaikura_14    (3)    8 :  0.001 0.002 0.001 0.987 0.001 0.002 0.002 0.005 
 98 Kaikura_15    (2)    8 :  0.001 0.001 0.001 0.988 0.001 0.003 0.002 0.004 
 99 Kaikura_16    (2)    8 :  0.000 0.001 0.001 0.990 0.001 0.003 0.002 0.003 
100 Kaikura_17    (2)    8 :  0.001 0.001 0.002 0.990 0.000 0.002 0.002 0.002 
101 Kaikura_18    (2)    8 :  0.001 0.003 0.004 0.982 0.001 0.002 0.003 0.003 
102 Kaikura_19    (2)    8 :  0.001 0.002 0.008 0.947 0.004 0.028 0.002 0.008 
103 Kaikura_20    (3)    8 :  0.001 0.002 0.002 0.969 0.001 0.008 0.010 0.008 
104 Kamaka_001    (3)    9 :  0.001 0.001 0.001 0.002 0.001 0.992 0.001 0.001 
105 Kamaka_002    (2)    9 :  0.001 0.001 0.001 0.002 0.001 0.991 0.002 0.002 
106 Kamaka_003    (3)    9 :  0.000 0.001 0.001 0.001 0.001 0.987 0.003 0.005 
107 Kamaka_004    (5)    9 :  0.001 0.001 0.002 0.002 0.002 0.987 0.002 0.004 
108 Kamaka_005    (5)    9 :  0.001 0.001 0.001 0.001 0.001 0.991 0.001 0.003 
109 Kamaka_006    (2)    9 :  0.001 0.001 0.001 0.001 0.001 0.991 0.002 0.003 
110 Kamaka_007    (2)    9 :  0.002 0.001 0.001 0.002 0.001 0.989 0.001 0.002 
111 Kamaka_008    (2)    9 :  0.001 0.001 0.001 0.001 0.002 0.990 0.001 0.002 
112 Kamaka_009   (56)    9 :  0.993 0.001 0.001 0.001 0.001 0.001 0.001 0.001 
113 Kamaka_010    (2)    9 :  0.001 0.001 0.001 0.002 0.001 0.989 0.002 0.005 
114 Kamaka_011    (3)    9 :  0.028 0.002 0.012 0.005 0.003 0.944 0.002 0.004 
115 Kamaka_012    (4)    9 :  0.001 0.001 0.001 0.001 0.001 0.990 0.003 0.002 
116 Kamaka_013    (3)    9 :  0.001 0.001 0.002 0.002 0.001 0.976 0.003 0.013 
117 Kamaka_014    (1)    9 :  0.001 0.002 0.001 0.002 0.001 0.988 0.002 0.004 
118 Kamaka_015    (3)    9 :  0.007 0.001 0.001 0.002 0.001 0.984 0.002 0.002 
119 Kamaka_016    (1)    9 :  0.000 0.001 0.001 0.002 0.001 0.991 0.001 0.003 
120 Kamaka_017    (1)    9 :  0.001 0.001 0.002 0.002 0.001 0.967 0.001 0.025 
121 Kamaka_018    (2)    9 :  0.002 0.001 0.001 0.001 0.001 0.990 0.001 0.002 
122 Kamaka_019    (3)    9 :  0.001 0.003 0.002 0.002 0.001 0.977 0.006 0.008 
123 Kamaka_020    (4)    9 :  0.016 0.004 0.003 0.002 0.001 0.965 0.002 0.007 
124 Kamaka_021    (3)    9 :  0.001 0.001 0.001 0.002 0.001 0.990 0.002 0.002 
125 Kayangel01    (3)   10 :  0.001 0.000 0.001 0.001 0.995 0.001 0.001 0.001 
126 Kayangel02    (3)   10 :  0.002 0.001 0.001 0.000 0.995 0.000 0.001 0.000 
127 Kayangel03    (4)   10 :  0.002 0.000 0.001 0.000 0.995 0.000 0.001 0.001 
128 Kayangel04    (2)   10 :  0.000 0.000 0.001 0.000 0.996 0.000 0.001 0.001 
129 Kayangel05    (1)   10 :  0.000 0.000 0.001 0.000 0.997 0.000 0.000 0.000 
130 Kayangel06    (3)   10 :  0.000 0.000 0.001 0.001 0.996 0.001 0.001 0.001 
131 Kayangel07    (7)   10 :  0.000 0.000 0.000 0.000 0.997 0.000 0.000 0.000 
132 Kayangel08    (2)   10 :  0.000 0.000 0.001 0.000 0.996 0.000 0.001 0.001 
133 Kayangel09    (1)   10 :  0.001 0.001 0.001 0.000 0.996 0.001 0.000 0.000 
134 Kayangel10    (2)   10 :  0.001 0.001 0.001 0.001 0.996 0.001 0.001 0.001 
135 Kayangel11    (1)   10 :  0.655 0.001 0.001 0.001 0.338 0.001 0.001 0.001 
136 Kayangel12    (3)   10 :  0.009 0.006 0.008 0.001 0.973 0.001 0.001 0.001 
137 Kayangel13   (20)   10 :  0.754 0.001 0.001 0.001 0.240 0.001 0.001 0.001 
138 Kayangel14    (4)   10 :  0.006 0.000 0.001 0.003 0.983 0.004 0.002 0.001 
139 Kayangel15    (2)   10 :  0.648 0.001 0.001 0.001 0.346 0.001 0.001 0.001 
140 Kayangel16    (7)   10 :  0.189 0.000 0.001 0.000 0.807 0.001 0.001 0.000 
141 Kayangel17   (41)   10 :  0.989 0.001 0.001 0.001 0.002 0.002 0.005 0.001 
142 Kayangel18    (3)   10 :  0.064 0.002 0.002 0.001 0.928 0.002 0.001 0.001 
143 Kayangel19    (2)   10 :  0.659 0.001 0.001 0.001 0.335 0.001 0.001 0.001 
144 Kayangel20    (4)   10 :  0.001 0.001 0.001 0.001 0.992 0.001 0.003 0.001 
145 Kayangel21   (13)   10 :  0.705 0.002 0.001 0.001 0.287 0.001 0.001 0.001 
146 Late_Is_01    (3)   11 :  0.001 0.015 0.746 0.006 0.022 0.200 0.007 0.002 
147 Late_Is_02    (3)   11 :  0.079 0.023 0.756 0.007 0.006 0.065 0.032 0.033 
148 Late_Is_03    (9)   11 :  0.065 0.158 0.758 0.003 0.002 0.007 0.005 0.003 
149 Late_Is_04    (4)   11 :  0.004 0.004 0.764 0.109 0.003 0.038 0.061 0.015 
150 Late_Is_05    (4)   11 :  0.017 0.035 0.695 0.011 0.003 0.052 0.046 0.142 
151 Late_Is_06   (17)   11 :  0.268 0.012 0.651 0.016 0.002 0.046 0.002 0.004 
152 Late_Is_07    (2)   11 :  0.002 0.020 0.708 0.010 0.113 0.095 0.049 0.003 
153 Late_Is_08    (6)   11 :  0.034 0.019 0.514 0.015 0.027 0.371 0.016 0.004 
154 Late_Is_09    (3)   11 :  0.001 0.003 0.702 0.005 0.005 0.042 0.233 0.009 
155 Late_Is_10    (3)   11 :  0.007 0.003 0.747 0.007 0.007 0.004 0.199 0.026 
156 Late_Is_11   (21)   11 :  0.291 0.005 0.554 0.067 0.001 0.042 0.014 0.026 
157 Late_Is_12    (7)   11 :  0.045 0.006 0.719 0.160 0.001 0.035 0.029 0.005 
158 Late_Is_13    (3)   11 :  0.010 0.017 0.661 0.023 0.007 0.008 0.144 0.130 
159 Late_Is_14    (2)   11 :  0.004 0.126 0.815 0.015 0.012 0.003 0.015 0.010 
160 Late_Is_15    (4)   11 :  0.074 0.008 0.528 0.007 0.066 0.012 0.049 0.256 
161 Late_Is_16    (2)   11 :  0.001 0.008 0.660 0.012 0.004 0.309 0.004 0.002 
162 Late_Is_17    (4)   11 :  0.070 0.002 0.571 0.004 0.011 0.006 0.004 0.332 
163 Late_Is_18    (3)   11 :  0.064 0.005 0.759 0.004 0.010 0.055 0.025 0.078 
164 Late_Is_19    (4)   11 :  0.001 0.009 0.579 0.196 0.136 0.051 0.017 0.011 
165 Late_Is_20    (2)   11 :  0.003 0.008 0.715 0.104 0.001 0.090 0.039 0.040 
166 Late_Is_21    (6)   11 :  0.048 0.028 0.566 0.005 0.002 0.122 0.219 0.011 
167 Cambodia_1    (0)   12 :  0.879 0.001 0.001 0.001 0.116 0.001 0.001 0.001 
168 Laos___001    (0)   12 :  0.780 0.001 0.001 0.001 0.215 0.001 0.001 0.001 
169 Laos___002    (0)   12 :  0.911 0.001 0.002 0.001 0.080 0.001 0.003 0.001 
170 Luzon__001    (0)   12 :  0.666 0.002 0.004 0.003 0.319 0.003 0.002 0.002 
171 Thailand01    (0)   12 :  0.877 0.000 0.001 0.001 0.119 0.001 0.001 0.001 
172 Thailand02    (0)   12 :  0.769 0.001 0.001 0.001 0.227 0.001 0.001 0.001 
173 Malenge_04   (53)   13 :  0.977 0.007 0.003 0.002 0.001 0.003 0.003 0.003 
174 Malenge_11   (57)   13 :  0.935 0.013 0.007 0.011 0.002 0.012 0.007 0.012 
175 Malenge_14   (57)   13 :  0.994 0.001 0.001 0.001 0.001 0.001 0.001 0.001 
176 Malenge_15   (58)   13 :  0.981 0.003 0.002 0.003 0.002 0.002 0.004 0.003 
177 Malenge_17   (57)   13 :  0.993 0.001 0.001 0.001 0.001 0.001 0.001 0.001 
178 Malenge_18   (36)   13 :  0.880 0.023 0.003 0.067 0.010 0.003 0.002 0.011 
179 Malenge_19   (50)   13 :  0.989 0.001 0.001 0.002 0.001 0.003 0.001 0.002 
180 Malenge_20   (45)   13 :  0.982 0.004 0.002 0.004 0.002 0.002 0.003 0.002 
181 Malenge_22   (45)   13 :  0.971 0.002 0.006 0.002 0.004 0.003 0.001 0.010 
182 Malenge_23   (30)   13 :  0.980 0.001 0.005 0.002 0.006 0.001 0.004 0.001 
183 Malenge_24   (21)   13 :  0.756 0.006 0.004 0.010 0.163 0.013 0.002 0.046 
184 Malenge_25   (36)   13 :  0.916 0.004 0.009 0.018 0.033 0.014 0.002 0.005 
185 Mohotani01    (0)   14 :  0.001 0.003 0.004 0.017 0.002 0.962 0.003 0.008 
186 Mohotani02    (1)   14 :  0.001 0.037 0.011 0.103 0.002 0.839 0.004 0.003 
187 Mohotani03    (4)   14 :  0.001 0.003 0.041 0.022 0.001 0.909 0.021 0.002 
188 Mohotani04    (1)   14 :  0.003 0.004 0.009 0.072 0.001 0.845 0.061 0.005 
189 Mohotani05    (4)   14 :  0.001 0.007 0.002 0.013 0.001 0.973 0.002 0.002 
190 Mohotani06    (2)   14 :  0.001 0.005 0.012 0.087 0.001 0.884 0.009 0.002 
191 Mohotani07    (2)   14 :  0.001 0.002 0.014 0.033 0.001 0.947 0.001 0.002 
192 Mohotani08    (2)   14 :  0.002 0.009 0.032 0.132 0.001 0.817 0.006 0.002 
193 Mohotani09    (2)   14 :  0.000 0.002 0.006 0.006 0.001 0.977 0.006 0.002 
194 Mohotani10    (2)   14 :  0.002 0.004 0.043 0.178 0.001 0.742 0.028 0.001 
195 Mohotani11    (0)   14 :  0.009 0.006 0.065 0.055 0.001 0.846 0.015 0.003 
196 Mohotani12    (2)   14 :  0.001 0.006 0.013 0.057 0.001 0.880 0.041 0.001 
197 Mohotani13    (3)   14 :  0.000 0.003 0.007 0.047 0.001 0.934 0.004 0.004 
198 Mohotani14    (3)   14 :  0.001 0.016 0.021 0.022 0.001 0.909 0.025 0.005 
199 Motukawa10    (3)   15 :  0.000 0.001 0.001 0.010 0.001 0.008 0.002 0.976 
200 Motukawa11    (4)   15 :  0.000 0.002 0.001 0.002 0.000 0.002 0.001 0.991 
201 Motukawa12    (3)   15 :  0.001 0.001 0.001 0.002 0.005 0.002 0.001 0.988 
202 Motukawa13    (3)   15 :  0.000 0.001 0.004 0.004 0.001 0.003 0.009 0.977 
203 Motukawa14    (2)   15 :  0.000 0.001 0.001 0.002 0.001 0.003 0.002 0.989 
204 Motukawa15    (3)   15 :  0.001 0.002 0.002 0.003 0.001 0.001 0.002 0.989 
205 Motukawa16    (1)   15 :  0.002 0.007 0.001 0.006 0.002 0.005 0.006 0.971 
206 Motukawa17    (3)   15 :  0.001 0.001 0.017 0.046 0.000 0.002 0.001 0.931 
207 Motukawa18    (4)   15 :  0.000 0.001 0.001 0.002 0.000 0.002 0.001 0.993 
208 Motukawa19    (6)   15 :  0.000 0.001 0.001 0.002 0.000 0.002 0.002 0.992 
209 Motukawa20    (3)   15 :  0.000 0.001 0.001 0.002 0.000 0.002 0.002 0.991 
210 Motukawa21    (5)   15 :  0.000 0.001 0.001 0.002 0.000 0.002 0.001 0.991 
211 Motukawan1    (3)   15 :  0.000 0.001 0.001 0.002 0.001 0.004 0.003 0.987 
212 Motukawan2    (6)   15 :  0.001 0.001 0.002 0.001 0.001 0.002 0.001 0.990 
213 Motukawan3    (2)   15 :  0.001 0.002 0.001 0.002 0.004 0.003 0.002 0.985 
214 Motukawan4    (2)   15 :  0.000 0.001 0.002 0.001 0.001 0.002 0.002 0.992 
215 Motukawan5    (1)   15 :  0.001 0.002 0.002 0.015 0.000 0.004 0.002 0.975 
216 Motukawan6    (3)   15 :  0.000 0.002 0.001 0.002 0.001 0.001 0.001 0.991 
217 Motukawan7    (1)   15 :  0.000 0.001 0.001 0.001 0.001 0.001 0.002 0.993 
218 Motukawan8    (1)   15 :  0.001 0.001 0.001 0.002 0.001 0.002 0.001 0.991 
219 Motukawan9    (1)   15 :  0.000 0.001 0.001 0.001 0.000 0.002 0.002 0.991 
220 NewBrita14   (55)   16 :  0.871 0.006 0.068 0.011 0.001 0.008 0.031 0.003 
221 NewBrita16   (28)   16 :  0.597 0.001 0.380 0.003 0.004 0.003 0.004 0.007 
222 NewBrita23   (57)   16 :  0.893 0.025 0.007 0.018 0.001 0.045 0.002 0.009 
223 NewBrita24   (20)   16 :  0.492 0.001 0.181 0.036 0.024 0.065 0.031 0.169 
224 NewBrita25   (46)   16 :  0.958 0.002 0.002 0.002 0.004 0.024 0.002 0.006 
225 NewBritai2   (51)   16 :  0.907 0.013 0.050 0.011 0.003 0.009 0.003 0.005 
226 NewBritai3   (46)   16 :  0.802 0.048 0.027 0.077 0.003 0.004 0.024 0.016 
227 NewBritai6   (42)   16 :  0.751 0.018 0.183 0.009 0.003 0.007 0.013 0.016 
228 NewBritai7   (58)   16 :  0.916 0.061 0.006 0.005 0.001 0.005 0.001 0.005 
229 NewBritai8   (49)   16 :  0.668 0.005 0.305 0.005 0.007 0.002 0.006 0.002 
230 NewGuine17   (56)   17 :  0.990 0.001 0.001 0.001 0.002 0.002 0.001 0.001 
231 NewGuinea1   (56)   17 :  0.994 0.001 0.001 0.001 0.001 0.001 0.001 0.001 
232 NewGuinea8   (54)   17 :  0.983 0.001 0.001 0.001 0.010 0.001 0.001 0.001 
233 Normanby08   (57)   18 :  0.980 0.007 0.002 0.002 0.001 0.003 0.002 0.002 
234 Rakiura_01    (3)   19 :  0.002 0.008 0.011 0.635 0.003 0.005 0.004 0.332 
235 Rakiura_02    (1)   19 :  0.001 0.009 0.003 0.642 0.001 0.003 0.002 0.340 
236 Rakiura_03    (4)   19 :  0.001 0.034 0.005 0.574 0.001 0.013 0.020 0.352 
237 Rakiura_04    (1)   19 :  0.001 0.003 0.003 0.695 0.001 0.003 0.002 0.293 
238 Rakiura_05    (2)   19 :  0.000 0.002 0.002 0.597 0.001 0.004 0.002 0.391 
239 Rakiura_06    (2)   19 :  0.001 0.013 0.020 0.710 0.001 0.006 0.002 0.246 
240 Rakiura_07    (2)   19 :  0.001 0.002 0.005 0.664 0.004 0.003 0.006 0.315 
241 Rakiura_08    (2)   19 :  0.001 0.002 0.014 0.674 0.001 0.005 0.010 0.294 
242 Rakiura_09    (3)   19 :  0.003 0.086 0.084 0.495 0.001 0.029 0.027 0.275 
243 Rakiura_10    (1)   19 :  0.001 0.007 0.007 0.689 0.001 0.017 0.002 0.276 
244 Rakiura_11    (2)   19 :  0.001 0.016 0.010 0.580 0.006 0.014 0.005 0.368 
245 Rakiura_12    (2)   19 :  0.001 0.018 0.003 0.486 0.001 0.010 0.002 0.480 
246 Rakiura_13    (3)   19 :  0.005 0.004 0.019 0.485 0.015 0.004 0.003 0.465 
247 Rakiura_14    (2)   19 :  0.001 0.008 0.033 0.491 0.001 0.038 0.003 0.426 
248 Rakiura_15    (2)   19 :  0.001 0.006 0.059 0.656 0.003 0.015 0.008 0.253 
249 Rakiura_16    (3)   19 :  0.001 0.024 0.001 0.591 0.003 0.012 0.007 0.362 
250 Rakiura_17    (4)   19 :  0.006 0.037 0.282 0.207 0.001 0.015 0.003 0.449 
251 Rakiura_18    (2)   19 :  0.001 0.025 0.016 0.572 0.001 0.026 0.012 0.347 
252 Rakiura_19    (4)   19 :  0.002 0.009 0.035 0.431 0.040 0.040 0.017 0.426 
253 Rakiura_20    (2)   19 :  0.002 0.003 0.013 0.433 0.002 0.004 0.007 0.536 
254 Rakiura_21    (2)   19 :  0.003 0.007 0.015 0.536 0.001 0.061 0.002 0.375 
255 Reiono_001    (3)   20 :  0.001 0.004 0.004 0.002 0.001 0.544 0.420 0.024 
256 Reiono_002    (3)   20 :  0.001 0.004 0.009 0.006 0.001 0.524 0.368 0.088 
257 Reiono_003    (4)   20 :  0.001 0.011 0.007 0.004 0.001 0.756 0.205 0.016 
258 Reiono_004    (4)   20 :  0.002 0.006 0.022 0.006 0.001 0.636 0.320 0.007 
259 Reiono_005    (1)   20 :  0.001 0.006 0.006 0.014 0.020 0.564 0.374 0.016 
260 Reiono_006    (1)   20 :  0.001 0.005 0.015 0.049 0.001 0.680 0.171 0.078 
261 Reiono_007    (6)   20 :  0.065 0.026 0.037 0.012 0.002 0.545 0.268 0.044 
262 Reiono_008    (2)   20 :  0.001 0.002 0.014 0.005 0.002 0.557 0.400 0.020 
263 Reiono_009    (1)   20 :  0.001 0.009 0.004 0.003 0.002 0.672 0.298 0.010 
264 Reiono_010    (6)   20 :  0.004 0.015 0.054 0.008 0.001 0.448 0.430 0.040 
265 Reiono_011    (1)   20 :  0.000 0.003 0.003 0.002 0.001 0.650 0.323 0.019 
266 Reiono_012    (1)   20 :  0.001 0.007 0.002 0.005 0.002 0.644 0.315 0.024 
267 Reiono_013    (2)   20 :  0.000 0.005 0.007 0.012 0.001 0.632 0.308 0.035 
268 Reiono_014    (4)   20 :  0.001 0.028 0.009 0.004 0.001 0.727 0.221 0.010 
269 Reiono_015    (4)   20 :  0.001 0.027 0.009 0.004 0.001 0.452 0.343 0.162 
270 Reiono_016    (2)   20 :  0.000 0.010 0.006 0.004 0.001 0.512 0.306 0.159 
271 Reiono_017    (3)   20 :  0.001 0.004 0.010 0.011 0.001 0.700 0.228 0.045 
272 Reiono_018    (5)   20 :  0.001 0.003 0.079 0.010 0.005 0.537 0.356 0.009 
273 Reiono_019    (3)   20 :  0.001 0.020 0.003 0.010 0.001 0.663 0.253 0.050 
274 Reiono_020    (2)   20 :  0.005 0.003 0.002 0.021 0.006 0.548 0.404 0.011 
275 Reiono_021    (2)   20 :  0.001 0.003 0.005 0.003 0.007 0.605 0.359 0.016 
276 Rimatuu_01    (2)   21 :  0.001 0.040 0.001 0.014 0.001 0.671 0.234 0.038 
277 Rimatuu_02    (3)   21 :  0.001 0.014 0.002 0.018 0.001 0.492 0.021 0.452 
278 Rimatuu_03    (2)   21 :  0.003 0.019 0.001 0.051 0.001 0.548 0.015 0.362 
279 Rimatuu_04    (1)   21 :  0.003 0.043 0.004 0.005 0.001 0.545 0.114 0.285 
280 Rimatuu_05    (2)   21 :  0.001 0.007 0.002 0.003 0.001 0.554 0.054 0.379 
281 Rimatuu_06    (2)   21 :  0.001 0.048 0.002 0.056 0.001 0.383 0.020 0.489 
282 Rimatuu_07    (3)   21 :  0.001 0.004 0.001 0.006 0.001 0.448 0.088 0.452 
283 Rimatuu_08    (3)   21 :  0.000 0.010 0.001 0.024 0.001 0.493 0.020 0.450 
284 Rimatuu_09    (2)   21 :  0.001 0.014 0.004 0.011 0.001 0.695 0.122 0.151 
285 Rimatuu_10    (1)   21 :  0.001 0.012 0.001 0.004 0.001 0.494 0.019 0.468 
286 Rimatuu_11    (1)   21 :  0.003 0.018 0.011 0.015 0.009 0.657 0.068 0.219 
287 Rimatuu_12    (2)   21 :  0.001 0.030 0.002 0.016 0.001 0.582 0.036 0.333 
288 Rimatuu_13    (1)   21 :  0.001 0.032 0.002 0.153 0.001 0.474 0.081 0.256 
289 Rimatuu_14    (1)   21 :  0.001 0.003 0.001 0.028 0.001 0.499 0.065 0.403 
290 Rimatuu_15    (1)   21 :  0.001 0.138 0.002 0.013 0.001 0.624 0.129 0.093 
291 Rimatuu_16    (2)   21 :  0.000 0.003 0.001 0.033 0.001 0.611 0.076 0.275 
292 Rimatuu_17    (3)   21 :  0.001 0.009 0.002 0.010 0.001 0.534 0.008 0.436 
293 Rimatuu_18    (3)   21 :  0.001 0.010 0.002 0.008 0.001 0.694 0.027 0.257 
294 Rimatuu_19    (3)   21 :  0.001 0.005 0.010 0.006 0.001 0.631 0.305 0.041 
295 Rimatuu_20    (3)   21 :  0.001 0.003 0.002 0.014 0.001 0.524 0.399 0.056 
296 Rimatuu_21    (4)   21 :  0.001 0.008 0.001 0.007 0.001 0.552 0.078 0.352 
297 Slipper_01    (3)   22 :  0.001 0.002 0.003 0.003 0.011 0.003 0.001 0.976 
298 Slipper_02    (2)   22 :  0.001 0.003 0.002 0.001 0.001 0.002 0.002 0.988 
299 Slipper_03    (3)   22 :  0.001 0.002 0.001 0.002 0.001 0.001 0.001 0.992 
300 Slipper_04    (2)   22 :  0.001 0.021 0.006 0.005 0.001 0.011 0.004 0.950 
301 Slipper_05    (1)   22 :  0.001 0.002 0.002 0.010 0.001 0.010 0.001 0.973 
302 Slipper_06    (2)   22 :  0.001 0.006 0.004 0.011 0.002 0.004 0.005 0.968 
303 Slipper_07    (1)   22 :  0.001 0.003 0.004 0.007 0.008 0.082 0.015 0.880 
304 Slipper_08    (2)   22 :  0.001 0.003 0.003 0.003 0.001 0.002 0.002 0.985 
305 Slipper_09    (3)   22 :  0.001 0.002 0.002 0.004 0.001 0.003 0.001 0.986 
306 Slipper_10    (3)   22 :  0.001 0.009 0.003 0.004 0.001 0.004 0.004 0.975 
307 Slipper_11    (2)   22 :  0.004 0.001 0.003 0.001 0.017 0.002 0.002 0.969 
308 Slipper_12    (2)   22 :  0.005 0.004 0.004 0.002 0.001 0.002 0.002 0.980 
309 Slipper_13    (1)   22 :  0.001 0.005 0.005 0.006 0.001 0.017 0.002 0.964 
310 Slipper_14    (3)   22 :  0.001 0.002 0.006 0.012 0.001 0.002 0.004 0.972 
311 Slipper_15    (2)   22 :  0.001 0.001 0.083 0.007 0.002 0.005 0.004 0.898 
312 Slipper_16    (3)   22 :  0.001 0.001 0.005 0.004 0.002 0.004 0.007 0.976 
313 Slipper_17    (2)   22 :  0.000 0.008 0.001 0.005 0.001 0.013 0.004 0.968 
314 Slipper_18    (0)   22 :  0.001 0.003 0.004 0.005 0.002 0.007 0.005 0.973 
315 Slipper_19    (3)   22 :  0.003 0.001 0.004 0.024 0.005 0.013 0.002 0.948 
316 Slipper_20    (3)   22 :  0.000 0.002 0.002 0.006 0.001 0.009 0.004 0.975 
317 Slipper_21    (2)   22 :  0.001 0.006 0.046 0.026 0.002 0.022 0.006 0.890 
318 Sulawesi_1   (17)   23 :  0.656 0.074 0.009 0.005 0.221 0.013 0.013 0.009 
319 Sulawesi_2    (9)   23 :  0.739 0.003 0.003 0.003 0.243 0.002 0.003 0.002 
320 Sulawesi_3   (18)   23 :  0.842 0.012 0.004 0.009 0.069 0.015 0.012 0.038 
321 Sulawesi_4   (14)   23 :  0.789 0.008 0.026 0.006 0.148 0.006 0.012 0.006 
322 Sulawesi_5    (7)   23 :  0.630 0.005 0.027 0.012 0.297 0.016 0.005 0.008 
323 Sulawesi_6   (22)   23 :  0.812 0.005 0.006 0.032 0.007 0.061 0.004 0.072 
324 Sulawesi_7   (10)   23 :  0.633 0.013 0.008 0.006 0.310 0.005 0.010 0.015 
325 Sulawesi_8   (22)   23 :  0.652 0.001 0.003 0.001 0.338 0.001 0.002 0.001 
326 Sulawesi_9    (9)   23 :  0.662 0.009 0.006 0.002 0.307 0.004 0.007 0.003 
327 Sulawesi10    (9)   23 :  0.598 0.011 0.006 0.009 0.350 0.010 0.010 0.005 
328 Sulawesi11   (16)   23 :  0.611 0.048 0.004 0.075 0.177 0.042 0.010 0.033 
329 Sulawesi12   (20)   23 :  0.759 0.003 0.003 0.002 0.219 0.007 0.005 0.004 
330 Sulawesi13   (18)   23 :  0.873 0.006 0.011 0.005 0.089 0.004 0.003 0.009 
331 Sulawesi14   (27)   23 :  0.843 0.002 0.018 0.006 0.083 0.019 0.010 0.018 
332 Sulawesi15   (23)   23 :  0.751 0.021 0.017 0.004 0.120 0.042 0.007 0.038 
333 Sulawesi16   (24)   23 :  0.663 0.006 0.008 0.025 0.239 0.004 0.033 0.022 
334 Sulawesi17   (10)   23 :  0.495 0.015 0.015 0.003 0.423 0.007 0.015 0.026 
335 Sulawesi18   (20)   23 :  0.901 0.003 0.015 0.004 0.049 0.013 0.003 0.012 
336 Sulawesi19   (18)   23 :  0.700 0.003 0.003 0.002 0.276 0.006 0.007 0.002 
337 Sulawesi20   (22)   23 :  0.857 0.108 0.003 0.003 0.006 0.012 0.004 0.005 
338 Sulawesi21   (12)   23 :  0.631 0.004 0.005 0.002 0.352 0.003 0.002 0.002 
339 Sulawesi22   (35)   23 :  0.956 0.010 0.006 0.004 0.009 0.002 0.008 0.005 
340 Tahanea_01   (10)   24 :  0.000 0.996 0.000 0.001 0.000 0.001 0.001 0.001 
341 Tahanea_02    (2)   24 :  0.001 0.991 0.001 0.001 0.001 0.001 0.001 0.003 
342 Tahanea_03    (9)   24 :  0.110 0.883 0.001 0.001 0.002 0.001 0.001 0.001 
343 Tahanea_04    (3)   24 :  0.000 0.996 0.001 0.001 0.000 0.001 0.001 0.001 
344 Tahanea_05    (2)   24 :  0.000 0.996 0.001 0.001 0.000 0.001 0.001 0.001 
345 Tahanea_06    (2)   24 :  0.000 0.995 0.001 0.001 0.000 0.001 0.001 0.001 
346 Tahanea_07    (3)   24 :  0.001 0.971 0.001 0.002 0.001 0.011 0.002 0.010 
347 Tahanea_08   (15)   24 :  0.000 0.995 0.001 0.001 0.001 0.001 0.001 0.001 
348 Tahanea_09    (3)   24 :  0.001 0.994 0.001 0.001 0.000 0.001 0.001 0.001 
349 Tahanea_10    (2)   24 :  0.001 0.994 0.001 0.001 0.000 0.001 0.001 0.001 
350 Tahanea_11    (5)   24 :  0.107 0.886 0.001 0.001 0.001 0.002 0.001 0.001 
351 Tahanea_12    (3)   24 :  0.001 0.987 0.001 0.003 0.001 0.002 0.004 0.002 
352 Tahanea_13    (2)   24 :  0.016 0.973 0.001 0.001 0.001 0.003 0.002 0.002 
353 Tahanea_14    (2)   24 :  0.007 0.986 0.003 0.001 0.001 0.001 0.001 0.001 
354 Tahanea_15    (2)   24 :  0.001 0.980 0.001 0.006 0.001 0.004 0.007 0.001 
355 Tahanea_16    (9)   24 :  0.001 0.990 0.003 0.001 0.000 0.001 0.001 0.003 
356 Tahanea_17    (2)   24 :  0.000 0.995 0.001 0.001 0.000 0.001 0.001 0.001 
357 Tahanea_18    (6)   24 :  0.030 0.961 0.001 0.002 0.001 0.002 0.001 0.004 
358 Tahanea_19    (3)   24 :  0.002 0.993 0.001 0.001 0.000 0.001 0.001 0.001 
359 Tahanea_20    (0)   24 :  0.000 0.996 0.001 0.001 0.000 0.001 0.001 0.001 
360 Wake_Is_01    (1)   25 :  0.001 0.002 0.982 0.003 0.001 0.003 0.002 0.007 
361 Wake_Is_02    (4)   25 :  0.005 0.008 0.976 0.004 0.001 0.004 0.001 0.002 
362 Wake_Is_03    (2)   25 :  0.000 0.001 0.993 0.001 0.001 0.001 0.001 0.001 
363 Wake_Is_04    (2)   25 :  0.002 0.001 0.979 0.002 0.007 0.002 0.002 0.006 
364 Wake_Is_05    (1)   25 :  0.001 0.001 0.989 0.003 0.001 0.001 0.002 0.002 
365 Wake_Is_06    (0)   25 :  0.001 0.006 0.975 0.007 0.002 0.006 0.001 0.002 
366 Wake_Is_07    (2)   25 :  0.001 0.002 0.991 0.002 0.001 0.001 0.001 0.002 
367 Wake_Is_08    (2)   25 :  0.001 0.003 0.988 0.001 0.002 0.001 0.003 0.001 
368 Wake_Is_09    (2)   25 :  0.001 0.001 0.992 0.002 0.001 0.001 0.001 0.001 
369 Wake_Is_10    (2)   25 :  0.001 0.001 0.991 0.002 0.001 0.001 0.001 0.002 
370 Wake_Is_11    (1)   25 :  0.001 0.002 0.990 0.001 0.001 0.001 0.001 0.003 
371 Wake_Is_12    (2)   25 :  0.001 0.003 0.976 0.003 0.001 0.004 0.001 0.011 
372 Wake_Is_13    (4)   25 :  0.000 0.002 0.985 0.002 0.001 0.002 0.002 0.006 
373 Wake_Is_14    (2)   25 :  0.001 0.001 0.989 0.002 0.001 0.003 0.001 0.003 
374 Wake_Is_15    (2)   25 :  0.011 0.002 0.981 0.001 0.001 0.002 0.001 0.002 
375 Wake_Is_16    (5)   25 :  0.162 0.002 0.830 0.002 0.001 0.001 0.001 0.002 
376 Wake_Is_17    (1)   25 :  0.001 0.002 0.991 0.002 0.001 0.001 0.001 0.001 
377 Wake_Is_18    (1)   25 :  0.000 0.004 0.983 0.004 0.001 0.002 0.003 0.003 
378 Wake_Is_19    (2)   25 :  0.001 0.002 0.987 0.002 0.001 0.002 0.003 0.002 
379 Wake_Is_20    (1)   25 :  0.001 0.001 0.990 0.001 0.003 0.002 0.001 0.002 


Estimated Allele Frequencies in each cluster
First column gives estimated ancestral frequencies


Locus 1 : X299_CHR1_1146 
2 alleles
15.3% missing data
   3   (0.789) 0.704 0.999 0.997 0.953 0.998 0.979 0.958 0.998 
   2   (0.211) 0.296 0.001 0.003 0.047 0.002 0.021 0.042 0.002 

Locus 2 : X13_CHR1_11661 
2 alleles
6.6% missing data
   3   (0.618) 0.871 0.004 0.697 0.994 0.997 0.354 0.002 0.880 
   4   (0.382) 0.129 0.996 0.303 0.006 0.003 0.646 0.998 0.120 

Locus 3 : X14_CHR1_12485 
2 alleles
8.7% missing data
   4   (0.449) 0.201 0.004 0.941 0.962 0.003 0.878 0.003 0.995 
   3   (0.551) 0.799 0.996 0.059 0.038 0.997 0.122 0.997 0.005 

Locus 4 : X15_CHR1_13486 
2 alleles
3.2% missing data
   2   (0.912) 0.805 1.000 0.999 0.996 0.999 1.000 1.000 1.000 
   1   (0.088) 0.195 0.000 0.001 0.004 0.001 0.000 0.000 0.000 

Locus 5 : X16_CHR1_13731 
2 alleles
5.8% missing data
   1   (0.483) 0.033 0.996 0.851 0.992 0.003 0.807 0.213 0.996 
   3   (0.517) 0.967 0.004 0.149 0.008 0.997 0.193 0.787 0.004 

Locus 6 : X18_CHR1_18597 
2 alleles
14.8% missing data
   2   (0.930) 0.930 1.000 0.999 1.000 0.999 1.000 1.000 1.000 
   4   (0.070) 0.070 0.000 0.001 0.000 0.001 0.000 0.000 0.000 

Locus 7 : X19_CHR1_19270 
2 alleles
1.1% missing data
   4   (0.918) 0.882 0.999 0.997 0.999 0.999 1.000 1.000 1.000 
   3   (0.082) 0.118 0.001 0.003 0.001 0.001 0.000 0.000 0.000 

Locus 8 : X20_CHR1_19838 
2 alleles
5.8% missing data
   3   (0.872) 0.898 0.999 0.982 0.997 0.999 0.999 0.999 0.994 
   1   (0.128) 0.102 0.001 0.018 0.003 0.001 0.001 0.001 0.006 

Locus 9 : X21_CHR1_20196 
2 alleles
3.7% missing data
   1   (0.443) 0.504 0.320 0.952 0.350 0.134 0.590 0.009 0.002 
   3   (0.557) 0.496 0.680 0.048 0.650 0.866 0.410 0.991 0.998 

Locus 10 : X22_CHR1_20954 
2 alleles
8.2% missing data
   1   (0.534) 0.432 0.003 0.437 0.582 0.993 0.967 0.098 0.914 
   3   (0.466) 0.568 0.997 0.563 0.418 0.007 0.033 0.902 0.086 

Locus 11 : X23_CHR1_21191 
2 alleles
12.9% missing data
   3   (0.705) 0.935 0.998 0.809 0.604 0.998 0.037 0.998 0.338 
   2   (0.295) 0.065 0.002 0.191 0.396 0.002 0.963 0.002 0.662 

Locus 12 : X262_CHR1_2123 
2 alleles
9.8% missing data
   4   (0.930) 0.919 1.000 0.999 1.000 1.000 1.000 1.000 1.000 
   1   (0.070) 0.081 0.000 0.001 0.000 0.000 0.000 0.000 0.000 

Locus 13 : X24_CHR1_21645 
2 alleles
2.9% missing data
   3   (0.934) 0.969 1.000 0.999 1.000 0.999 1.000 1.000 1.000 
   4   (0.066) 0.031 0.000 0.001 0.000 0.001 0.000 0.000 0.000 

Locus 14 : X25_CHR1_22005 
2 alleles
0.0% missing data
   4   (0.787) 0.100 0.971 0.982 0.996 0.992 0.997 0.999 0.999 
   2   (0.213) 0.900 0.029 0.018 0.004 0.008 0.003 0.001 0.001 

Locus 15 : X26_CHR1_23112 
2 alleles
5.3% missing data
   4   (0.887) 0.869 0.999 0.998 0.999 0.999 0.999 1.000 0.983 
   1   (0.113) 0.131 0.001 0.002 0.001 0.001 0.001 0.000 0.017 

Locus 16 : X27_CHR1_25562 
2 alleles
6.3% missing data
   1   (0.890) 0.313 0.999 0.999 0.999 0.997 0.999 1.000 1.000 
   3   (0.110) 0.687 0.001 0.001 0.001 0.003 0.001 0.000 0.000 

Locus 17 : X300_CHR1_2620 
2 alleles
7.9% missing data
   1   (0.806) 0.855 0.999 0.921 0.997 0.998 0.967 0.980 0.999 
   2   (0.194) 0.145 0.001 0.079 0.003 0.002 0.033 0.020 0.001 

Locus 18 : X301_CHR1_2620 
2 alleles
24.8% missing data
   4   (0.775) 0.643 0.998 0.668 0.991 0.997 0.901 0.999 0.998 
   2   (0.225) 0.357 0.002 0.332 0.009 0.003 0.099 0.001 0.002 

Locus 19 : X28_CHR1_26550 
2 alleles
2.9% missing data
   3   (0.904) 0.961 0.999 0.999 0.999 0.999 0.995 0.997 0.999 
   1   (0.096) 0.039 0.001 0.001 0.001 0.001 0.005 0.003 0.001 

Locus 20 : X29_CHR1_28123 
2 alleles
10.6% missing data
   1   (0.849) 0.460 0.999 0.998 0.999 0.186 0.999 0.999 0.999 
   3   (0.151) 0.540 0.001 0.002 0.001 0.814 0.001 0.001 0.001 

Locus 21 : X260_CHR1_3236 
2 alleles
0.3% missing data
   4   (0.710) 0.757 0.970 0.789 0.994 0.934 0.989 0.974 0.971 
   2   (0.290) 0.243 0.030 0.211 0.006 0.066 0.011 0.026 0.029 

Locus 22 : X2_CHR1_348682 
2 alleles
7.1% missing data
   1   (0.736) 0.384 0.998 0.515 0.998 0.005 0.997 0.998 0.998 
   3   (0.264) 0.616 0.002 0.485 0.002 0.995 0.003 0.002 0.002 

Locus 23 : X3_CHR1_537201 
2 alleles
4.2% missing data
   4   (0.885) 0.874 0.999 0.999 0.999 0.255 0.999 0.999 1.000 
   2   (0.115) 0.126 0.001 0.001 0.001 0.745 0.001 0.001 0.000 

Locus 24 : X296_CHR1_5774 
2 alleles
45.4% missing data
   3   (0.604) 0.838 0.694 0.705 0.810 0.800 0.800 0.675 0.750 
   2   (0.396) 0.162 0.306 0.295 0.190 0.200 0.200 0.325 0.250 

Locus 25 : X4_CHR1_578156 
2 alleles
17.4% missing data
   4   (0.524) 0.399 0.496 0.841 0.542 0.918 0.527 0.887 0.588 
   3   (0.476) 0.601 0.504 0.159 0.458 0.082 0.473 0.113 0.412 

Locus 26 : X5_CHR1_657423 
2 alleles
9.2% missing data
   4   (0.933) 0.956 1.000 0.999 1.000 1.000 1.000 1.000 1.000 
   2   (0.067) 0.044 0.000 0.001 0.000 0.000 0.000 0.000 0.000 

Locus 27 : X6_CHR1_723638 
2 alleles
11.9% missing data
   3   (0.935) 0.974 1.000 0.999 1.000 0.999 1.000 1.000 1.000 
   1   (0.065) 0.026 0.000 0.001 0.000 0.001 0.000 0.000 0.000 

Locus 28 : X7_CHR1_801358 
2 alleles
7.7% missing data
   2   (0.745) 0.046 0.998 0.997 0.998 0.005 0.999 0.999 0.999 
   4   (0.255) 0.954 0.002 0.003 0.002 0.995 0.001 0.001 0.001 

Locus 29 : X297_CHR1_8053 
2 alleles
19.8% missing data
   4   (0.860) 0.908 0.997 0.998 0.999 0.958 0.999 0.999 0.985 
   1   (0.140) 0.092 0.003 0.002 0.001 0.042 0.001 0.001 0.015 

Locus 30 : X298_CHR1_8257 
2 alleles
6.1% missing data
