

----------------------------------------------------
STRUCTURE by Pritchard, Stephens and Donnelly (2000)
     and Falush, Stephens and Pritchard (2003)
       Code by Pritchard, Falush and Hubisz
             Version 2.3.4 (Jul 2012)
----------------------------------------------------



Command line arguments:   bin\structure -m C:\Users\airhe\OneDrive\Documents\Masters\Project 3\kiore-project\results\ratsSNPs_struc_preHWE\as_pdf\mainparams -e C:\Users\airhe\OneDrive\Documents\Masters\Project 3\kiore-project\results\ratsSNPs_struc_preHWE\as_pdf\extraparams 
Input File:    C:\Users\airhe\OneDrive\Documents\Masters\Project 3\kiore-project\results\ratsSNPs_struc_preHWE\project_data

Run parameters:
   379 individuals
   282 loci
   6 populations assumed
   5000 Burn-in period
   50000 Reps


--------------------------------------------
Proportion of membership of each pre-defined
 population in each of the 6 clusters

Given    Inferred Clusters                            Number of
 Pop       1      2      3      4      5      6      Individuals

  1:     0.002  0.003  0.025  0.020  0.010  0.940       10
  2:     0.822  0.036  0.019  0.024  0.044  0.055       18
  3:     0.046  0.001  0.103  0.003  0.003  0.844        1
  4:     0.028  0.001  0.033  0.106  0.003  0.828        1
  5:     0.909  0.047  0.014  0.008  0.007  0.014       12
  6:     0.002  0.001  0.939  0.004  0.010  0.043       21
  7:     0.002  0.000  0.001  0.995  0.001  0.001       20
  8:     0.004  0.001  0.017  0.027  0.008  0.943       20
  9:     0.049  0.001  0.936  0.004  0.002  0.008       21
 10:     0.224  0.772  0.001  0.001  0.001  0.001       21
 11:     0.103  0.032  0.814  0.020  0.008  0.023       21
 12:     0.823  0.172  0.001  0.002  0.001  0.001        6
 13:     0.959  0.019  0.005  0.003  0.007  0.008       12
 14:     0.001  0.001  0.966  0.016  0.009  0.007       14
 15:     0.001  0.001  0.003  0.002  0.002  0.992       21
 16:     0.849  0.010  0.072  0.014  0.021  0.033       10
 17:     0.993  0.003  0.001  0.001  0.001  0.001        3
 18:     0.986  0.001  0.002  0.002  0.007  0.002        1
 19:     0.005  0.005  0.042  0.011  0.022  0.915       21
 20:     0.004  0.002  0.702  0.235  0.012  0.047       21
 21:     0.002  0.001  0.216  0.151  0.032  0.598       21
 22:     0.001  0.003  0.006  0.002  0.004  0.984       21
 23:     0.748  0.195  0.015  0.009  0.017  0.017       22
 24:     0.014  0.001  0.002  0.001  0.980  0.002       20
 25:     0.027  0.006  0.957  0.002  0.003  0.005       20
--------------------------------------------

Allele-freq. divergence among pops (Net nucleotide distance),
computed using point estimates of P.

      1       2       3       4       5       6      
 1      -    0.1232  0.1198  0.1561  0.1690  0.1457  
 2   0.1232     -    0.1251  0.1611  0.1846  0.1481  
 3   0.1198  0.1251     -    0.0657  0.0690  0.0212  
 4   0.1561  0.1611  0.0657     -    0.1081  0.0706  
 5   0.1690  0.1846  0.0690  0.1081     -    0.0700  
 6   0.1457  0.1481  0.0212  0.0706  0.0700     -    

Average distances (expected heterozygosity) between individuals in same cluster:
cluster  1  : 0.2799 
cluster  2  : 0.0610 
cluster  3  : 0.1391 
cluster  4  : 0.0499 
cluster  5  : 0.0467 
cluster  6  : 0.1109 

--------------------------------------------
Estimated Ln Prob of Data   = -43518.1
Mean value of ln likelihood = -42846.7
Variance of ln likelihood   = 1342.8
Mean value of alpha         = 0.0412

Mean value of Fst_1         = 0.1907
Mean value of Fst_2         = 0.7935
Mean value of Fst_3         = 0.5470
Mean value of Fst_4         = 0.8220
Mean value of Fst_5         = 0.8141
Mean value of Fst_6         = 0.6361


Inferred ancestry of individuals:
        Label (%Miss) Pop:  Inferred clusters
  1 Aotea__001    (1)    1 :  0.002 0.009 0.032 0.024 0.003 0.932 
  2 Aotea__002    (2)    1 :  0.001 0.004 0.054 0.031 0.001 0.908 
  3 Aotea__003    (1)    1 :  0.001 0.002 0.042 0.004 0.017 0.933 
  4 Aotea__004    (2)    1 :  0.001 0.001 0.005 0.003 0.002 0.988 
  5 Aotea__005    (4)    1 :  0.001 0.004 0.021 0.029 0.005 0.939 
  6 Aotea__006    (3)    1 :  0.001 0.001 0.031 0.002 0.004 0.961 
  7 Aotea__007    (4)    1 :  0.001 0.002 0.022 0.008 0.006 0.960 
  8 Aotea__008    (3)    1 :  0.014 0.005 0.013 0.060 0.051 0.856 
  9 Aotea__009    (3)    1 :  0.001 0.001 0.007 0.004 0.003 0.984 
 10 Aotea__010    (2)    1 :  0.001 0.002 0.025 0.029 0.004 0.939 
 11 Borneo_002   (57)    2 :  0.979 0.001 0.006 0.002 0.003 0.010 
 12 Borneo_003   (45)    2 :  0.940 0.002 0.023 0.002 0.002 0.032 
 13 Borneo_004   (35)    2 :  0.865 0.002 0.026 0.027 0.056 0.024 
 14 Borneo_005   (52)    2 :  0.967 0.001 0.005 0.003 0.004 0.019 
 15 Borneo_006   (56)    2 :  0.993 0.001 0.002 0.002 0.001 0.001 
 16 Borneo_008   (45)    2 :  0.723 0.010 0.037 0.024 0.100 0.106 
 17 Borneo_012   (33)    2 :  0.755 0.004 0.021 0.002 0.004 0.213 
 18 Borneo_013   (13)    2 :  0.442 0.303 0.030 0.010 0.011 0.204 
 19 Borneo_014   (55)    2 :  0.994 0.001 0.001 0.002 0.002 0.001 
 20 Borneo_015   (36)    2 :  0.739 0.002 0.023 0.002 0.178 0.057 
 21 Borneo_016   (47)    2 :  0.761 0.004 0.014 0.008 0.177 0.035 
 22 Borneo_017   (56)    2 :  0.862 0.057 0.025 0.024 0.010 0.023 
 23 Borneo_019   (23)    2 :  0.726 0.010 0.040 0.175 0.022 0.026 
 24 Borneo_020   (37)    2 :  0.754 0.005 0.023 0.002 0.007 0.209 
 25 Borneo_021   (35)    2 :  0.784 0.004 0.015 0.001 0.190 0.006 
 26 Borneo_022   (26)    2 :  0.868 0.014 0.007 0.089 0.014 0.008 
 27 Borneo_023   (24)    2 :  0.924 0.024 0.017 0.016 0.006 0.012 
 28 Borneo_024   (21)    2 :  0.712 0.195 0.033 0.039 0.008 0.013 
 29 Southland1    (0)    3 :  0.046 0.001 0.103 0.003 0.003 0.844 
 30 GrtMercury    (0)    4 :  0.028 0.001 0.033 0.106 0.003 0.828 
 31 Halmaher10   (48)    5 :  0.988 0.001 0.004 0.002 0.003 0.002 
 32 Halmaher11   (50)    5 :  0.994 0.001 0.001 0.001 0.001 0.001 
 33 Halmaher19   (50)    5 :  0.994 0.002 0.001 0.001 0.001 0.001 
 34 Halmaher23   (49)    5 :  0.916 0.005 0.028 0.028 0.015 0.008 
 35 Halmaher24   (18)    5 :  0.645 0.104 0.075 0.002 0.047 0.128 
 36 Halmahera1   (21)    5 :  0.920 0.024 0.029 0.008 0.010 0.010 
 37 Halmahera2   (33)    5 :  0.947 0.005 0.011 0.030 0.001 0.005 
 38 Halmahera3   (24)    5 :  0.970 0.005 0.009 0.006 0.002 0.007 
 39 Halmahera6   (40)    5 :  0.953 0.039 0.002 0.002 0.003 0.002 
 40 Halmahera7   (57)    5 :  0.992 0.002 0.003 0.001 0.001 0.002 
 41 Halmahera8   (41)    5 :  0.852 0.130 0.004 0.009 0.002 0.003 
 42 Halmahera9   (36)    5 :  0.741 0.249 0.002 0.003 0.002 0.002 
 43 Hatutaa_01    (6)    6 :  0.015 0.001 0.930 0.015 0.034 0.004 
 44 Hatutaa_02    (2)    6 :  0.001 0.001 0.864 0.004 0.020 0.110 
 45 Hatutaa_03    (1)    6 :  0.001 0.001 0.911 0.002 0.011 0.074 
 46 Hatutaa_04    (3)    6 :  0.002 0.001 0.933 0.004 0.026 0.035 
 47 Hatutaa_05    (3)    6 :  0.013 0.001 0.953 0.011 0.005 0.018 
 48 Hatutaa_06    (1)    6 :  0.000 0.001 0.926 0.001 0.002 0.069 
 49 Hatutaa_07    (1)    6 :  0.001 0.001 0.942 0.004 0.008 0.045 
 50 Hatutaa_08    (7)    6 :  0.001 0.001 0.987 0.003 0.003 0.006 
 51 Hatutaa_09    (2)    6 :  0.001 0.001 0.980 0.002 0.004 0.013 
 52 Hatutaa_10    (2)    6 :  0.001 0.003 0.969 0.008 0.003 0.016 
 53 Hatutaa_11    (3)    6 :  0.001 0.001 0.942 0.005 0.004 0.047 
 54 Hatutaa_12    (1)    6 :  0.001 0.001 0.940 0.002 0.020 0.036 
 55 Hatutaa_13    (1)    6 :  0.001 0.001 0.990 0.002 0.003 0.004 
 56 Hatutaa_14    (2)    6 :  0.001 0.001 0.922 0.002 0.029 0.045 
 57 Hatutaa_15    (1)    6 :  0.001 0.001 0.948 0.004 0.005 0.041 
 58 Hatutaa_16    (5)    6 :  0.001 0.001 0.793 0.003 0.004 0.198 
 59 Hatutaa_17    (2)    6 :  0.001 0.001 0.930 0.004 0.003 0.061 
 60 Hatutaa_18    (1)    6 :  0.001 0.001 0.967 0.001 0.005 0.026 
 61 Hatutaa_19    (1)    6 :  0.001 0.001 0.975 0.002 0.002 0.019 
 62 Hatutaa_20    (2)    6 :  0.000 0.001 0.953 0.003 0.012 0.031 
 63 Hatutaa_21    (2)    6 :  0.001 0.001 0.957 0.012 0.012 0.017 
 64 Honuea_001    (2)    7 :  0.002 0.000 0.001 0.995 0.001 0.001 
 65 Honuea_002    (3)    7 :  0.000 0.000 0.001 0.997 0.001 0.001 
 66 Honuea_003    (2)    7 :  0.000 0.001 0.001 0.996 0.001 0.001 
 67 Honuea_004    (4)    7 :  0.001 0.000 0.001 0.996 0.001 0.001 
 68 Honuea_005    (5)    7 :  0.012 0.000 0.001 0.985 0.001 0.001 
 69 Honuea_006    (5)    7 :  0.003 0.001 0.001 0.993 0.002 0.001 
 70 Honuea_007    (2)    7 :  0.001 0.000 0.001 0.995 0.002 0.001 
 71 Honuea_008    (1)    7 :  0.002 0.000 0.001 0.995 0.001 0.001 
 72 Honuea_009    (3)    7 :  0.000 0.000 0.001 0.997 0.001 0.001 
 73 Honuea_010    (3)    7 :  0.000 0.000 0.001 0.996 0.001 0.001 
 74 Honuea_011    (3)    7 :  0.000 0.000 0.001 0.997 0.001 0.001 
 75 Honuea_012    (3)    7 :  0.003 0.001 0.004 0.990 0.001 0.001 
 76 Honuea_013    (0)    7 :  0.000 0.000 0.001 0.997 0.001 0.001 
 77 Honuea_015    (3)    7 :  0.000 0.001 0.001 0.996 0.001 0.001 
 78 Honuea_016    (2)    7 :  0.000 0.000 0.001 0.997 0.001 0.001 
 79 Honuea_017    (3)    7 :  0.001 0.000 0.001 0.996 0.001 0.001 
 80 Honuea_018    (2)    7 :  0.001 0.001 0.001 0.995 0.001 0.001 
 81 Honuea_019    (2)    7 :  0.001 0.000 0.001 0.995 0.002 0.001 
 82 Honuea_020    (3)    7 :  0.001 0.000 0.001 0.995 0.002 0.001 
 83 Honuea_021    (1)    7 :  0.000 0.001 0.001 0.997 0.001 0.001 
 84 Kaikura_01    (2)    8 :  0.001 0.001 0.028 0.082 0.020 0.869 
 85 Kaikura_02    (4)    8 :  0.001 0.001 0.004 0.025 0.007 0.963 
 86 Kaikura_03    (3)    8 :  0.001 0.001 0.008 0.003 0.003 0.985 
 87 Kaikura_04    (3)    8 :  0.000 0.001 0.003 0.004 0.001 0.990 
 88 Kaikura_05   (12)    8 :  0.060 0.001 0.006 0.002 0.003 0.928 
 89 Kaikura_06    (2)    8 :  0.001 0.001 0.007 0.002 0.009 0.981 
 90 Kaikura_07    (1)    8 :  0.001 0.001 0.007 0.007 0.008 0.977 
 91 Kaikura_08    (1)    8 :  0.001 0.001 0.006 0.148 0.002 0.842 
 92 Kaikura_09    (2)    8 :  0.001 0.001 0.036 0.004 0.006 0.952 
 93 Kaikura_10    (4)    8 :  0.001 0.001 0.013 0.002 0.007 0.976 
 94 Kaikura_11    (7)    8 :  0.007 0.002 0.030 0.006 0.052 0.904 
 95 Kaikura_12    (5)    8 :  0.001 0.002 0.003 0.113 0.006 0.876 
 96 Kaikura_13    (2)    8 :  0.001 0.001 0.008 0.025 0.006 0.959 
 97 Kaikura_14    (3)    8 :  0.000 0.001 0.005 0.002 0.003 0.989 
 98 Kaikura_15    (2)    8 :  0.001 0.001 0.005 0.003 0.002 0.988 
 99 Kaikura_16    (2)    8 :  0.000 0.001 0.003 0.004 0.003 0.990 
100 Kaikura_17    (2)    8 :  0.002 0.001 0.020 0.003 0.004 0.970 
101 Kaikura_18    (2)    8 :  0.002 0.001 0.014 0.025 0.009 0.949 
102 Kaikura_19    (2)    8 :  0.001 0.003 0.131 0.007 0.003 0.855 
103 Kaikura_20    (3)    8 :  0.001 0.001 0.009 0.066 0.003 0.920 
104 Kamaka_001    (3)    9 :  0.001 0.001 0.989 0.003 0.002 0.006 
105 Kamaka_002    (2)    9 :  0.001 0.001 0.988 0.002 0.002 0.006 
106 Kamaka_003    (3)    9 :  0.001 0.001 0.971 0.012 0.003 0.013 
107 Kamaka_004    (5)    9 :  0.001 0.001 0.988 0.002 0.002 0.006 
108 Kamaka_005    (5)    9 :  0.001 0.001 0.985 0.003 0.002 0.008 
109 Kamaka_006    (2)    9 :  0.001 0.001 0.977 0.009 0.002 0.011 
110 Kamaka_007    (2)    9 :  0.002 0.001 0.987 0.003 0.002 0.005 
111 Kamaka_008    (2)    9 :  0.001 0.001 0.991 0.003 0.001 0.003 
112 Kamaka_009   (56)    9 :  0.995 0.001 0.001 0.001 0.001 0.001 
113 Kamaka_010    (2)    9 :  0.001 0.001 0.979 0.008 0.002 0.010 
114 Kamaka_011    (3)    9 :  0.006 0.001 0.977 0.005 0.003 0.008 
115 Kamaka_012    (4)    9 :  0.001 0.001 0.988 0.005 0.003 0.004 
116 Kamaka_013    (3)    9 :  0.001 0.001 0.985 0.004 0.002 0.008 
117 Kamaka_014    (1)    9 :  0.001 0.001 0.983 0.002 0.005 0.008 
118 Kamaka_015    (3)    9 :  0.005 0.001 0.981 0.003 0.001 0.009 
119 Kamaka_016    (1)    9 :  0.000 0.001 0.972 0.002 0.003 0.022 
120 Kamaka_017    (1)    9 :  0.001 0.001 0.982 0.001 0.002 0.013 
121 Kamaka_018    (2)    9 :  0.002 0.001 0.989 0.002 0.002 0.003 
122 Kamaka_019    (3)    9 :  0.001 0.001 0.984 0.004 0.003 0.008 
123 Kamaka_020    (4)    9 :  0.010 0.002 0.973 0.002 0.006 0.008 
124 Kamaka_021    (3)    9 :  0.001 0.001 0.989 0.004 0.002 0.003 
125 Kayangel01    (3)   10 :  0.001 0.997 0.001 0.001 0.001 0.001 
126 Kayangel02    (3)   10 :  0.002 0.996 0.001 0.001 0.000 0.000 
127 Kayangel03    (4)   10 :  0.002 0.996 0.000 0.000 0.000 0.000 
128 Kayangel04    (2)   10 :  0.001 0.997 0.001 0.001 0.000 0.001 
129 Kayangel05    (1)   10 :  0.001 0.997 0.001 0.001 0.000 0.000 
130 Kayangel06    (3)   10 :  0.000 0.997 0.001 0.001 0.000 0.001 
131 Kayangel07    (7)   10 :  0.000 0.998 0.000 0.000 0.000 0.000 
132 Kayangel08    (2)   10 :  0.001 0.997 0.001 0.001 0.000 0.001 
133 Kayangel09    (1)   10 :  0.001 0.997 0.000 0.000 0.001 0.000 
134 Kayangel10    (2)   10 :  0.001 0.997 0.001 0.001 0.001 0.001 
135 Kayangel11    (1)   10 :  0.657 0.340 0.001 0.001 0.001 0.001 
136 Kayangel12    (3)   10 :  0.010 0.979 0.003 0.001 0.006 0.001 
137 Kayangel13   (20)   10 :  0.761 0.236 0.001 0.001 0.001 0.001 
138 Kayangel14    (4)   10 :  0.006 0.985 0.004 0.002 0.000 0.002 
139 Kayangel15    (2)   10 :  0.653 0.344 0.001 0.001 0.001 0.001 
140 Kayangel16    (7)   10 :  0.191 0.807 0.001 0.001 0.001 0.001 
141 Kayangel17   (41)   10 :  0.993 0.001 0.001 0.003 0.001 0.001 
142 Kayangel18    (3)   10 :  0.064 0.930 0.002 0.001 0.002 0.001 
143 Kayangel19    (2)   10 :  0.663 0.333 0.001 0.001 0.001 0.001 
144 Kayangel20    (4)   10 :  0.001 0.993 0.001 0.003 0.001 0.001 
145 Kayangel21   (13)   10 :  0.706 0.289 0.001 0.001 0.002 0.001 
146 Late_Is_01    (3)   11 :  0.003 0.054 0.933 0.003 0.006 0.002 
147 Late_Is_02    (3)   11 :  0.134 0.007 0.843 0.006 0.005 0.005 
148 Late_Is_03    (9)   11 :  0.155 0.003 0.790 0.003 0.042 0.005 
149 Late_Is_04    (4)   11 :  0.062 0.006 0.906 0.012 0.004 0.010 
150 Late_Is_05    (4)   11 :  0.080 0.008 0.880 0.014 0.009 0.009 
151 Late_Is_06   (17)   11 :  0.327 0.002 0.662 0.001 0.004 0.004 
152 Late_Is_07    (2)   11 :  0.014 0.132 0.835 0.010 0.007 0.002 
153 Late_Is_08    (6)   11 :  0.106 0.015 0.851 0.014 0.009 0.005 
154 Late_Is_09    (3)   11 :  0.003 0.066 0.860 0.065 0.003 0.003 
155 Late_Is_10    (3)   11 :  0.078 0.028 0.808 0.053 0.004 0.029 
156 Late_Is_11   (21)   11 :  0.340 0.002 0.640 0.005 0.002 0.011 
157 Late_Is_12    (7)   11 :  0.133 0.001 0.848 0.007 0.003 0.007 
158 Late_Is_13    (3)   11 :  0.102 0.020 0.684 0.072 0.005 0.118 
159 Late_Is_14    (2)   11 :  0.062 0.048 0.852 0.009 0.016 0.012 
160 Late_Is_15    (4)   11 :  0.174 0.040 0.642 0.034 0.008 0.102 
161 Late_Is_16    (2)   11 :  0.004 0.014 0.973 0.002 0.003 0.003 
162 Late_Is_17    (4)   11 :  0.106 0.020 0.758 0.005 0.004 0.107 
163 Late_Is_18    (3)   11 :  0.134 0.029 0.825 0.004 0.002 0.007 
164 Late_Is_19    (4)   11 :  0.001 0.171 0.803 0.008 0.007 0.010 
165 Late_Is_20    (2)   11 :  0.022 0.002 0.928 0.016 0.003 0.029 
166 Late_Is_21    (6)   11 :  0.126 0.003 0.775 0.075 0.016 0.005 
167 Cambodia_1    (0)   12 :  0.892 0.104 0.001 0.001 0.001 0.001 
168 Laos___001    (0)   12 :  0.785 0.211 0.001 0.001 0.001 0.001 
169 Laos___002    (0)   12 :  0.921 0.073 0.001 0.003 0.001 0.001 
170 Luzon__001    (0)   12 :  0.677 0.313 0.003 0.003 0.002 0.002 
171 Thailand01    (0)   12 :  0.885 0.113 0.001 0.001 0.000 0.001 
172 Thailand02    (0)   12 :  0.777 0.220 0.001 0.001 0.001 0.001 
173 Malenge_04   (53)   13 :  0.982 0.002 0.003 0.003 0.007 0.003 
174 Malenge_11   (57)   13 :  0.956 0.002 0.010 0.007 0.011 0.013 
175 Malenge_14   (57)   13 :  0.996 0.001 0.001 0.001 0.001 0.001 
176 Malenge_15   (58)   13 :  0.986 0.002 0.003 0.003 0.003 0.003 
177 Malenge_17   (57)   13 :  0.996 0.001 0.001 0.001 0.001 0.001 
178 Malenge_18   (36)   13 :  0.912 0.015 0.004 0.002 0.037 0.030 
179 Malenge_19   (50)   13 :  0.992 0.001 0.002 0.002 0.001 0.002 
180 Malenge_20   (45)   13 :  0.988 0.002 0.002 0.003 0.003 0.002 
181 Malenge_22   (45)   13 :  0.986 0.003 0.004 0.001 0.002 0.004 
182 Malenge_23   (30)   13 :  0.988 0.005 0.002 0.003 0.001 0.001 
183 Malenge_24   (21)   13 :  0.783 0.166 0.012 0.005 0.006 0.029 
184 Malenge_25   (36)   13 :  0.944 0.027 0.014 0.002 0.005 0.008 
185 Mohotani01    (0)   14 :  0.001 0.001 0.973 0.003 0.004 0.017 
186 Mohotani02    (1)   14 :  0.001 0.001 0.941 0.006 0.037 0.014 
187 Mohotani03    (4)   14 :  0.001 0.001 0.973 0.019 0.004 0.003 
188 Mohotani04    (1)   14 :  0.003 0.001 0.852 0.128 0.005 0.011 
189 Mohotani05    (4)   14 :  0.001 0.001 0.974 0.002 0.016 0.006 
190 Mohotani06    (2)   14 :  0.001 0.001 0.974 0.008 0.013 0.004 
191 Mohotani07    (2)   14 :  0.001 0.001 0.988 0.002 0.003 0.005 
192 Mohotani08    (2)   14 :  0.001 0.001 0.979 0.007 0.004 0.009 
193 Mohotani09    (2)   14 :  0.000 0.001 0.990 0.005 0.002 0.002 
194 Mohotani10    (2)   14 :  0.001 0.001 0.973 0.013 0.004 0.008 
195 Mohotani11    (0)   14 :  0.005 0.001 0.973 0.010 0.007 0.004 
196 Mohotani12    (2)   14 :  0.001 0.001 0.980 0.012 0.005 0.002 
197 Mohotani13    (3)   14 :  0.001 0.001 0.985 0.003 0.003 0.008 
198 Mohotani14    (3)   14 :  0.001 0.001 0.970 0.010 0.014 0.005 
199 Motukawa10    (3)   15 :  0.000 0.001 0.002 0.001 0.001 0.994 
200 Motukawa11    (4)   15 :  0.000 0.000 0.002 0.001 0.001 0.995 
201 Motukawa12    (3)   15 :  0.001 0.005 0.002 0.001 0.001 0.990 
202 Motukawa13    (3)   15 :  0.001 0.002 0.005 0.007 0.001 0.985 
203 Motukawa14    (2)   15 :  0.000 0.001 0.005 0.002 0.001 0.991 
204 Motukawa15    (3)   15 :  0.001 0.001 0.002 0.002 0.002 0.993 
205 Motukawa16    (1)   15 :  0.001 0.001 0.003 0.006 0.006 0.982 
206 Motukawa17    (3)   15 :  0.001 0.000 0.002 0.002 0.001 0.994 
207 Motukawa18    (4)   15 :  0.000 0.000 0.002 0.001 0.001 0.995 
208 Motukawa19    (6)   15 :  0.000 0.001 0.002 0.002 0.001 0.994 
209 Motukawa20    (3)   15 :  0.000 0.001 0.002 0.001 0.002 0.994 
210 Motukawa21    (5)   15 :  0.000 0.000 0.002 0.002 0.001 0.995 
211 Motukawan1    (3)   15 :  0.001 0.001 0.002 0.002 0.001 0.993 
212 Motukawan2    (6)   15 :  0.001 0.001 0.002 0.002 0.002 0.993 
213 Motukawan3    (2)   15 :  0.002 0.004 0.001 0.002 0.002 0.989 
214 Motukawan4    (2)   15 :  0.001 0.001 0.004 0.002 0.001 0.992 
215 Motukawan5    (1)   15 :  0.000 0.001 0.002 0.001 0.001 0.994 
216 Motukawan6    (3)   15 :  0.000 0.001 0.002 0.002 0.002 0.993 
217 Motukawan7    (1)   15 :  0.001 0.001 0.003 0.002 0.001 0.993 
218 Motukawan8    (1)   15 :  0.001 0.001 0.003 0.001 0.002 0.993 
219 Motukawan9    (1)   15 :  0.001 0.001 0.002 0.002 0.002 0.992 
220 NewBrita14   (55)   16 :  0.931 0.001 0.021 0.033 0.007 0.007 
221 NewBrita16   (28)   16 :  0.719 0.006 0.194 0.011 0.002 0.068 
222 NewBrita23   (57)   16 :  0.925 0.002 0.032 0.002 0.022 0.016 
223 NewBrita24   (20)   16 :  0.506 0.025 0.325 0.015 0.001 0.127 
224 NewBrita25   (46)   16 :  0.977 0.005 0.011 0.002 0.002 0.004 
225 NewBritai2   (51)   16 :  0.959 0.004 0.015 0.003 0.013 0.007 
226 NewBritai3   (46)   16 :  0.853 0.004 0.017 0.036 0.049 0.041 
227 NewBritai6   (42)   16 :  0.846 0.005 0.059 0.020 0.042 0.028 
228 NewBritai7   (58)   16 :  0.935 0.001 0.006 0.001 0.052 0.004 
229 NewBritai8   (49)   16 :  0.839 0.048 0.044 0.015 0.023 0.030 
230 NewGuine17   (56)   17 :  0.993 0.002 0.001 0.001 0.002 0.001 
231 NewGuinea1   (56)   17 :  0.996 0.001 0.001 0.001 0.001 0.001 
232 NewGuinea8   (54)   17 :  0.990 0.006 0.001 0.001 0.001 0.001 
233 Normanby08   (57)   18 :  0.986 0.001 0.002 0.002 0.007 0.002 
234 Rakiura_01    (3)   19 :  0.003 0.005 0.045 0.015 0.029 0.901 
235 Rakiura_02    (1)   19 :  0.001 0.001 0.004 0.005 0.014 0.975 
236 Rakiura_03    (4)   19 :  0.001 0.001 0.013 0.027 0.060 0.899 
237 Rakiura_04    (1)   19 :  0.001 0.001 0.004 0.002 0.004 0.989 
238 Rakiura_05    (2)   19 :  0.001 0.001 0.003 0.003 0.005 0.988 
239 Rakiura_06    (2)   19 :  0.001 0.001 0.012 0.003 0.012 0.970 
240 Rakiura_07    (2)   19 :  0.002 0.005 0.007 0.013 0.002 0.971 
241 Rakiura_08    (2)   19 :  0.001 0.001 0.017 0.017 0.002 0.961 
242 Rakiura_09    (3)   19 :  0.005 0.002 0.077 0.058 0.097 0.762 
243 Rakiura_10    (1)   19 :  0.001 0.001 0.028 0.002 0.011 0.957 
244 Rakiura_11    (2)   19 :  0.001 0.011 0.034 0.007 0.018 0.929 
245 Rakiura_12    (2)   19 :  0.001 0.001 0.009 0.002 0.024 0.964 
246 Rakiura_13    (3)   19 :  0.006 0.019 0.023 0.003 0.002 0.947 
247 Rakiura_14    (2)   19 :  0.001 0.001 0.055 0.004 0.005 0.934 
248 Rakiura_15    (2)   19 :  0.001 0.003 0.174 0.014 0.008 0.799 
249 Rakiura_16    (3)   19 :  0.001 0.004 0.010 0.008 0.051 0.925 
250 Rakiura_17    (4)   19 :  0.062 0.001 0.039 0.002 0.055 0.842 
251 Rakiura_18    (2)   19 :  0.002 0.001 0.077 0.029 0.036 0.854 
252 Rakiura_19    (4)   19 :  0.001 0.035 0.188 0.010 0.010 0.756 
253 Rakiura_20    (2)   19 :  0.005 0.003 0.014 0.009 0.003 0.967 
254 Rakiura_21    (2)   19 :  0.007 0.001 0.052 0.002 0.013 0.924 
255 Reiono_001    (3)   20 :  0.001 0.001 0.620 0.364 0.003 0.012 
256 Reiono_002    (3)   20 :  0.001 0.001 0.536 0.333 0.006 0.123 
257 Reiono_003    (4)   20 :  0.001 0.001 0.916 0.065 0.006 0.013 
258 Reiono_004    (4)   20 :  0.001 0.001 0.786 0.191 0.008 0.013 
259 Reiono_005    (1)   20 :  0.001 0.007 0.648 0.304 0.005 0.035 
260 Reiono_006    (1)   20 :  0.001 0.001 0.850 0.039 0.005 0.105 
261 Reiono_007    (6)   20 :  0.055 0.002 0.786 0.115 0.021 0.022 
262 Reiono_008    (2)   20 :  0.001 0.001 0.658 0.326 0.002 0.013 
263 Reiono_009    (1)   20 :  0.001 0.002 0.843 0.138 0.009 0.008 
264 Reiono_010    (6)   20 :  0.005 0.002 0.580 0.357 0.019 0.037 
265 Reiono_011    (1)   20 :  0.000 0.001 0.726 0.259 0.004 0.011 
266 Reiono_012    (1)   20 :  0.001 0.002 0.713 0.260 0.006 0.017 
267 Reiono_013    (2)   20 :  0.000 0.001 0.746 0.232 0.003 0.017 
268 Reiono_014    (4)   20 :  0.001 0.001 0.906 0.060 0.026 0.006 
269 Reiono_015    (4)   20 :  0.001 0.001 0.635 0.301 0.025 0.038 
270 Reiono_016    (2)   20 :  0.000 0.001 0.670 0.251 0.010 0.068 
271 Reiono_017    (3)   20 :  0.001 0.001 0.883 0.079 0.005 0.031 
272 Reiono_018    (5)   20 :  0.001 0.001 0.700 0.289 0.003 0.007 
273 Reiono_019    (3)   20 :  0.001 0.001 0.361 0.229 0.068 0.341 
274 Reiono_020    (2)   20 :  0.003 0.006 0.544 0.392 0.005 0.050 
275 Reiono_021    (2)   20 :  0.001 0.002 0.631 0.341 0.006 0.019 
276 Rimatuu_01    (2)   21 :  0.001 0.002 0.063 0.251 0.099 0.584 
277 Rimatuu_02    (3)   21 :  0.001 0.002 0.066 0.108 0.024 0.799 
278 Rimatuu_03    (2)   21 :  0.005 0.002 0.271 0.018 0.021 0.683 
279 Rimatuu_04    (1)   21 :  0.007 0.001 0.182 0.199 0.084 0.527 
280 Rimatuu_05    (2)   21 :  0.003 0.001 0.267 0.159 0.027 0.543 
281 Rimatuu_06    (2)   21 :  0.001 0.001 0.019 0.115 0.041 0.823 
282 Rimatuu_07    (3)   21 :  0.001 0.001 0.039 0.210 0.003 0.745 
283 Rimatuu_08    (3)   21 :  0.001 0.001 0.071 0.131 0.008 0.788 
284 Rimatuu_09    (2)   21 :  0.001 0.001 0.494 0.114 0.021 0.369 
285 Rimatuu_10    (1)   21 :  0.002 0.001 0.164 0.107 0.016 0.710 
286 Rimatuu_11    (1)   21 :  0.002 0.003 0.318 0.080 0.028 0.569 
287 Rimatuu_12    (2)   21 :  0.001 0.002 0.200 0.077 0.047 0.673 
288 Rimatuu_13    (1)   21 :  0.001 0.001 0.010 0.190 0.025 0.772 
289 Rimatuu_14    (1)   21 :  0.001 0.001 0.071 0.182 0.003 0.742 
290 Rimatuu_15    (1)   21 :  0.001 0.001 0.148 0.190 0.184 0.475 
291 Rimatuu_16    (2)   21 :  0.001 0.002 0.136 0.173 0.002 0.687 
292 Rimatuu_17    (3)   21 :  0.001 0.001 0.308 0.020 0.012 0.658 
293 Rimatuu_18    (3)   21 :  0.001 0.001 0.404 0.065 0.012 0.517 
294 Rimatuu_19    (3)   21 :  0.001 0.001 0.739 0.237 0.003 0.019 
295 Rimatuu_20    (3)   21 :  0.001 0.001 0.425 0.355 0.005 0.213 
296 Rimatuu_21    (4)   21 :  0.001 0.002 0.135 0.184 0.011 0.667 
297 Slipper_01    (3)   22 :  0.002 0.013 0.003 0.001 0.002 0.980 
298 Slipper_02    (2)   22 :  0.001 0.001 0.006 0.003 0.004 0.984 
299 Slipper_03    (3)   22 :  0.001 0.001 0.002 0.001 0.002 0.993 
300 Slipper_04    (2)   22 :  0.001 0.001 0.009 0.002 0.009 0.978 
301 Slipper_05    (1)   22 :  0.001 0.001 0.004 0.001 0.002 0.992 
302 Slipper_06    (2)   22 :  0.001 0.001 0.003 0.001 0.002 0.992 
303 Slipper_07    (1)   22 :  0.002 0.004 0.015 0.004 0.003 0.973 
304 Slipper_08    (2)   22 :  0.001 0.001 0.003 0.001 0.004 0.990 
305 Slipper_09    (3)   22 :  0.001 0.001 0.003 0.001 0.002 0.992 
306 Slipper_10    (3)   22 :  0.001 0.001 0.006 0.005 0.011 0.976 
307 Slipper_11    (2)   22 :  0.005 0.023 0.010 0.002 0.003 0.958 
308 Slipper_12    (2)   22 :  0.006 0.002 0.005 0.002 0.007 0.979 
309 Slipper_13    (1)   22 :  0.001 0.001 0.010 0.001 0.003 0.984 
310 Slipper_14    (3)   22 :  0.001 0.001 0.004 0.003 0.002 0.989 
311 Slipper_15    (2)   22 :  0.001 0.002 0.015 0.002 0.001 0.980 
312 Slipper_16    (3)   22 :  0.001 0.002 0.004 0.002 0.001 0.990 
313 Slipper_17    (2)   22 :  0.000 0.001 0.004 0.003 0.007 0.984 
314 Slipper_18    (0)   22 :  0.001 0.001 0.006 0.003 0.002 0.987 
315 Slipper_19    (3)   22 :  0.002 0.001 0.002 0.001 0.001 0.993 
316 Slipper_20    (3)   22 :  0.000 0.001 0.003 0.002 0.001 0.992 
317 Slipper_21    (2)   22 :  0.001 0.001 0.016 0.002 0.003 0.978 
318 Sulawesi_1   (17)   23 :  0.677 0.205 0.025 0.017 0.067 0.008 
319 Sulawesi_2    (9)   23 :  0.754 0.236 0.002 0.003 0.003 0.002 
320 Sulawesi_3   (18)   23 :  0.872 0.061 0.013 0.012 0.015 0.026 
321 Sulawesi_4   (14)   23 :  0.818 0.149 0.007 0.013 0.006 0.006 
322 Sulawesi_5    (7)   23 :  0.646 0.298 0.033 0.007 0.006 0.010 
323 Sulawesi_6   (22)   23 :  0.822 0.008 0.044 0.005 0.006 0.115 
324 Sulawesi_7   (10)   23 :  0.648 0.314 0.005 0.010 0.013 0.010 
325 Sulawesi_8   (22)   23 :  0.664 0.330 0.002 0.002 0.001 0.001 
326 Sulawesi_9    (9)   23 :  0.676 0.301 0.006 0.007 0.008 0.002 
327 Sulawesi10    (9)   23 :  0.617 0.344 0.009 0.010 0.012 0.009 
328 Sulawesi11   (16)   23 :  0.626 0.179 0.047 0.011 0.059 0.078 
329 Sulawesi12   (20)   23 :  0.767 0.219 0.004 0.005 0.003 0.002 
330 Sulawesi13   (18)   23 :  0.892 0.090 0.005 0.002 0.005 0.005 
331 Sulawesi14   (27)   23 :  0.864 0.085 0.024 0.012 0.002 0.012 
332 Sulawesi15   (23)   23 :  0.774 0.127 0.040 0.015 0.026 0.018 
333 Sulawesi16   (24)   23 :  0.695 0.229 0.010 0.026 0.014 0.027 
334 Sulawesi17   (10)   23 :  0.517 0.430 0.012 0.013 0.015 0.013 
335 Sulawesi18   (20)   23 :  0.921 0.053 0.015 0.003 0.004 0.005 
336 Sulawesi19   (18)   23 :  0.712 0.270 0.005 0.008 0.003 0.002 
337 Sulawesi20   (22)   23 :  0.884 0.006 0.010 0.004 0.089 0.006 
338 Sulawesi21   (12)   23 :  0.643 0.343 0.005 0.003 0.003 0.002 
339 Sulawesi22   (35)   23 :  0.973 0.008 0.003 0.005 0.008 0.004 
340 Tahanea_01   (10)   24 :  0.000 0.000 0.001 0.001 0.998 0.001 
341 Tahanea_02    (2)   24 :  0.002 0.001 0.001 0.001 0.993 0.002 
342 Tahanea_03    (9)   24 :  0.112 0.002 0.001 0.001 0.884 0.001 
343 Tahanea_04    (3)   24 :  0.000 0.000 0.001 0.001 0.997 0.001 
344 Tahanea_05    (2)   24 :  0.000 0.000 0.001 0.001 0.997 0.001 
345 Tahanea_06    (2)   24 :  0.000 0.000 0.001 0.001 0.997 0.001 
346 Tahanea_07    (3)   24 :  0.001 0.001 0.008 0.003 0.977 0.010 
347 Tahanea_08   (15)   24 :  0.000 0.001 0.001 0.001 0.997 0.001 
348 Tahanea_09    (3)   24 :  0.001 0.000 0.001 0.001 0.996 0.001 
349 Tahanea_10    (2)   24 :  0.001 0.000 0.001 0.001 0.996 0.001 
350 Tahanea_11    (5)   24 :  0.107 0.001 0.001 0.001 0.888 0.001 
351 Tahanea_12    (3)   24 :  0.001 0.001 0.002 0.005 0.989 0.002 
352 Tahanea_13    (2)   24 :  0.017 0.001 0.002 0.001 0.978 0.002 
353 Tahanea_14    (2)   24 :  0.007 0.001 0.001 0.001 0.989 0.001 
354 Tahanea_15    (2)   24 :  0.001 0.002 0.003 0.007 0.985 0.002 
355 Tahanea_16    (9)   24 :  0.001 0.000 0.003 0.001 0.993 0.003 
356 Tahanea_17    (2)   24 :  0.000 0.000 0.001 0.001 0.997 0.001 
357 Tahanea_18    (6)   24 :  0.028 0.001 0.002 0.001 0.965 0.004 
358 Tahanea_19    (3)   24 :  0.002 0.000 0.001 0.001 0.995 0.001 
359 Tahanea_20    (0)   24 :  0.000 0.000 0.001 0.001 0.997 0.001 
360 Wake_Is_01    (1)   25 :  0.001 0.010 0.980 0.002 0.002 0.005 
361 Wake_Is_02    (4)   25 :  0.082 0.002 0.906 0.004 0.003 0.003 
362 Wake_Is_03    (2)   25 :  0.001 0.003 0.990 0.001 0.002 0.003 
363 Wake_Is_04    (2)   25 :  0.047 0.018 0.926 0.002 0.001 0.006 
364 Wake_Is_05    (1)   25 :  0.002 0.001 0.986 0.004 0.002 0.006 
365 Wake_Is_06    (0)   25 :  0.002 0.005 0.986 0.002 0.002 0.003 
366 Wake_Is_07    (2)   25 :  0.002 0.009 0.979 0.002 0.003 0.005 
367 Wake_Is_08    (2)   25 :  0.002 0.009 0.977 0.007 0.004 0.002 
368 Wake_Is_09    (2)   25 :  0.005 0.004 0.985 0.002 0.002 0.003 
369 Wake_Is_10    (2)   25 :  0.003 0.002 0.987 0.001 0.001 0.006 
370 Wake_Is_11    (1)   25 :  0.009 0.013 0.965 0.002 0.003 0.008 
371 Wake_Is_12    (2)   25 :  0.001 0.001 0.982 0.001 0.005 0.009 
372 Wake_Is_13    (4)   25 :  0.001 0.002 0.983 0.004 0.002 0.008 
373 Wake_Is_14    (2)   25 :  0.003 0.002 0.991 0.001 0.001 0.002 
374 Wake_Is_15    (2)   25 :  0.077 0.002 0.914 0.001 0.002 0.003 
375 Wake_Is_16    (5)   25 :  0.297 0.002 0.691 0.002 0.003 0.005 
376 Wake_Is_17    (1)   25 :  0.001 0.003 0.984 0.002 0.007 0.003 
377 Wake_Is_18    (1)   25 :  0.001 0.001 0.980 0.004 0.009 0.005 
378 Wake_Is_19    (2)   25 :  0.001 0.002 0.987 0.004 0.002 0.004 
379 Wake_Is_20    (1)   25 :  0.004 0.021 0.969 0.001 0.003 0.002 


Estimated Allele Frequencies in each cluster
First column gives estimated ancestral frequencies


Locus 1 : X299_CHR1_1146 
2 alleles
15.3% missing data
   3   (0.724) 0.714 0.998 0.984 0.957 0.998 0.980 
   2   (0.276) 0.286 0.002 0.016 0.043 0.002 0.020 

Locus 2 : X13_CHR1_11661 
2 alleles
6.6% missing data
   3   (0.598) 0.865 0.997 0.486 0.002 0.003 0.905 
   4   (0.402) 0.135 0.003 0.514 0.998 0.997 0.095 

Locus 3 : X14_CHR1_12485 
2 alleles
8.7% missing data
   4   (0.344) 0.224 0.002 0.886 0.002 0.003 0.989 
   3   (0.656) 0.776 0.998 0.114 0.998 0.997 0.011 

Locus 4 : X15_CHR1_13486 
2 alleles
3.2% missing data
   2   (0.887) 0.813 0.999 1.000 1.000 0.999 0.999 
   1   (0.113) 0.187 0.001 0.000 0.000 0.001 0.001 

Locus 5 : X16_CHR1_13731 
2 alleles
5.8% missing data
   1   (0.377) 0.049 0.002 0.842 0.177 0.996 0.994 
   3   (0.623) 0.951 0.998 0.158 0.823 0.004 0.006 

Locus 6 : X18_CHR1_18597 
2 alleles
14.8% missing data
   2   (0.912) 0.934 0.999 1.000 1.000 1.000 1.000 
   4   (0.088) 0.066 0.001 0.000 0.000 0.000 0.000 

Locus 7 : X19_CHR1_19270 
2 alleles
1.1% missing data
   4   (0.901) 0.886 0.999 1.000 1.000 0.999 1.000 
   3   (0.099) 0.114 0.001 0.000 0.000 0.001 0.000 

Locus 8 : X20_CHR1_19838 
2 alleles
5.8% missing data
   3   (0.861) 0.895 0.999 0.999 0.999 0.999 0.996 
   1   (0.139) 0.105 0.001 0.001 0.001 0.001 0.004 

Locus 9 : X21_CHR1_20196 
2 alleles
3.7% missing data
   1   (0.449) 0.520 0.135 0.694 0.005 0.334 0.136 
   3   (0.551) 0.480 0.865 0.306 0.995 0.666 0.864 

Locus 10 : X22_CHR1_20954 
2 alleles
8.2% missing data
   1   (0.497) 0.418 0.992 0.774 0.118 0.003 0.792 
   3   (0.503) 0.582 0.008 0.226 0.882 0.997 0.208 

Locus 11 : X23_CHR1_21191 
2 alleles
12.9% missing data
   3   (0.782) 0.941 0.999 0.335 0.999 0.999 0.411 
   2   (0.218) 0.059 0.001 0.665 0.001 0.001 0.589 

Locus 12 : X262_CHR1_2123 
2 alleles
9.8% missing data
   4   (0.911) 0.922 0.999 1.000 1.000 1.000 1.000 
   1   (0.089) 0.078 0.001 0.000 0.000 0.000 0.000 

Locus 13 : X24_CHR1_21645 
2 alleles
2.9% missing data
   3   (0.924) 0.970 0.999 1.000 1.000 1.000 1.000 
   4   (0.076) 0.030 0.001 0.000 0.000 0.000 0.000 

Locus 14 : X25_CHR1_22005 
2 alleles
0.0% missing data
   4   (0.673) 0.116 0.992 0.996 0.999 0.970 0.999 
   2   (0.327) 0.884 0.008 0.004 0.001 0.030 0.001 

Locus 15 : X26_CHR1_23112 
2 alleles
5.3% missing data
   4   (0.858) 0.873 0.999 0.999 0.999 0.999 0.991 
   1   (0.142) 0.127 0.001 0.001 0.001 0.001 0.009 

Locus 16 : X27_CHR1_25562 
2 alleles
6.3% missing data
   1   (0.822) 0.346 0.995 0.999 0.999 0.999 1.000 
   3   (0.178) 0.654 0.005 0.001 0.001 0.001 0.000 

Locus 17 : X300_CHR1_2620 
2 alleles
7.9% missing data
   1   (0.803) 0.853 0.998 0.953 0.986 0.999 0.999 
   2   (0.197) 0.147 0.002 0.047 0.014 0.001 0.001 

Locus 18 : X301_CHR1_2620 
2 alleles
24.8% missing data
   4   (0.764) 0.600 0.997 0.836 0.999 0.998 0.998 
   2   (0.236) 0.400 0.003 0.164 0.001 0.002 0.002 

Locus 19 : X28_CHR1_26550 
2 alleles
2.9% missing data
   3   (0.886) 0.962 0.999 0.996 0.998 0.999 1.000 
   1   (0.114) 0.038 0.001 0.004 0.002 0.001 0.000 

Locus 20 : X29_CHR1_28123 
2 alleles
10.6% missing data
   1   (0.778) 0.484 0.191 0.999 0.999 0.999 0.999 
   3   (0.222) 0.516 0.809 0.001 0.001 0.001 0.001 

Locus 21 : X260_CHR1_3236 
2 alleles
0.3% missing data
   4   (0.665) 0.747 0.933 0.931 0.981 0.970 0.983 
   2   (0.335) 0.253 0.067 0.069 0.019 0.030 0.017 

Locus 22 : X2_CHR1_348682 
2 alleles
7.1% missing data
   1   (0.625) 0.361 0.004 0.871 0.998 0.998 0.999 
   3   (0.375) 0.639 0.996 0.129 0.002 0.002 0.001 

Locus 23 : X3_CHR1_537201 
2 alleles
4.2% missing data
   4   (0.850) 0.878 0.257 0.999 0.999 0.999 1.000 
   2   (0.150) 0.122 0.743 0.001 0.001 0.001 0.000 

Locus 24 : X296_CHR1_5774 
2 alleles
45.4% missing data
   3   (0.622) 0.838 0.799 0.744 0.736 0.698 0.784 
   2   (0.378) 0.162 0.201 0.256 0.264 0.302 0.216 

Locus 25 : X4_CHR1_578156 
2 alleles
17.4% missing data
   4   (0.508) 0.418 0.918 0.670 0.862 0.483 0.536 
   3   (0.492) 0.582 0.082 0.330 0.138 0.517 0.464 

Locus 26 : X5_CHR1_657423 
2 alleles
9.2% missing data
   4   (0.919) 0.957 0.999 1.000 1.000 1.000 1.000 
   2   (0.081) 0.043 0.001 0.000 0.000 0.000 0.000 

Locus 27 : X6_CHR1_723638 
2 alleles
11.9% missing data
   3   (0.927) 0.974 0.999 1.000 1.000 1.000 1.000 
   1   (0.073) 0.026 0.001 0.000 0.000 0.000 0.000 

Locus 28 : X7_CHR1_801358 
2 alleles
7.7% missing data
   2   (0.540) 0.053 0.003 0.998 0.998 0.998 0.999 
   4   (0.460) 0.947 0.997 0.002 0.002 0.002 0.001 

Locus 29 : X297_CHR1_8053 
2 alleles
19.8% missing data
   4   (0.829) 0.909 0.961 0.999 0.999 0.996 0.991 
   1   (0.171) 0.091 0.039 0.001 0.001 0.004 0.009 

Locus 30 : X298_CHR1_8257 
2 alleles
6.1% missing data
   2   (0.885) 0.766 0.999 1.000 1.000 0.999 1.000 
   4   (0.115) 0.234 0.001 0.000 0.000 0.001 0.000 

Locus 31 : X8_CHR1_853819 
2 alleles
7.4% missing data
   2   (0.841) 0.694 0.998 0.996 0.999 0.999 1.000 
   4   (0.159) 0.306 0.002 0.004 0.001 0.001 0.000 

Locus 32 : X9_CHR1_890393 
2 alleles
23.2% missing data
   2   (0.356) 0.110 0.157 0.387 0.997 0.002 0.871 
   4   (0.644) 0.890 0.843 0.613 0.003 0.998 0.129 

Locus 33 : X10_CHR1_94071 
2 alleles
12.7% missing data
   4   (0.646) 0.826 0.998 0.376 0.998 0.004 0.457 
   1   (0.354) 0.174 0.002 0.624 0.002 0.996 0.543 

Locus 34 : X174_CHR10_100 
2 alleles
7.1% missing data
   1   (0.904) 0.901 0.999 1.000 1.000 1.000 1.000 
   3   (0.096) 0.099 0.001 0.000 0.000 0.000 0.000 

Locus 35 : X175_CHR10_106 
2 alleles
20.6% missing data
   1   (0.646) 0.521 0.115 0.922 0.998 0.997 0.973 
   4   (0.354) 0.479 0.885 0.078 0.002 0.003 0.027 

Locus 36 : X157_CHR10_131 
2 alleles
0.5% missing data
   3   (0.912) 0.935 0.999 1.000 1.000 1.000 1.000 
   1   (0.088) 0.065 0.001 0.000 0.000 0.000 0.000 

Locus 37 : X276_CHR10_157 
2 alleles
21.1% missing data
   4   (0.887) 0.969 0.010 1.000 1.000 0.999 0.999 
   2   (0.113) 0.031 0.990 0.000 0.000 0.001 0.001 

Locus 38 : X158_CHR10_182 
2 alleles
0.0% missing data
   2   (0.318) 0.053 0.140 0.391 0.996 0.002 0.581 
   4   (0.682) 0.947 0.860 0.609 0.004 0.998 0.419 

Locus 39 : X159_CHR10_293 
2 alleles
3.2% missing data
   4   (0.830) 0.440 0.999 0.999 0.999 0.999 1.000 
   2   (0.170) 0.560 0.001 0.001 0.001 0.001 0.000 

Locus 40 : X160_CHR10_387 
2 alleles
4.7% missing data
   4   (0.905) 0.899 0.999 1.000 1.000 1.000 1.000 
   3   (0.095) 0.101 0.001 0.000 0.000 0.000 0.000 

Locus 41 : X277_CHR10_414 
2 alleles
33.8% missing data
   2   (0.281) 0.069 0.002 0.431 0.003 0.996 0.812 
   4   (0.719) 0.931 0.998 0.569 0.997 0.004 0.188 

Locus 42 : X278_CHR10_459 
2 alleles
3.4% missing data
   4   (0.869) 0.918 0.999 0.992 1.000 0.999 1.000 
   1   (0.131) 0.082 0.001 0.008 0.000 0.001 0.000 

Locus 43 : X161_CHR10_465 
2 alleles
8.2% missing data
   3   (0.857) 0.785 0.994 0.999 0.999 0.999 0.997 
   1   (0.143) 0.215 0.006 0.001 0.001 0.001 0.003 

Locus 44 : X163_CHR10_564 
2 alleles
0.8% missing data
   4   (0.720) 0.508 0.996 0.984 0.991 0.985 0.997 
   2   (0.280) 0.492 0.004 0.016 0.009 0.015 0.003 

Locus 45 : X279_CHR10_566 
2 alleles
4.0% missing data
   3   (0.837) 0.571 0.999 0.998 0.999 0.999 1.000 
   1   (0.163) 0.429 0.001 0.002 0.001 0.001 0.000 

Locus 46 : X164_CHR10_590 
2 alleles
0.8% missing data
   4   (0.630) 0.943 0.023 0.544 0.056 0.601 0.387 
   2   (0.370) 0.057 0.977 0.456 0.944 0.399 0.613 

Locus 47 : X165_CHR10_636 
2 alleles
7.4% missing data
   4   (0.851) 0.701 0.999 0.999 0.999 0.981 1.000 
   1   (0.149) 0.299 0.001 0.001 0.001 0.019 0.000 

Locus 48 : X166_CHR10_667 
2 alleles
8.4% missing data
   3   (0.896) 0.850 0.999 1.000 1.000 0.999 1.000 
   1   (0.104) 0.150 0.001 0.000 0.000 0.001 0.000 

Locus 49 : X156_CHR10_684 
2 alleles
9.2% missing data
   4   (0.831) 0.974 0.999 0.761 0.999 0.999 0.832 
   2   (0.169) 0.026 0.001 0.239 0.001 0.001 0.168 

Locus 50 : X167_CHR10_718 
2 alleles
1.1% missing data
   1   (0.729) 0.425 0.900 0.922 0.999 0.999 0.999 
   3   (0.271) 0.575 0.100 0.078 0.001 0.001 0.001 

Locus 51 : X168_CHR10_740 
2 alleles
8.7% missing data
   1   (0.888) 0.806 0.999 1.000 1.000 0.999 1.000 
   3   (0.112) 0.194 0.001 0.000 0.000 0.001 0.000 

Locus 52 : X169_CHR10_771 
2 alleles
11.9% missing data
   1   (0.798) 0.928 0.998 0.816 0.999 0.999 0.849 
   3   (0.202) 0.072 0.002 0.184 0.001 0.001 0.151 

Locus 53 : X170_CHR10_833 
2 alleles
0.3% missing data
   3   (0.773) 0.879 0.998 0.968 0.999 0.983 0.966 
   4   (0.227) 0.121 0.002 0.032 0.001 0.017 0.034 

Locus 54 : X171_CHR10_863 
2 alleles
6.1% missing data
   2   (0.360) 0.019 0.980 0.810 0.579 0.996 0.748 
   4   (0.640) 0.981 0.020 0.190 0.421 0.004 0.252 

Locus 55 : X172_CHR10_915 
2 alleles
6.6% missing data
   4   (0.159) 0.158 0.001 0.001 0.001 0.001 0.042 
   2   (0.841) 0.842 0.999 0.999 0.999 0.999 0.958 

Locus 56 : X173_CHR10_946 
2 alleles
6.6% missing data
   2   (0.832) 0.838 0.998 0.932 0.999 0.999 1.000 
   1   (0.168) 0.162 0.002 0.068 0.001 0.001 0.000 

Locus 57 : X176_CHR11_144 
2 alleles
4.5% missing data
   3   (0.829) 0.373 0.998 0.999 0.999 0.999 1.000 
   1   (0.171) 0.627 0.002 0.001 0.001 0.001 0.000 

Locus 58 : X177_CHR11_223 
2 alleles
7.9% missing data
   3   (0.882) 0.970 0.026 1.000 1.000 0.999 1.000 
   1   (0.118) 0.030 0.974 0.000 0.000 0.001 0.000 

Locus 59 : X178_CHR11_314 
2 alleles
3.2% missing data
   1   (0.378) 0.158 0.002 0.107 0.724 0.997 0.711 
   3   (0.622) 0.842 0.998 0.893 0.276 0.003 0.289 

Locus 60 : X179_CHR11_448 
2 alleles
31.7% missing data
   3   (0.912) 0.943 0.999 1.000 1.000 1.000 1.000 
   1   (0.088) 0.057 0.001 0.000 0.000 0.000 0.000 

Locus 61 : X180_CHR11_530 
2 alleles
7.1% missing data
   1   (0.597) 0.878 0.006 0.372 0.996 0.017 0.644 
   2   (0.403) 0.122 0.994 0.628 0.004 0.983 0.356 

Locus 62 : X181_CHR11_620 
2 alleles
6.3% missing data
   1   (0.502) 0.314 0.994 0.466 0.003 0.997 0.656 
   3   (0.498) 0.686 0.006 0.534 0.997 0.003 0.344 

Locus 63 : X183_CHR11_792 
2 alleles
6.6% missing data
   3   (0.695) 0.663 0.867 0.924 0.999 0.974 0.997 
   2   (0.305) 0.337 0.133 0.076 0.001 0.026 0.003 

Locus 64 : X184_CHR11_817 
2 alleles
2.4% missing data
   4   (0.857) 0.599 0.999 0.999 0.999 0.999 1.000 
   2   (0.143) 0.401 0.001 0.001 0.001 0.001 0.000 

Locus 65 : X185_CHR12_131 
2 alleles
9.5% missing data
   3   (0.896) 0.842 0.999 1.000 1.000 0.999 1.000 
   1   (0.104) 0.158 0.001 0.000 0.000 0.001 0.000 

Locus 66 : X186_CHR12_171 
2 alleles
4.2% missing data
   2   (0.734) 0.776 0.996 0.767 0.998 0.998 0.737 
   3   (0.266) 0.224 0.004 0.233 0.002 0.002 0.263 

Locus 67 : X187_CHR12_221 
2 alleles
0.3% missing data
   3   (0.829) 0.382 0.999 0.999 0.999 0.999 1.000 
   1   (0.171) 0.618 0.001 0.001 0.001 0.001 0.000 

