

----------------------------------------------------
STRUCTURE by Pritchard, Stephens and Donnelly (2000)
     and Falush, Stephens and Pritchard (2003)
       Code by Pritchard, Falush and Hubisz
             Version 2.3.4 (Jul 2012)
----------------------------------------------------



Command line arguments:   bin\structure -m C:\Users\airhe\OneDrive\Documents\Masters\Project 3\kiore-project\results\ratsSNPs_struc_preHWE\as_pdf\mainparams -e C:\Users\airhe\OneDrive\Documents\Masters\Project 3\kiore-project\results\ratsSNPs_struc_preHWE\as_pdf\extraparams 
Input File:    C:\Users\airhe\OneDrive\Documents\Masters\Project 3\kiore-project\results\ratsSNPs_struc_preHWE\project_data

Run parameters:
   379 individuals
   282 loci
   5 populations assumed
   5000 Burn-in period
   50000 Reps


--------------------------------------------
Proportion of membership of each pre-defined
 population in each of the 5 clusters

Given    Inferred Clusters                     Number of
 Pop       1      2      3      4      5      Individuals

  1:     0.056  0.900  0.016  0.002  0.027       10
  2:     0.020  0.067  0.026  0.844  0.042       18
  3:     0.220  0.738  0.002  0.032  0.008        1
  4:     0.175  0.744  0.049  0.022  0.010        1
  5:     0.008  0.006  0.007  0.948  0.030       12
  6:     0.944  0.032  0.009  0.004  0.012       21
  7:     0.002  0.001  0.995  0.001  0.001       20
  8:     0.036  0.923  0.029  0.004  0.007       20
  9:     0.940  0.004  0.003  0.051  0.003       21
 10:     0.012  0.009  0.019  0.756  0.203       21
 11:     0.103  0.086  0.058  0.065  0.689       21
 12:     0.004  0.002  0.002  0.987  0.005        6
 13:     0.007  0.013  0.003  0.973  0.003       12
 14:     0.931  0.015  0.027  0.002  0.025       14
 15:     0.006  0.986  0.003  0.001  0.004       21
 16:     0.023  0.025  0.015  0.819  0.117       10
 17:     0.002  0.002  0.002  0.993  0.002        3
 18:     0.004  0.003  0.002  0.988  0.002        1
 19:     0.022  0.923  0.011  0.003  0.041       21
 20:     0.559  0.110  0.307  0.005  0.020       21
 21:     0.396  0.511  0.088  0.001  0.004       21
 22:     0.012  0.972  0.002  0.002  0.012       21
 23:     0.018  0.022  0.014  0.931  0.015       22
 24:     0.007  0.941  0.010  0.038  0.005       20
 25:     0.004  0.004  0.002  0.010  0.980       20
--------------------------------------------

Allele-freq. divergence among pops (Net nucleotide distance),
computed using point estimates of P.

      1       2       3       4       5      
 1      -    0.0273  0.0746  0.1241  0.0617  
 2   0.0273     -    0.0662  0.1300  0.0525  
 3   0.0746  0.0662     -    0.1412  0.0952  
 4   0.1241  0.1300  0.1412     -    0.1064  
 5   0.0617  0.0525  0.0952  0.1064     -    

Average distances (expected heterozygosity) between individuals in same cluster:
cluster  1  : 0.1143 
cluster  2  : 0.1167 
cluster  3  : 0.0515 
cluster  4  : 0.2642 
cluster  5  : 0.1192 

--------------------------------------------
Estimated Ln Prob of Data   = -45366.6
Mean value of ln likelihood = -44872.5
Variance of ln likelihood   = 988.1
Mean value of alpha         = 0.0550

Mean value of Fst_1         = 0.6075
Mean value of Fst_2         = 0.5987
Mean value of Fst_3         = 0.8081
Mean value of Fst_4         = 0.1894
Mean value of Fst_5         = 0.5754


Inferred ancestry of individuals:
        Label (%Miss) Pop:  Inferred clusters
  1 Aotea__001    (1)    1 :  0.117 0.839 0.015 0.002 0.027 
  2 Aotea__002    (2)    1 :  0.054 0.849 0.032 0.001 0.064 
  3 Aotea__003    (1)    1 :  0.136 0.854 0.002 0.001 0.007 
  4 Aotea__004    (2)    1 :  0.010 0.977 0.006 0.001 0.005 
  5 Aotea__005    (4)    1 :  0.092 0.874 0.027 0.001 0.007 
  6 Aotea__006    (3)    1 :  0.034 0.949 0.004 0.001 0.012 
  7 Aotea__007    (4)    1 :  0.017 0.882 0.006 0.001 0.094 
  8 Aotea__008    (3)    1 :  0.011 0.916 0.036 0.006 0.030 
  9 Aotea__009    (3)    1 :  0.020 0.969 0.006 0.001 0.004 
 10 Aotea__010    (2)    1 :  0.067 0.894 0.021 0.001 0.016 
 11 Borneo_002   (57)    2 :  0.009 0.016 0.003 0.933 0.039 
 12 Borneo_003   (45)    2 :  0.004 0.013 0.002 0.870 0.112 
 13 Borneo_004   (35)    2 :  0.019 0.030 0.033 0.867 0.051 
 14 Borneo_005   (52)    2 :  0.016 0.054 0.004 0.925 0.002 
 15 Borneo_006   (56)    2 :  0.004 0.002 0.005 0.985 0.003 
 16 Borneo_008   (45)    2 :  0.029 0.169 0.028 0.762 0.012 
 17 Borneo_012   (33)    2 :  0.042 0.146 0.003 0.786 0.024 
 18 Borneo_013   (13)    2 :  0.006 0.108 0.025 0.629 0.233 
 19 Borneo_014   (55)    2 :  0.002 0.002 0.003 0.991 0.002 
 20 Borneo_015   (36)    2 :  0.041 0.186 0.003 0.763 0.008 
 21 Borneo_016   (47)    2 :  0.044 0.175 0.009 0.768 0.004 
 22 Borneo_017   (56)    2 :  0.035 0.041 0.016 0.879 0.029 
 23 Borneo_019   (23)    2 :  0.009 0.028 0.184 0.738 0.041 
 24 Borneo_020   (37)    2 :  0.046 0.156 0.004 0.784 0.009 
 25 Borneo_021   (35)    2 :  0.011 0.056 0.002 0.799 0.132 
 26 Borneo_022   (26)    2 :  0.003 0.007 0.096 0.889 0.004 
 27 Borneo_023   (24)    2 :  0.007 0.009 0.011 0.957 0.017 
 28 Borneo_024   (21)    2 :  0.035 0.014 0.045 0.877 0.029 
 29 Southland1    (0)    3 :  0.220 0.738 0.002 0.032 0.008 
 30 GrtMercury    (0)    4 :  0.175 0.744 0.049 0.022 0.010 
 31 Halmaher10   (48)    5 :  0.009 0.003 0.003 0.982 0.003 
 32 Halmaher11   (50)    5 :  0.003 0.002 0.002 0.992 0.001 
 33 Halmaher19   (50)    5 :  0.001 0.001 0.001 0.995 0.001 
 34 Halmaher23   (49)    5 :  0.017 0.006 0.018 0.948 0.011 
 35 Halmaher24   (18)    5 :  0.005 0.030 0.002 0.696 0.266 
 36 Halmahera1   (21)    5 :  0.025 0.008 0.009 0.927 0.030 
 37 Halmahera2   (33)    5 :  0.016 0.003 0.021 0.957 0.003 
 38 Halmahera3   (24)    5 :  0.010 0.007 0.004 0.974 0.005 
 39 Halmahera6   (40)    5 :  0.002 0.002 0.002 0.993 0.002 
 40 Halmahera7   (57)    5 :  0.007 0.003 0.001 0.987 0.002 
 41 Halmahera8   (41)    5 :  0.003 0.004 0.010 0.959 0.025 
 42 Halmahera9   (36)    5 :  0.004 0.004 0.010 0.969 0.013 
 43 Hatutaa_01    (6)    6 :  0.913 0.015 0.040 0.026 0.006 
 44 Hatutaa_02    (2)    6 :  0.937 0.045 0.003 0.003 0.011 
 45 Hatutaa_03    (1)    6 :  0.980 0.014 0.003 0.001 0.003 
 46 Hatutaa_04    (3)    6 :  0.830 0.104 0.011 0.003 0.052 
 47 Hatutaa_05    (3)    6 :  0.840 0.024 0.031 0.029 0.077 
 48 Hatutaa_06    (1)    6 :  0.986 0.009 0.002 0.001 0.002 
 49 Hatutaa_07    (1)    6 :  0.905 0.071 0.016 0.001 0.008 
 50 Hatutaa_08    (7)    6 :  0.988 0.004 0.003 0.001 0.004 
 51 Hatutaa_09    (2)    6 :  0.987 0.006 0.003 0.001 0.003 
 52 Hatutaa_10    (2)    6 :  0.980 0.006 0.007 0.003 0.004 
 53 Hatutaa_11    (3)    6 :  0.926 0.057 0.010 0.001 0.006 
 54 Hatutaa_12    (1)    6 :  0.962 0.028 0.003 0.001 0.005 
 55 Hatutaa_13    (1)    6 :  0.990 0.004 0.003 0.001 0.002 
 56 Hatutaa_14    (2)    6 :  0.967 0.026 0.002 0.001 0.003 
 57 Hatutaa_15    (1)    6 :  0.804 0.135 0.008 0.001 0.052 
 58 Hatutaa_16    (5)    6 :  0.969 0.024 0.004 0.001 0.002 
 59 Hatutaa_17    (2)    6 :  0.945 0.035 0.014 0.001 0.005 
 60 Hatutaa_18    (1)    6 :  0.993 0.004 0.001 0.001 0.001 
 61 Hatutaa_19    (1)    6 :  0.985 0.007 0.002 0.001 0.004 
 62 Hatutaa_20    (2)    6 :  0.955 0.035 0.004 0.001 0.005 
 63 Hatutaa_21    (2)    6 :  0.971 0.013 0.012 0.001 0.004 
 64 Honuea_001    (2)    7 :  0.002 0.002 0.994 0.002 0.001 
 65 Honuea_002    (3)    7 :  0.001 0.001 0.997 0.000 0.001 
 66 Honuea_003    (2)    7 :  0.003 0.001 0.995 0.001 0.001 
 67 Honuea_004    (4)    7 :  0.001 0.001 0.996 0.001 0.001 
 68 Honuea_005    (5)    7 :  0.002 0.002 0.984 0.011 0.001 
 69 Honuea_006    (5)    7 :  0.002 0.001 0.993 0.003 0.001 
 70 Honuea_007    (2)    7 :  0.002 0.001 0.994 0.001 0.002 
 71 Honuea_008    (1)    7 :  0.002 0.001 0.994 0.001 0.001 
 72 Honuea_009    (3)    7 :  0.001 0.001 0.996 0.000 0.001 
 73 Honuea_010    (3)    7 :  0.002 0.002 0.995 0.000 0.001 
 74 Honuea_011    (3)    7 :  0.001 0.001 0.996 0.000 0.001 
 75 Honuea_012    (3)    7 :  0.002 0.001 0.991 0.002 0.004 
 76 Honuea_013    (0)    7 :  0.001 0.001 0.997 0.000 0.001 
 77 Honuea_015    (3)    7 :  0.002 0.002 0.995 0.000 0.001 
 78 Honuea_016    (2)    7 :  0.002 0.001 0.996 0.000 0.001 
 79 Honuea_017    (3)    7 :  0.001 0.001 0.996 0.000 0.001 
 80 Honuea_018    (2)    7 :  0.002 0.001 0.996 0.001 0.001 
 81 Honuea_019    (2)    7 :  0.002 0.002 0.994 0.001 0.001 
 82 Honuea_020    (3)    7 :  0.001 0.001 0.995 0.001 0.001 
 83 Honuea_021    (1)    7 :  0.001 0.001 0.997 0.000 0.001 
 84 Kaikura_01    (2)    8 :  0.015 0.897 0.077 0.001 0.010 
 85 Kaikura_02    (4)    8 :  0.009 0.974 0.013 0.001 0.003 
 86 Kaikura_03    (3)    8 :  0.022 0.969 0.005 0.001 0.004 
 87 Kaikura_04    (3)    8 :  0.015 0.974 0.007 0.001 0.003 
 88 Kaikura_05   (12)    8 :  0.034 0.900 0.004 0.061 0.002 
 89 Kaikura_06    (2)    8 :  0.014 0.977 0.004 0.001 0.004 
 90 Kaikura_07    (1)    8 :  0.017 0.972 0.007 0.001 0.004 
 91 Kaikura_08    (1)    8 :  0.018 0.809 0.169 0.001 0.003 
 92 Kaikura_09    (2)    8 :  0.120 0.868 0.007 0.001 0.004 
 93 Kaikura_10    (4)    8 :  0.117 0.879 0.002 0.001 0.002 
 94 Kaikura_11    (7)    8 :  0.030 0.954 0.009 0.002 0.005 
 95 Kaikura_12    (5)    8 :  0.013 0.868 0.117 0.001 0.002 
 96 Kaikura_13    (2)    8 :  0.015 0.957 0.021 0.001 0.005 
 97 Kaikura_14    (3)    8 :  0.026 0.957 0.004 0.001 0.011 
 98 Kaikura_15    (2)    8 :  0.045 0.944 0.008 0.001 0.002 
 99 Kaikura_16    (2)    8 :  0.008 0.983 0.007 0.001 0.002 
100 Kaikura_17    (2)    8 :  0.023 0.964 0.006 0.001 0.005 
101 Kaikura_18    (2)    8 :  0.008 0.952 0.017 0.001 0.021 
102 Kaikura_19    (2)    8 :  0.154 0.788 0.007 0.001 0.049 
103 Kaikura_20    (3)    8 :  0.028 0.873 0.095 0.001 0.003 
104 Kamaka_001    (3)    9 :  0.995 0.002 0.002 0.001 0.001 
105 Kamaka_002    (2)    9 :  0.994 0.002 0.002 0.001 0.001 
106 Kamaka_003    (3)    9 :  0.991 0.004 0.003 0.001 0.001 
107 Kamaka_004    (5)    9 :  0.991 0.003 0.002 0.001 0.003 
108 Kamaka_005    (5)    9 :  0.993 0.003 0.002 0.001 0.001 
109 Kamaka_006    (2)    9 :  0.992 0.003 0.003 0.001 0.001 
110 Kamaka_007    (2)    9 :  0.993 0.002 0.002 0.002 0.001 
111 Kamaka_008    (2)    9 :  0.993 0.002 0.002 0.001 0.002 
112 Kamaka_009   (56)    9 :  0.001 0.001 0.001 0.995 0.001 
113 Kamaka_010    (2)    9 :  0.992 0.003 0.003 0.001 0.001 
114 Kamaka_011    (3)    9 :  0.945 0.005 0.003 0.027 0.020 
115 Kamaka_012    (4)    9 :  0.993 0.002 0.003 0.001 0.001 
116 Kamaka_013    (3)    9 :  0.982 0.007 0.006 0.001 0.004 
117 Kamaka_014    (1)    9 :  0.991 0.004 0.002 0.001 0.002 
118 Kamaka_015    (3)    9 :  0.988 0.002 0.002 0.006 0.001 
119 Kamaka_016    (1)    9 :  0.993 0.004 0.001 0.001 0.001 
120 Kamaka_017    (1)    9 :  0.983 0.011 0.003 0.001 0.003 
121 Kamaka_018    (2)    9 :  0.992 0.002 0.002 0.003 0.002 
122 Kamaka_019    (3)    9 :  0.980 0.007 0.008 0.001 0.004 
123 Kamaka_020    (4)    9 :  0.969 0.006 0.004 0.018 0.003 
124 Kamaka_021    (3)    9 :  0.993 0.002 0.002 0.001 0.001 
125 Kayangel01    (3)   10 :  0.021 0.014 0.028 0.607 0.329 
126 Kayangel02    (3)   10 :  0.007 0.007 0.022 0.638 0.327 
127 Kayangel03    (4)   10 :  0.016 0.017 0.011 0.690 0.266 
128 Kayangel04    (2)   10 :  0.007 0.030 0.022 0.639 0.303 
129 Kayangel05    (1)   10 :  0.011 0.007 0.031 0.647 0.304 
130 Kayangel06    (3)   10 :  0.022 0.016 0.033 0.648 0.281 
131 Kayangel07    (7)   10 :  0.006 0.015 0.010 0.660 0.309 
132 Kayangel08    (2)   10 :  0.008 0.005 0.012 0.604 0.372 
133 Kayangel09    (1)   10 :  0.017 0.006 0.014 0.653 0.310 
134 Kayangel10    (2)   10 :  0.060 0.010 0.028 0.647 0.254 
135 Kayangel11    (1)   10 :  0.004 0.002 0.003 0.989 0.003 
136 Kayangel12    (3)   10 :  0.006 0.006 0.009 0.655 0.324 
137 Kayangel13   (20)   10 :  0.002 0.001 0.001 0.994 0.002 
138 Kayangel14    (4)   10 :  0.021 0.007 0.021 0.658 0.293 
139 Kayangel15    (2)   10 :  0.002 0.003 0.002 0.990 0.002 
140 Kayangel16    (7)   10 :  0.004 0.005 0.005 0.817 0.170 
141 Kayangel17   (41)   10 :  0.002 0.001 0.005 0.991 0.001 
142 Kayangel18    (3)   10 :  0.011 0.006 0.005 0.701 0.277 
143 Kayangel19    (2)   10 :  0.002 0.002 0.003 0.991 0.002 
144 Kayangel20    (4)   10 :  0.025 0.026 0.142 0.668 0.139 
145 Kayangel21   (13)   10 :  0.003 0.003 0.002 0.989 0.003 
146 Late_Is_01    (3)   11 :  0.222 0.004 0.008 0.002 0.764 
147 Late_Is_02    (3)   11 :  0.074 0.025 0.039 0.091 0.771 
148 Late_Is_03    (9)   11 :  0.026 0.031 0.029 0.102 0.812 
149 Late_Is_04    (4)   11 :  0.070 0.092 0.058 0.004 0.776 
150 Late_Is_05    (4)   11 :  0.074 0.176 0.029 0.018 0.703 
151 Late_Is_06   (17)   11 :  0.067 0.008 0.002 0.295 0.627 
152 Late_Is_07    (2)   11 :  0.151 0.016 0.077 0.020 0.737 
153 Late_Is_08    (6)   11 :  0.379 0.013 0.032 0.072 0.504 
154 Late_Is_09    (3)   11 :  0.071 0.010 0.218 0.002 0.699 
155 Late_Is_10    (3)   11 :  0.008 0.024 0.187 0.009 0.772 
156 Late_Is_11   (21)   11 :  0.075 0.083 0.020 0.312 0.510 
157 Late_Is_12    (7)   11 :  0.133 0.079 0.024 0.054 0.709 
158 Late_Is_13    (3)   11 :  0.009 0.217 0.096 0.014 0.663 
159 Late_Is_14    (2)   11 :  0.016 0.132 0.015 0.008 0.829 
160 Late_Is_15    (4)   11 :  0.020 0.259 0.048 0.138 0.536 
161 Late_Is_16    (2)   11 :  0.313 0.013 0.007 0.001 0.667 
162 Late_Is_17    (4)   11 :  0.032 0.241 0.013 0.078 0.635 
163 Late_Is_18    (3)   11 :  0.100 0.025 0.024 0.080 0.771 
164 Late_Is_19    (4)   11 :  0.143 0.120 0.026 0.001 0.711 
165 Late_Is_20    (2)   11 :  0.058 0.206 0.045 0.003 0.688 
166 Late_Is_21    (6)   11 :  0.127 0.031 0.212 0.054 0.576 
167 Cambodia_1    (0)   12 :  0.001 0.001 0.001 0.996 0.001 
168 Laos___001    (0)   12 :  0.002 0.001 0.001 0.994 0.001 
169 Laos___002    (0)   12 :  0.001 0.001 0.001 0.996 0.001 
170 Luzon__001    (0)   12 :  0.016 0.010 0.006 0.942 0.026 
171 Thailand01    (0)   12 :  0.001 0.001 0.001 0.997 0.001 
172 Thailand02    (0)   12 :  0.001 0.001 0.001 0.996 0.001 
173 Malenge_04   (53)   13 :  0.004 0.003 0.002 0.987 0.003 
174 Malenge_11   (57)   13 :  0.013 0.018 0.007 0.956 0.007 
175 Malenge_14   (57)   13 :  0.001 0.001 0.001 0.995 0.001 
176 Malenge_15   (58)   13 :  0.003 0.003 0.004 0.987 0.003 
177 Malenge_17   (57)   13 :  0.002 0.001 0.001 0.995 0.001 
178 Malenge_18   (36)   13 :  0.004 0.072 0.002 0.918 0.004 
179 Malenge_19   (50)   13 :  0.005 0.002 0.002 0.990 0.001 
180 Malenge_20   (45)   13 :  0.003 0.004 0.003 0.988 0.003 
181 Malenge_22   (45)   13 :  0.005 0.005 0.002 0.986 0.003 
182 Malenge_23   (30)   13 :  0.002 0.002 0.004 0.989 0.004 
183 Malenge_24   (21)   13 :  0.036 0.038 0.004 0.917 0.005 
184 Malenge_25   (36)   13 :  0.013 0.007 0.002 0.972 0.007 
185 Mohotani01    (0)   14 :  0.972 0.015 0.005 0.001 0.007 
186 Mohotani02    (1)   14 :  0.917 0.059 0.007 0.001 0.015 
187 Mohotani03    (4)   14 :  0.935 0.006 0.026 0.001 0.032 
188 Mohotani04    (1)   14 :  0.869 0.018 0.103 0.003 0.009 
189 Mohotani05    (4)   14 :  0.990 0.005 0.002 0.001 0.003 
190 Mohotani06    (2)   14 :  0.966 0.008 0.015 0.001 0.012 
191 Mohotani07    (2)   14 :  0.982 0.006 0.002 0.001 0.010 
192 Mohotani08    (2)   14 :  0.888 0.021 0.023 0.003 0.064 
193 Mohotani09    (2)   14 :  0.982 0.003 0.009 0.001 0.006 
194 Mohotani10    (2)   14 :  0.883 0.014 0.043 0.003 0.057 
195 Mohotani11    (0)   14 :  0.873 0.012 0.021 0.008 0.086 
196 Mohotani12    (2)   14 :  0.905 0.007 0.067 0.001 0.021 
197 Mohotani13    (3)   14 :  0.969 0.015 0.005 0.001 0.010 
198 Mohotani14    (3)   14 :  0.907 0.023 0.047 0.001 0.021 
199 Motukawa10    (3)   15 :  0.009 0.986 0.003 0.000 0.002 
200 Motukawa11    (4)   15 :  0.004 0.992 0.001 0.000 0.002 
201 Motukawa12    (3)   15 :  0.004 0.991 0.001 0.003 0.001 
202 Motukawa13    (3)   15 :  0.010 0.948 0.019 0.001 0.022 
203 Motukawa14    (2)   15 :  0.013 0.982 0.003 0.000 0.002 
204 Motukawa15    (3)   15 :  0.004 0.988 0.003 0.001 0.004 
205 Motukawa16    (1)   15 :  0.011 0.983 0.003 0.001 0.002 
206 Motukawa17    (3)   15 :  0.004 0.989 0.002 0.001 0.004 
207 Motukawa18    (4)   15 :  0.008 0.989 0.002 0.000 0.001 
208 Motukawa19    (6)   15 :  0.004 0.992 0.002 0.001 0.001 
209 Motukawa20    (3)   15 :  0.006 0.988 0.003 0.001 0.002 
210 Motukawa21    (5)   15 :  0.006 0.990 0.002 0.000 0.001 
211 Motukawan1    (3)   15 :  0.008 0.984 0.005 0.001 0.002 
212 Motukawan2    (6)   15 :  0.005 0.987 0.003 0.001 0.004 
213 Motukawan3    (2)   15 :  0.005 0.988 0.003 0.002 0.002 
214 Motukawan4    (2)   15 :  0.007 0.982 0.004 0.001 0.005 
215 Motukawan5    (1)   15 :  0.003 0.991 0.002 0.001 0.003 
216 Motukawan6    (3)   15 :  0.003 0.987 0.002 0.001 0.008 
217 Motukawan7    (1)   15 :  0.005 0.986 0.005 0.001 0.004 
218 Motukawan8    (1)   15 :  0.006 0.987 0.002 0.002 0.003 
219 Motukawan9    (1)   15 :  0.004 0.990 0.003 0.001 0.002 
220 NewBrita14   (55)   16 :  0.017 0.009 0.045 0.859 0.070 
221 NewBrita16   (28)   16 :  0.004 0.007 0.005 0.635 0.349 
222 NewBrita23   (57)   16 :  0.047 0.014 0.002 0.930 0.007 
223 NewBrita24   (20)   16 :  0.099 0.090 0.039 0.520 0.252 
224 NewBrita25   (46)   16 :  0.017 0.003 0.002 0.976 0.002 
225 NewBritai2   (51)   16 :  0.009 0.009 0.003 0.951 0.027 
226 NewBritai3   (46)   16 :  0.006 0.050 0.032 0.881 0.031 
227 NewBritai6   (42)   16 :  0.014 0.039 0.015 0.770 0.162 
228 NewBritai7   (58)   16 :  0.018 0.028 0.002 0.944 0.008 
229 NewBritai8   (49)   16 :  0.003 0.005 0.009 0.725 0.258 
230 NewGuine17   (56)   17 :  0.003 0.002 0.002 0.991 0.002 
231 NewGuinea1   (56)   17 :  0.001 0.001 0.001 0.995 0.001 
232 NewGuinea8   (54)   17 :  0.001 0.002 0.002 0.994 0.002 
233 Normanby08   (57)   18 :  0.004 0.003 0.002 0.988 0.002 
234 Rakiura_01    (3)   19 :  0.012 0.952 0.006 0.004 0.026 
235 Rakiura_02    (1)   19 :  0.003 0.985 0.005 0.001 0.006 
236 Rakiura_03    (4)   19 :  0.012 0.972 0.012 0.001 0.004 
237 Rakiura_04    (1)   19 :  0.004 0.991 0.002 0.001 0.002 
238 Rakiura_05    (2)   19 :  0.005 0.988 0.003 0.001 0.004 
239 Rakiura_06    (2)   19 :  0.009 0.965 0.004 0.001 0.020 
240 Rakiura_07    (2)   19 :  0.007 0.956 0.019 0.003 0.016 
241 Rakiura_08    (2)   19 :  0.022 0.886 0.026 0.001 0.064 
242 Rakiura_09    (3)   19 :  0.026 0.853 0.050 0.005 0.065 
243 Rakiura_10    (1)   19 :  0.018 0.967 0.003 0.001 0.012 
244 Rakiura_11    (2)   19 :  0.013 0.949 0.009 0.002 0.026 
245 Rakiura_12    (2)   19 :  0.008 0.985 0.003 0.001 0.004 
246 Rakiura_13    (3)   19 :  0.013 0.935 0.004 0.015 0.033 
247 Rakiura_14    (2)   19 :  0.023 0.920 0.005 0.001 0.052 
248 Rakiura_15    (2)   19 :  0.022 0.877 0.013 0.001 0.086 
249 Rakiura_16    (3)   19 :  0.016 0.973 0.007 0.002 0.003 
250 Rakiura_17    (4)   19 :  0.006 0.760 0.003 0.010 0.221 
251 Rakiura_18    (2)   19 :  0.040 0.914 0.023 0.001 0.021 
252 Rakiura_19    (4)   19 :  0.076 0.777 0.028 0.002 0.117 
253 Rakiura_20    (2)   19 :  0.011 0.923 0.008 0.004 0.054 
254 Rakiura_21    (2)   19 :  0.112 0.860 0.002 0.003 0.023 
255 Reiono_001    (3)   20 :  0.558 0.017 0.415 0.001 0.009 
256 Reiono_002    (3)   20 :  0.502 0.121 0.366 0.001 0.009 
257 Reiono_003    (4)   20 :  0.749 0.038 0.201 0.001 0.011 
258 Reiono_004    (4)   20 :  0.626 0.031 0.320 0.002 0.022 
259 Reiono_005    (1)   20 :  0.567 0.048 0.371 0.002 0.012 
260 Reiono_006    (1)   20 :  0.574 0.330 0.084 0.001 0.011 
261 Reiono_007    (6)   20 :  0.430 0.203 0.246 0.069 0.051 
262 Reiono_008    (2)   20 :  0.551 0.022 0.399 0.001 0.028 
263 Reiono_009    (1)   20 :  0.655 0.047 0.291 0.001 0.006 
264 Reiono_010    (6)   20 :  0.408 0.111 0.419 0.004 0.059 
265 Reiono_011    (1)   20 :  0.641 0.023 0.327 0.001 0.008 
266 Reiono_012    (1)   20 :  0.612 0.062 0.316 0.001 0.010 
267 Reiono_013    (2)   20 :  0.619 0.058 0.308 0.001 0.015 
268 Reiono_014    (4)   20 :  0.733 0.028 0.222 0.001 0.016 
269 Reiono_015    (4)   20 :  0.351 0.308 0.327 0.001 0.013 
270 Reiono_016    (2)   20 :  0.449 0.245 0.291 0.001 0.014 
271 Reiono_017    (3)   20 :  0.670 0.098 0.217 0.001 0.014 
272 Reiono_018    (5)   20 :  0.529 0.019 0.355 0.001 0.095 
273 Reiono_019    (3)   20 :  0.381 0.430 0.186 0.001 0.002 
274 Reiono_020    (2)   20 :  0.533 0.044 0.413 0.007 0.003 
275 Reiono_021    (2)   20 :  0.608 0.016 0.369 0.001 0.006 
276 Rimatuu_01    (2)   21 :  0.401 0.427 0.170 0.001 0.001 
277 Rimatuu_02    (3)   21 :  0.301 0.677 0.018 0.001 0.003 
278 Rimatuu_03    (2)   21 :  0.414 0.570 0.010 0.004 0.002 
279 Rimatuu_04    (1)   21 :  0.368 0.520 0.106 0.003 0.004 
280 Rimatuu_05    (2)   21 :  0.448 0.464 0.085 0.001 0.003 
281 Rimatuu_06    (2)   21 :  0.079 0.844 0.074 0.001 0.002 
282 Rimatuu_07    (3)   21 :  0.334 0.567 0.096 0.001 0.002 
283 Rimatuu_08    (3)   21 :  0.332 0.635 0.030 0.001 0.002 
284 Rimatuu_09    (2)   21 :  0.531 0.404 0.059 0.001 0.004 
285 Rimatuu_10    (1)   21 :  0.358 0.616 0.023 0.001 0.002 
286 Rimatuu_11    (1)   21 :  0.441 0.494 0.043 0.005 0.018 
287 Rimatuu_12    (2)   21 :  0.403 0.570 0.024 0.001 0.003 
288 Rimatuu_13    (1)   21 :  0.144 0.744 0.110 0.001 0.002 
289 Rimatuu_14    (1)   21 :  0.348 0.580 0.069 0.001 0.002 
290 Rimatuu_15    (1)   21 :  0.432 0.481 0.085 0.001 0.001 
291 Rimatuu_16    (2)   21 :  0.494 0.447 0.057 0.001 0.002 
292 Rimatuu_17    (3)   21 :  0.395 0.593 0.009 0.001 0.002 
293 Rimatuu_18    (3)   21 :  0.582 0.399 0.015 0.001 0.003 
294 Rimatuu_19    (3)   21 :  0.637 0.044 0.305 0.001 0.013 
295 Rimatuu_20    (3)   21 :  0.472 0.130 0.393 0.001 0.005 
296 Rimatuu_21    (4)   21 :  0.401 0.531 0.066 0.001 0.002 
297 Slipper_01    (3)   22 :  0.005 0.971 0.002 0.003 0.019 
298 Slipper_02    (2)   22 :  0.007 0.988 0.002 0.001 0.003 
299 Slipper_03    (3)   22 :  0.004 0.989 0.002 0.001 0.004 
300 Slipper_04    (2)   22 :  0.010 0.984 0.002 0.001 0.003 
301 Slipper_05    (1)   22 :  0.016 0.979 0.001 0.001 0.003 
302 Slipper_06    (2)   22 :  0.004 0.990 0.001 0.001 0.004 
303 Slipper_07    (1)   22 :  0.073 0.918 0.003 0.002 0.004 
304 Slipper_08    (2)   22 :  0.003 0.992 0.002 0.001 0.003 
305 Slipper_09    (3)   22 :  0.005 0.989 0.002 0.001 0.003 
306 Slipper_10    (3)   22 :  0.006 0.988 0.003 0.001 0.003 
307 Slipper_11    (2)   22 :  0.011 0.953 0.002 0.025 0.008 
308 Slipper_12    (2)   22 :  0.008 0.980 0.002 0.004 0.005 
309 Slipper_13    (1)   22 :  0.021 0.971 0.002 0.001 0.005 
310 Slipper_14    (3)   22 :  0.003 0.983 0.003 0.001 0.009 
311 Slipper_15    (2)   22 :  0.010 0.847 0.003 0.001 0.139 
312 Slipper_16    (3)   22 :  0.008 0.980 0.003 0.001 0.009 
313 Slipper_17    (2)   22 :  0.011 0.985 0.002 0.001 0.002 
314 Slipper_18    (0)   22 :  0.009 0.983 0.004 0.001 0.004 
315 Slipper_19    (3)   22 :  0.007 0.986 0.002 0.002 0.003 
316 Slipper_20    (3)   22 :  0.020 0.974 0.003 0.001 0.003 
317 Slipper_21    (2)   22 :  0.011 0.976 0.002 0.001 0.010 
318 Sulawesi_1   (17)   23 :  0.037 0.039 0.030 0.876 0.019 
319 Sulawesi_2    (9)   23 :  0.005 0.006 0.003 0.978 0.009 
320 Sulawesi_3   (18)   23 :  0.007 0.012 0.008 0.969 0.004 
321 Sulawesi_4   (14)   23 :  0.006 0.007 0.012 0.948 0.027 
322 Sulawesi_5    (7)   23 :  0.042 0.013 0.012 0.887 0.046 
323 Sulawesi_6   (22)   23 :  0.049 0.059 0.006 0.879 0.007 
324 Sulawesi_7   (10)   23 :  0.012 0.022 0.024 0.920 0.022 
325 Sulawesi_8   (22)   23 :  0.003 0.002 0.002 0.989 0.004 
326 Sulawesi_9    (9)   23 :  0.008 0.005 0.014 0.960 0.013 
327 Sulawesi10    (9)   23 :  0.025 0.021 0.023 0.915 0.016 
328 Sulawesi11   (16)   23 :  0.067 0.139 0.009 0.778 0.006 
329 Sulawesi12   (20)   23 :  0.006 0.003 0.005 0.983 0.003 
330 Sulawesi13   (18)   23 :  0.004 0.007 0.002 0.977 0.009 
331 Sulawesi14   (27)   23 :  0.016 0.009 0.015 0.949 0.011 
332 Sulawesi15   (23)   23 :  0.033 0.020 0.016 0.906 0.025 
333 Sulawesi16   (24)   23 :  0.009 0.045 0.041 0.892 0.013 
334 Sulawesi17   (10)   23 :  0.019 0.047 0.048 0.825 0.061 
335 Sulawesi18   (20)   23 :  0.006 0.003 0.002 0.977 0.012 
336 Sulawesi19   (18)   23 :  0.009 0.003 0.015 0.968 0.005 
337 Sulawesi20   (22)   23 :  0.021 0.012 0.006 0.957 0.005 
338 Sulawesi21   (12)   23 :  0.011 0.004 0.005 0.967 0.014 
339 Sulawesi22   (35)   23 :  0.002 0.004 0.006 0.985 0.004 
340 Tahanea_01   (10)   24 :  0.006 0.984 0.004 0.003 0.003 
341 Tahanea_02    (2)   24 :  0.005 0.979 0.008 0.002 0.006 
342 Tahanea_03    (9)   24 :  0.009 0.772 0.006 0.209 0.004 
343 Tahanea_04    (3)   24 :  0.012 0.927 0.016 0.023 0.021 
344 Tahanea_05    (2)   24 :  0.012 0.974 0.010 0.001 0.003 
345 Tahanea_06    (2)   24 :  0.010 0.980 0.008 0.001 0.002 
346 Tahanea_07    (3)   24 :  0.016 0.958 0.012 0.003 0.010 
347 Tahanea_08   (15)   24 :  0.003 0.988 0.005 0.002 0.002 
348 Tahanea_09    (3)   24 :  0.007 0.971 0.017 0.002 0.003 
349 Tahanea_10    (2)   24 :  0.005 0.985 0.007 0.001 0.002 
350 Tahanea_11    (5)   24 :  0.010 0.788 0.003 0.194 0.005 
351 Tahanea_12    (3)   24 :  0.005 0.956 0.025 0.011 0.003 
352 Tahanea_13    (2)   24 :  0.008 0.903 0.006 0.081 0.003 
353 Tahanea_14    (2)   24 :  0.006 0.918 0.016 0.052 0.008 
354 Tahanea_15    (2)   24 :  0.005 0.982 0.008 0.003 0.002 
355 Tahanea_16    (9)   24 :  0.006 0.970 0.013 0.004 0.008 
356 Tahanea_17    (2)   24 :  0.004 0.985 0.008 0.001 0.001 
357 Tahanea_18    (6)   24 :  0.008 0.895 0.007 0.089 0.002 
358 Tahanea_19    (3)   24 :  0.005 0.917 0.009 0.065 0.004 
359 Tahanea_20    (0)   24 :  0.006 0.982 0.009 0.001 0.002 
360 Wake_Is_01    (1)   25 :  0.003 0.004 0.002 0.001 0.990 
361 Wake_Is_02    (4)   25 :  0.010 0.007 0.002 0.009 0.972 
362 Wake_Is_03    (2)   25 :  0.002 0.002 0.001 0.000 0.994 
363 Wake_Is_04    (2)   25 :  0.003 0.003 0.002 0.003 0.990 
364 Wake_Is_05    (1)   25 :  0.003 0.004 0.003 0.001 0.989 
365 Wake_Is_06    (0)   25 :  0.010 0.005 0.001 0.001 0.983 
366 Wake_Is_07    (2)   25 :  0.002 0.003 0.002 0.001 0.993 
367 Wake_Is_08    (2)   25 :  0.002 0.002 0.003 0.001 0.992 
368 Wake_Is_09    (2)   25 :  0.002 0.002 0.001 0.001 0.993 
369 Wake_Is_10    (2)   25 :  0.003 0.003 0.001 0.001 0.993 
370 Wake_Is_11    (1)   25 :  0.003 0.002 0.001 0.001 0.993 
371 Wake_Is_12    (2)   25 :  0.005 0.009 0.001 0.001 0.985 
372 Wake_Is_13    (4)   25 :  0.003 0.005 0.002 0.001 0.989 
373 Wake_Is_14    (2)   25 :  0.006 0.003 0.003 0.001 0.987 
374 Wake_Is_15    (2)   25 :  0.002 0.001 0.001 0.008 0.987 
375 Wake_Is_16    (5)   25 :  0.002 0.003 0.002 0.172 0.821 
376 Wake_Is_17    (1)   25 :  0.003 0.002 0.002 0.001 0.993 
377 Wake_Is_18    (1)   25 :  0.003 0.006 0.004 0.001 0.986 
378 Wake_Is_19    (2)   25 :  0.004 0.003 0.007 0.001 0.986 
379 Wake_Is_20    (1)   25 :  0.003 0.002 0.002 0.001 0.993 


Estimated Allele Frequencies in each cluster
First column gives estimated ancestral frequencies


Locus 1 : X299_CHR1_1146 
2 alleles
15.3% missing data
   3   (0.736) 0.976 0.984 0.959 0.791 0.997 
   2   (0.264) 0.024 0.016 0.041 0.209 0.003 

Locus 2 : X13_CHR1_11661 
2 alleles
6.6% missing data
   3   (0.612) 0.405 0.723 0.002 0.894 0.763 
   4   (0.388) 0.595 0.277 0.998 0.106 0.237 

Locus 3 : X14_CHR1_12485 
2 alleles
8.7% missing data
   4   (0.391) 0.871 0.856 0.003 0.130 0.926 
   3   (0.609) 0.129 0.144 0.997 0.870 0.074 

Locus 4 : X15_CHR1_13486 
2 alleles
3.2% missing data
   2   (0.893) 1.000 0.999 1.000 0.848 0.999 
   1   (0.107) 0.000 0.001 0.000 0.152 0.001 

Locus 5 : X16_CHR1_13731 
2 alleles
5.8% missing data
   1   (0.340) 0.804 0.996 0.209 0.021 0.818 
   3   (0.660) 0.196 0.004 0.791 0.979 0.182 

Locus 6 : X18_CHR1_18597 
2 alleles
14.8% missing data
   2   (0.916) 1.000 1.000 1.000 0.954 0.999 
   4   (0.084) 0.000 0.000 0.000 0.046 0.001 

Locus 7 : X19_CHR1_19270 
2 alleles
1.1% missing data
   4   (0.901) 1.000 1.000 1.000 0.905 0.998 
   3   (0.099) 0.000 0.000 0.000 0.095 0.002 

Locus 8 : X20_CHR1_19838 
2 alleles
5.8% missing data
   3   (0.845) 0.999 0.995 0.999 0.921 0.988 
   1   (0.155) 0.001 0.005 0.001 0.079 0.012 

Locus 9 : X21_CHR1_20196 
2 alleles
3.7% missing data
   1   (0.447) 0.604 0.156 0.012 0.406 0.892 
   3   (0.553) 0.396 0.844 0.988 0.594 0.108 

Locus 10 : X22_CHR1_20954 
2 alleles
8.2% missing data
   1   (0.552) 0.972 0.629 0.105 0.549 0.494 
   3   (0.448) 0.028 0.371 0.895 0.451 0.506 

Locus 11 : X23_CHR1_21191 
2 alleles
12.9% missing data
   3   (0.720) 0.031 0.533 0.999 0.957 0.838 
   2   (0.280) 0.969 0.467 0.001 0.043 0.162 

Locus 12 : X262_CHR1_2123 
2 alleles
9.8% missing data
   4   (0.911) 1.000 1.000 1.000 0.940 0.999 
   1   (0.089) 0.000 0.000 0.000 0.060 0.001 

Locus 13 : X24_CHR1_21645 
2 alleles
2.9% missing data
   3   (0.924) 1.000 1.000 1.000 0.975 0.999 
   4   (0.076) 0.000 0.000 0.000 0.025 0.001 

Locus 14 : X25_CHR1_22005 
2 alleles
0.0% missing data
   4   (0.737) 0.997 0.999 0.999 0.207 0.992 
   2   (0.263) 0.003 0.001 0.001 0.793 0.008 

Locus 15 : X26_CHR1_23112 
2 alleles
5.3% missing data
   4   (0.858) 0.999 0.992 0.999 0.899 0.998 
   1   (0.142) 0.001 0.008 0.001 0.101 0.002 

Locus 16 : X27_CHR1_25562 
2 alleles
6.3% missing data
   1   (0.838) 0.999 1.000 0.999 0.432 0.999 
   3   (0.162) 0.001 0.000 0.001 0.568 0.001 

Locus 17 : X300_CHR1_2620 
2 alleles
7.9% missing data
   1   (0.767) 0.966 0.999 0.980 0.890 0.932 
   2   (0.233) 0.034 0.001 0.020 0.110 0.068 

Locus 18 : X301_CHR1_2620 
2 alleles
24.8% missing data
   4   (0.751) 0.895 0.998 0.999 0.825 0.709 
   2   (0.249) 0.105 0.002 0.001 0.175 0.291 

Locus 19 : X28_CHR1_26550 
2 alleles
2.9% missing data
   3   (0.888) 0.995 0.999 0.997 0.968 0.999 
   1   (0.112) 0.005 0.001 0.003 0.032 0.001 

Locus 20 : X29_CHR1_28123 
2 alleles
10.6% missing data
   1   (0.822) 0.999 1.000 0.999 0.348 0.998 
   3   (0.178) 0.001 0.000 0.001 0.652 0.002 

Locus 21 : X260_CHR1_3236 
2 alleles
0.3% missing data
   4   (0.709) 0.991 0.981 0.972 0.791 0.806 
   2   (0.291) 0.009 0.019 0.028 0.209 0.194 

Locus 22 : X2_CHR1_348682 
2 alleles
7.1% missing data
   1   (0.670) 0.997 0.998 0.998 0.282 0.471 
   3   (0.330) 0.003 0.002 0.002 0.718 0.529 

Locus 23 : X3_CHR1_537201 
2 alleles
4.2% missing data
   4   (0.873) 0.999 1.000 0.999 0.733 0.997 
   2   (0.127) 0.001 0.000 0.001 0.267 0.003 

Locus 24 : X296_CHR1_5774 
2 alleles
45.4% missing data
   3   (0.638) 0.799 0.765 0.678 0.841 0.685 
   2   (0.362) 0.201 0.235 0.322 0.159 0.315 

Locus 25 : X4_CHR1_578156 
2 alleles
17.4% missing data
   4   (0.530) 0.545 0.545 0.885 0.490 0.864 
   3   (0.470) 0.455 0.455 0.115 0.510 0.136 

Locus 26 : X5_CHR1_657423 
2 alleles
9.2% missing data
   4   (0.922) 1.000 1.000 1.000 0.968 0.999 
   2   (0.078) 0.000 0.000 0.000 0.032 0.001 

Locus 27 : X6_CHR1_723638 
2 alleles
11.9% missing data
   3   (0.928) 1.000 1.000 1.000 0.981 0.999 
   1   (0.072) 0.000 0.000 0.000 0.019 0.001 

Locus 28 : X7_CHR1_801358 
2 alleles
7.7% missing data
   2   (0.613) 0.998 0.999 0.998 0.035 0.995 
   4   (0.387) 0.002 0.001 0.002 0.965 0.005 

Locus 29 : X297_CHR1_8053 
2 alleles
19.8% missing data
   4   (0.867) 0.999 0.990 0.999 0.926 0.998 
   1   (0.133) 0.001 0.010 0.001 0.074 0.002 

Locus 30 : X298_CHR1_8257 
2 alleles
6.1% missing data
   2   (0.889) 1.000 1.000 1.000 0.817 0.999 
   4   (0.111) 0.000 0.000 0.000 0.183 0.001 

Locus 31 : X8_CHR1_853819 
2 alleles
7.4% missing data
   2   (0.852) 0.996 1.000 0.999 0.757 0.997 
   4   (0.148) 0.004 0.000 0.001 0.243 0.003 

Locus 32 : X9_CHR1_890393 
2 alleles
23.2% missing data
   2   (0.344) 0.299 0.757 0.997 0.049 0.470 
   4   (0.656) 0.701 0.243 0.003 0.951 0.530 

Locus 33 : X10_CHR1_94071 
2 alleles
12.7% missing data
   4   (0.667) 0.320 0.376 0.998 0.877 0.582 
   1   (0.333) 0.680 0.624 0.002 0.123 0.418 

Locus 34 : X174_CHR10_100 
2 alleles
7.1% missing data
   1   (0.909) 1.000 1.000 1.000 0.923 0.999 
   3   (0.091) 0.000 0.000 0.000 0.077 0.001 

Locus 35 : X175_CHR10_106 
2 alleles
20.6% missing data
   1   (0.612) 0.985 0.979 0.998 0.377 0.658 
   4   (0.388) 0.015 0.021 0.002 0.623 0.342 

Locus 36 : X157_CHR10_131 
2 alleles
0.5% missing data
   3   (0.913) 1.000 1.000 1.000 0.946 0.999 
   1   (0.087) 0.000 0.000 0.000 0.054 0.001 

Locus 37 : X276_CHR10_157 
2 alleles
21.1% missing data
   4   (0.833) 0.999 0.999 0.999 0.499 0.997 
   2   (0.167) 0.001 0.001 0.001 0.501 0.003 

Locus 38 : X158_CHR10_182 
2 alleles
0.0% missing data
   2   (0.335) 0.036 0.505 0.997 0.037 0.934 
   4   (0.665) 0.964 0.495 0.003 0.963 0.066 

Locus 39 : X159_CHR10_293 
2 alleles
3.2% missing data
   4   (0.834) 0.999 1.000 0.999 0.556 0.992 
   2   (0.166) 0.001 0.000 0.001 0.444 0.008 

Locus 40 : X160_CHR10_387 
2 alleles
4.7% missing data
   4   (0.906) 1.000 1.000 1.000 0.919 0.999 
   3   (0.094) 0.000 0.000 0.000 0.081 0.001 

Locus 41 : X277_CHR10_414 
2 alleles
33.8% missing data
   2   (0.171) 0.689 0.846 0.001 0.021 0.002 
   4   (0.829) 0.311 0.154 0.999 0.979 0.998 

Locus 42 : X278_CHR10_459 
2 alleles
3.4% missing data
   4   (0.869) 0.999 1.000 1.000 0.939 0.967 
   1   (0.131) 0.001 0.000 0.000 0.061 0.033 

Locus 43 : X161_CHR10_465 
2 alleles
8.2% missing data
   3   (0.884) 0.999 0.999 1.000 0.828 0.999 
   1   (0.116) 0.001 0.001 0.000 0.172 0.001 

Locus 44 : X163_CHR10_564 
2 alleles
0.8% missing data
   4   (0.737) 0.996 0.997 0.988 0.601 0.945 
   2   (0.263) 0.004 0.003 0.012 0.399 0.055 

Locus 45 : X279_CHR10_566 
2 alleles
4.0% missing data
   3   (0.849) 0.998 1.000 0.999 0.659 0.999 
   1   (0.151) 0.002 0.000 0.001 0.341 0.001 

Locus 46 : X164_CHR10_590 
2 alleles
0.8% missing data
   4   (0.558) 0.400 0.417 0.057 0.720 0.800 
   2   (0.442) 0.600 0.583 0.943 0.280 0.200 

Locus 47 : X165_CHR10_636 
2 alleles
7.4% missing data
   4   (0.878) 0.999 1.000 1.000 0.761 0.999 
   1   (0.122) 0.001 0.000 0.000 0.239 0.001 

Locus 48 : X166_CHR10_667 
2 alleles
8.4% missing data
   3   (0.900) 1.000 1.000 1.000 0.887 0.999 
   1   (0.100) 0.000 0.000 0.000 0.113 0.001 

Locus 49 : X156_CHR10_684 
2 alleles
9.2% missing data
   4   (0.838) 0.641 0.865 0.999 0.979 0.998 
   2   (0.162) 0.359 0.135 0.001 0.021 0.002 

Locus 50 : X167_CHR10_718 
2 alleles
1.1% missing data
   1   (0.762) 0.999 0.999 0.999 0.496 0.718 
   3   (0.238) 0.001 0.001 0.001 0.504 0.282 

Locus 51 : X168_CHR10_740 
2 alleles
8.7% missing data
   1   (0.893) 1.000 1.000 1.000 0.853 0.999 
   3   (0.107) 0.000 0.000 0.000 0.147 0.001 

Locus 52 : X169_CHR10_771 
2 alleles
11.9% missing data
   1   (0.774) 0.899 0.869 0.995 0.968 0.682 
   3   (0.226) 0.101 0.131 0.005 0.032 0.318 

Locus 53 : X170_CHR10_833 
2 alleles
0.3% missing data
   3   (0.761) 0.962 0.972 0.999 0.901 0.968 
   4   (0.239) 0.038 0.028 0.001 0.099 0.032 

Locus 54 : X171_CHR10_863 
2 alleles
6.1% missing data
   2   (0.386) 0.953 0.789 0.593 0.076 0.584 
   4   (0.614) 0.047 0.211 0.407 0.924 0.416 

Locus 55 : X172_CHR10_915 
2 alleles
6.6% missing data
   4   (0.161) 0.001 0.036 0.001 0.122 0.004 
   2   (0.839) 0.999 0.964 0.999 0.878 0.996 

Locus 56 : X173_CHR10_946 
2 alleles
6.6% missing data
   2   (0.845) 0.999 1.000 0.999 0.883 0.800 
   1   (0.155) 0.001 0.000 0.001 0.117 0.200 

Locus 57 : X176_CHR11_144 
2 alleles
4.5% missing data
   3   (0.840) 0.999 1.000 0.999 0.477 0.999 
   1   (0.160) 0.001 0.000 0.001 0.523 0.001 

Locus 58 : X177_CHR11_223 
2 alleles
7.9% missing data
   3   (0.877) 0.999 1.000 1.000 0.768 0.996 
   1   (0.123) 0.001 0.000 0.000 0.232 0.004 

Locus 59 : X178_CHR11_314 
2 alleles
3.2% missing data
   1   (0.347) 0.113 0.775 0.698 0.132 0.073 
   3   (0.653) 0.887 0.225 0.302 0.868 0.927 

Locus 60 : X179_CHR11_448 
2 alleles
31.7% missing data
   3   (0.917) 1.000 1.000 1.000 0.959 0.999 
   1   (0.083) 0.000 0.000 0.000 0.041 0.001 

Locus 61 : X180_CHR11_530 
2 alleles
7.1% missing data
   1   (0.585) 0.260 0.553 0.996 0.663 0.498 
   2   (0.415) 0.740 0.447 0.004 0.337 0.502 

Locus 62 : X181_CHR11_620 
2 alleles
6.3% missing data
   1   (0.520) 0.186 0.737 0.015 0.427 0.994 
   3   (0.480) 0.814 0.263 0.985 0.573 0.006 

Locus 63 : X183_CHR11_792 
2 alleles
6.6% missing data
   3   (0.777) 0.998 0.996 0.999 0.738 0.724 
   2   (0.223) 0.002 0.004 0.001 0.262 0.276 

Locus 64 : X184_CHR11_817 
2 alleles
2.4% missing data
   4   (0.834) 0.999 1.000 0.999 0.680 0.987 
   2   (0.166) 0.001 0.000 0.001 0.320 0.013 

Locus 65 : X185_CHR12_131 
2 alleles
9.5% missing data
   3   (0.898) 1.000 1.000 1.000 0.882 0.999 
   1   (0.102) 0.000 0.000 0.000 0.118 0.001 

Locus 66 : X186_CHR12_171 
2 alleles
4.2% missing data
   2   (0.685) 0.873 0.793 0.998 0.841 0.507 
   3   (0.315) 0.127 0.207 0.002 0.159 0.493 

Locus 67 : X187_CHR12_221 
2 alleles
0.3% missing data
   3   (0.841) 0.999 1.000 0.999 0.477 0.999 
   1   (0.159) 0.001 0.000 0.001 0.523 0.001 

Locus 68 : X188_CHR12_281 
2 alleles
7.1% missing data
   4   (0.892) 1.000 0.999 0.999 0.962 0.991 
   2   (0.108) 0.000 0.001 0.001 0.038 0.009 

Locus 69 : X311_CHR12_412 
2 alleles
7.4% missing data
   3   (0.924) 1.000 1.000 1.000 0.971 0.999 
   1   (0.076) 0.000 0.000 0.000 0.029 0.001 

Locus 70 : X312_CHR12_412 
2 alleles
19.5% missing data
   3   (0.936) 0.999 0.997 0.999 0.996 0.999 
   2   (0.064) 0.001 0.003 0.001 0.004 0.001 

Locus 71 : X190_CHR12_430 
2 alleles
2.9% missing data
   3   (0.882) 0.999 1.000 1.000 0.739 0.999 
   1   (0.118) 0.001 0.000 0.000 0.261 0.001 

Locus 72 : X191_CHR12_512 
2 alleles
5.8% missing data
   4   (0.263) 0.022 0.068 0.050 0.313 0.003 
   2   (0.737) 0.978 0.932 0.950 0.687 0.997 

Locus 73 : X192_CHR13_501 
2 alleles
15.3% missing data
   3   (0.920) 1.000 1.000 1.000 0.964 0.999 
   1   (0.080) 0.000 0.000 0.000 0.036 0.001 

Locus 74 : X284_CHR13_570 
2 alleles
1.3% missing data
   4   (0.569) 0.877 0.958 0.802 0.462 0.882 
   3   (0.431) 0.123 0.042 0.198 0.538 0.118 

Locus 75 : X193_CHR13_631 
2 alleles
12.4% missing data
   2   (0.450) 0.255 0.612 0.467 0.323 0.653 
   4   (0.550) 0.745 0.388 0.533 0.677 0.347 

Locus 76 : X194_CHR13_754 
2 alleles
6.1% missing data
   4   (0.511) 0.461 0.845 0.998 0.293 0.577 
   2   (0.489) 0.539 0.155 0.002 0.707 0.423 

Locus 77 : X195_CHR13_794 
2 alleles
4.5% missing data
   1   (0.492) 0.535 0.473 0.957 0.616 0.012 
   3   (0.508) 0.465 0.527 0.043 0.384 0.988 

Locus 78 : X196_CHR13_841 
2 alleles
5.3% missing data
   4   (0.852) 0.999 0.997 0.999 0.761 0.998 
   2   (0.148) 0.001 0.003 0.001 0.239 0.002 

Locus 79 : X313_CHR13_914 
2 alleles
11.3% missing data
   3   (0.901) 1.000 1.000 1.000 0.890 0.999 
   1   (0.099) 0.000 0.000 0.000 0.110 0.001 

Locus 80 : X198_CHR13_927 
2 alleles
5.5% missing data
   3   (0.404) 0.296 0.722 0.002 0.333 0.534 
   1   (0.596) 0.704 0.278 0.998 0.667 0.466 

Locus 81 : X285_CHR13_937 
2 alleles
16.4% missing data
   1   (0.180) 0.144 0.430 0.001 0.034 0.005 
   3   (0.820) 0.856 0.570 0.999 0.966 0.995 

Locus 82 : X199_CHR13_957 
2 alleles
9.5% missing data
   1   (0.890) 1.000 1.000 1.000 0.852 0.998 
   3   (0.110) 0.000 0.000 0.000 0.148 0.002 

Locus 83 : X208_CHR14_105 
2 alleles
6.9% missing data
   2   (0.869) 0.999 1.000 0.999 0.698 0.998 
   3   (0.131) 0.001 0.000 0.001 0.302 0.002 

Locus 84 : X209_CHR14_110 
2 alleles
12.7% missing data
   4   (0.805) 0.999 0.999 0.993 0.443 0.997 
   2   (0.195) 0.001 0.001 0.007 0.557 0.003 

Locus 85 : X210_CHR14_113 
2 alleles
24.5% missing data
   3   (0.781) 0.999 0.999 0.999 0.644 0.568 
   1   (0.219) 0.001 0.001 0.001 0.356 0.432 

Locus 86 : X201_CHR14_115 
2 alleles
53.6% missing data
   1   (0.498) 0.593 0.497 0.603 0.445 0.601 
   3   (0.502) 0.407 0.503 0.397 0.555 0.399 

Locus 87 : X202_CHR14_208 
2 alleles
53.3% missing data
   4   (0.505) 0.436 0.278 0.319 0.620 0.257 
   2   (0.495) 0.564 0.722 0.681 0.380 0.743 

Locus 88 : X203_CHR14_425 
2 alleles
7.9% missing data
   1   (0.893) 0.999 0.999 1.000 0.899 0.999 
   2   (0.107) 0.001 0.001 0.000 0.101 0.001 

Locus 89 : X200_CHR14_508 
2 alleles
5.0% missing data
   3   (0.914) 1.000 1.000 1.000 0.948 0.999 
   1   (0.086) 0.000 0.000 0.000 0.052 0.001 

Locus 90 : X204_CHR14_627 
2 alleles
3.2% missing data
   1   (0.609) 0.390 0.579 0.010 0.905 0.609 
   3   (0.391) 0.610 0.421 0.990 0.095 0.391 

