

----------------------------------------------------
STRUCTURE by Pritchard, Stephens and Donnelly (2000)
     and Falush, Stephens and Pritchard (2003)
       Code by Pritchard, Falush and Hubisz
             Version 2.3.4 (Jul 2012)
----------------------------------------------------



Command line arguments:   bin\structure -m C:\Users\airhe\OneDrive\Documents\Masters\Project 3\kiore-project\results\ratsSNPs_struc_preHWE\as_pdf\mainparams -e C:\Users\airhe\OneDrive\Documents\Masters\Project 3\kiore-project\results\ratsSNPs_struc_preHWE\as_pdf\extraparams 
Input File:    C:\Users\airhe\OneDrive\Documents\Masters\Project 3\kiore-project\results\ratsSNPs_struc_preHWE\project_data

Run parameters:
   379 individuals
   282 loci
   8 populations assumed
   5000 Burn-in period
   50000 Reps


--------------------------------------------
Proportion of membership of each pre-defined
 population in each of the 8 clusters

Given    Inferred Clusters                                          Number of
 Pop       1      2      3      4      5      6      7      8      Individuals

  1:     0.003  0.003  0.526  0.443  0.013  0.003  0.008  0.001       10
  2:     0.040  0.037  0.042  0.019  0.035  0.014  0.026  0.787       18
  3:     0.001  0.004  0.681  0.246  0.006  0.019  0.002  0.041        1
  4:     0.001  0.004  0.676  0.171  0.008  0.026  0.088  0.025        1
  5:     0.054  0.005  0.006  0.008  0.030  0.011  0.008  0.878       12
  6:     0.002  0.004  0.005  0.970  0.005  0.009  0.002  0.003       21
  7:     0.001  0.001  0.001  0.001  0.001  0.001  0.993  0.001       20
  8:     0.001  0.004  0.500  0.462  0.004  0.003  0.024  0.003       20
  9:     0.001  0.001  0.002  0.003  0.002  0.939  0.001  0.049       21
 10:     0.774  0.001  0.001  0.001  0.001  0.001  0.001  0.220       21
 11:     0.024  0.024  0.069  0.033  0.683  0.065  0.055  0.048       21
 12:     0.193  0.001  0.001  0.001  0.002  0.001  0.001  0.800        6
 13:     0.023  0.006  0.008  0.009  0.004  0.005  0.003  0.941       12
 14:     0.002  0.006  0.005  0.707  0.017  0.226  0.036  0.002       14
 15:     0.001  0.002  0.988  0.003  0.002  0.002  0.002  0.000       21
 16:     0.007  0.017  0.030  0.032  0.121  0.006  0.012  0.774       10
 17:     0.006  0.001  0.001  0.001  0.001  0.001  0.001  0.986        3
 18:     0.002  0.007  0.003  0.002  0.002  0.004  0.002  0.978        1
 19:     0.007  0.035  0.829  0.041  0.045  0.025  0.016  0.002       21
 20:     0.003  0.015  0.044  0.015  0.023  0.580  0.317  0.002       21
 21:     0.002  0.027  0.408  0.013  0.004  0.480  0.065  0.001       21
 22:     0.004  0.005  0.956  0.009  0.006  0.017  0.003  0.001       21
 23:     0.212  0.017  0.012  0.019  0.009  0.012  0.008  0.711       22
 24:     0.001  0.977  0.002  0.001  0.001  0.002  0.001  0.014       20
 25:     0.002  0.002  0.003  0.002  0.978  0.002  0.002  0.009       20
--------------------------------------------

Allele-freq. divergence among pops (Net nucleotide distance),
computed using point estimates of P.

      1       2       3       4       5       6       7       8      
 1      -    0.1842  0.1528  0.1541  0.1319  0.1471  0.1599  0.1298  
 2   0.1842     -    0.0761  0.0788  0.1046  0.0870  0.1075  0.1752  
 3   0.1528  0.0761     -    0.0439  0.0588  0.0452  0.0733  0.1582  
 4   0.1541  0.0788  0.0439     -    0.0652  0.0446  0.0823  0.1533  
 5   0.1319  0.1046  0.0588  0.0652     -    0.0790  0.0971  0.1244  
 6   0.1471  0.0870  0.0452  0.0446  0.0790     -    0.0841  0.1525  
 7   0.1599  0.1075  0.0733  0.0823  0.0971  0.0841     -    0.1616  
 8   0.1298  0.1752  0.1582  0.1533  0.1244  0.1525  0.1616     -    

Average distances (expected heterozygosity) between individuals in same cluster:
cluster  1  : 0.0608 
cluster  2  : 0.0462 
cluster  3  : 0.0992 
cluster  4  : 0.1008 
cluster  5  : 0.1195 
cluster  6  : 0.0933 
cluster  7  : 0.0517 
cluster  8  : 0.2791 

--------------------------------------------
Estimated Ln Prob of Data   = -40598.1
Mean value of ln likelihood = -39934.9
Variance of ln likelihood   = 1326.4
Mean value of alpha         = 0.0429

Mean value of Fst_1         = 0.7835
Mean value of Fst_2         = 0.8001
Mean value of Fst_3         = 0.6256
Mean value of Fst_4         = 0.6456
Mean value of Fst_5         = 0.5445
Mean value of Fst_6         = 0.6533
Mean value of Fst_7         = 0.7968
Mean value of Fst_8         = 0.2399


Inferred ancestry of individuals:
        Label (%Miss) Pop:  Inferred clusters
  1 Aotea__001    (1)    1 :  0.010 0.002 0.612 0.345 0.012 0.007 0.010 0.001 
  2 Aotea__002    (2)    1 :  0.002 0.001 0.514 0.470 0.005 0.002 0.006 0.000 
  3 Aotea__003    (1)    1 :  0.001 0.004 0.487 0.497 0.004 0.004 0.002 0.001 
  4 Aotea__004    (2)    1 :  0.002 0.002 0.527 0.462 0.003 0.002 0.002 0.001 
  5 Aotea__005    (4)    1 :  0.002 0.002 0.577 0.398 0.002 0.003 0.015 0.001 
  6 Aotea__006    (3)    1 :  0.001 0.003 0.475 0.514 0.003 0.003 0.002 0.000 
  7 Aotea__007    (4)    1 :  0.002 0.005 0.514 0.395 0.076 0.002 0.005 0.000 
  8 Aotea__008    (3)    1 :  0.006 0.008 0.483 0.457 0.019 0.002 0.020 0.004 
  9 Aotea__009    (3)    1 :  0.002 0.002 0.598 0.386 0.002 0.005 0.005 0.001 
 10 Aotea__010    (2)    1 :  0.002 0.001 0.470 0.508 0.006 0.004 0.010 0.000 
 11 Borneo_002   (57)    2 :  0.001 0.003 0.014 0.008 0.027 0.004 0.002 0.941 
 12 Borneo_003   (45)    2 :  0.002 0.002 0.030 0.003 0.109 0.004 0.001 0.849 
 13 Borneo_004   (35)    2 :  0.003 0.030 0.019 0.010 0.041 0.018 0.044 0.835 
 14 Borneo_005   (52)    2 :  0.001 0.004 0.025 0.007 0.002 0.018 0.004 0.939 
 15 Borneo_006   (56)    2 :  0.001 0.001 0.002 0.002 0.002 0.003 0.003 0.988 
 16 Borneo_008   (45)    2 :  0.019 0.080 0.105 0.036 0.011 0.011 0.034 0.705 
 17 Borneo_012   (33)    2 :  0.006 0.004 0.117 0.072 0.018 0.038 0.003 0.742 
 18 Borneo_013   (13)    2 :  0.292 0.009 0.103 0.006 0.177 0.004 0.014 0.395 
 19 Borneo_014   (55)    2 :  0.001 0.002 0.001 0.001 0.001 0.001 0.002 0.990 
 20 Borneo_015   (36)    2 :  0.004 0.157 0.044 0.058 0.010 0.010 0.002 0.715 
 21 Borneo_016   (47)    2 :  0.007 0.174 0.015 0.032 0.004 0.030 0.007 0.730 
 22 Borneo_017   (56)    2 :  0.078 0.008 0.020 0.036 0.029 0.014 0.024 0.790 
 23 Borneo_019   (23)    2 :  0.017 0.017 0.027 0.006 0.055 0.020 0.173 0.686 
 24 Borneo_020   (37)    2 :  0.006 0.005 0.202 0.016 0.010 0.026 0.002 0.732 
 25 Borneo_021   (35)    2 :  0.006 0.147 0.006 0.003 0.082 0.010 0.001 0.745 
 26 Borneo_022   (26)    2 :  0.020 0.016 0.009 0.003 0.005 0.008 0.101 0.838 
 27 Borneo_023   (24)    2 :  0.029 0.005 0.013 0.021 0.021 0.010 0.024 0.878 
 28 Borneo_024   (21)    2 :  0.229 0.010 0.009 0.013 0.022 0.024 0.030 0.664 
 29 Southland1    (0)    3 :  0.001 0.004 0.681 0.246 0.006 0.019 0.002 0.041 
 30 GrtMercury    (0)    4 :  0.001 0.004 0.676 0.171 0.008 0.026 0.088 0.025 
 31 Halmaher10   (48)    5 :  0.001 0.003 0.002 0.003 0.003 0.012 0.002 0.975 
 32 Halmaher11   (50)    5 :  0.001 0.001 0.001 0.002 0.001 0.002 0.001 0.990 
 33 Halmaher19   (50)    5 :  0.004 0.001 0.001 0.001 0.001 0.001 0.001 0.989 
 34 Halmaher23   (49)    5 :  0.007 0.015 0.005 0.029 0.015 0.021 0.029 0.880 
 35 Halmaher24   (18)    5 :  0.113 0.014 0.028 0.003 0.266 0.005 0.002 0.568 
 36 Halmahera1   (21)    5 :  0.035 0.010 0.011 0.034 0.028 0.009 0.009 0.865 
 37 Halmahera2   (33)    5 :  0.007 0.001 0.003 0.004 0.003 0.066 0.028 0.888 
 38 Halmahera3   (24)    5 :  0.010 0.003 0.011 0.006 0.009 0.008 0.008 0.946 
 39 Halmahera6   (40)    5 :  0.058 0.004 0.002 0.002 0.002 0.002 0.002 0.928 
 40 Halmahera7   (57)    5 :  0.002 0.001 0.002 0.003 0.002 0.004 0.001 0.986 
 41 Halmahera8   (41)    5 :  0.143 0.002 0.004 0.002 0.030 0.003 0.011 0.805 
 42 Halmahera9   (36)    5 :  0.269 0.002 0.003 0.002 0.004 0.002 0.004 0.715 
 43 Hatutaa_01    (6)    6 :  0.005 0.007 0.002 0.957 0.001 0.005 0.003 0.020 
 44 Hatutaa_02    (2)    6 :  0.002 0.008 0.007 0.973 0.004 0.003 0.002 0.002 
 45 Hatutaa_03    (1)    6 :  0.001 0.003 0.003 0.987 0.001 0.004 0.001 0.000 
 46 Hatutaa_04    (3)    6 :  0.001 0.003 0.004 0.986 0.002 0.001 0.002 0.001 
 47 Hatutaa_05    (3)    6 :  0.001 0.003 0.004 0.893 0.059 0.004 0.004 0.031 
 48 Hatutaa_06    (1)    6 :  0.001 0.001 0.006 0.976 0.001 0.012 0.001 0.000 
 49 Hatutaa_07    (1)    6 :  0.001 0.005 0.003 0.980 0.002 0.005 0.004 0.000 
 50 Hatutaa_08    (7)    6 :  0.001 0.001 0.002 0.988 0.001 0.004 0.001 0.000 
 51 Hatutaa_09    (2)    6 :  0.001 0.001 0.003 0.990 0.001 0.003 0.001 0.000 
 52 Hatutaa_10    (2)    6 :  0.023 0.002 0.004 0.877 0.002 0.085 0.005 0.001 
 53 Hatutaa_11    (3)    6 :  0.002 0.006 0.014 0.967 0.003 0.006 0.002 0.001 
 54 Hatutaa_12    (1)    6 :  0.001 0.003 0.002 0.990 0.002 0.001 0.001 0.001 
 55 Hatutaa_13    (1)    6 :  0.001 0.002 0.001 0.991 0.001 0.002 0.002 0.000 
 56 Hatutaa_14    (2)    6 :  0.001 0.013 0.005 0.953 0.001 0.025 0.002 0.000 
 57 Hatutaa_15    (1)    6 :  0.002 0.003 0.023 0.953 0.010 0.006 0.002 0.000 
 58 Hatutaa_16    (5)    6 :  0.002 0.002 0.004 0.984 0.001 0.005 0.002 0.000 
 59 Hatutaa_17    (2)    6 :  0.001 0.003 0.004 0.981 0.002 0.005 0.002 0.000 
 60 Hatutaa_18    (1)    6 :  0.001 0.002 0.002 0.991 0.001 0.003 0.001 0.000 
 61 Hatutaa_19    (1)    6 :  0.002 0.001 0.002 0.991 0.001 0.002 0.001 0.000 
 62 Hatutaa_20    (2)    6 :  0.001 0.011 0.004 0.972 0.002 0.008 0.002 0.000 
 63 Hatutaa_21    (2)    6 :  0.001 0.003 0.002 0.987 0.002 0.003 0.002 0.000 
 64 Honuea_001    (2)    7 :  0.001 0.002 0.001 0.001 0.001 0.001 0.992 0.001 
 65 Honuea_002    (3)    7 :  0.001 0.001 0.001 0.001 0.001 0.001 0.995 0.000 
 66 Honuea_003    (2)    7 :  0.001 0.001 0.001 0.001 0.001 0.001 0.995 0.000 
 67 Honuea_004    (4)    7 :  0.001 0.001 0.001 0.001 0.001 0.001 0.995 0.000 
 68 Honuea_005    (5)    7 :  0.001 0.001 0.001 0.001 0.001 0.001 0.983 0.010 
 69 Honuea_006    (5)    7 :  0.001 0.002 0.001 0.001 0.001 0.001 0.990 0.003 
 70 Honuea_007    (2)    7 :  0.001 0.001 0.001 0.001 0.001 0.001 0.993 0.001 
 71 Honuea_008    (1)    7 :  0.001 0.001 0.001 0.001 0.001 0.002 0.993 0.001 
 72 Honuea_009    (3)    7 :  0.001 0.001 0.001 0.001 0.001 0.001 0.995 0.000 
 73 Honuea_010    (3)    7 :  0.001 0.001 0.002 0.001 0.001 0.002 0.992 0.000 
 74 Honuea_011    (3)    7 :  0.001 0.001 0.001 0.001 0.001 0.001 0.995 0.000 
 75 Honuea_012    (3)    7 :  0.001 0.001 0.001 0.001 0.002 0.001 0.993 0.001 
 76 Honuea_013    (0)    7 :  0.001 0.001 0.001 0.001 0.001 0.001 0.996 0.000 
 77 Honuea_015    (3)    7 :  0.001 0.001 0.001 0.001 0.001 0.001 0.995 0.000 
 78 Honuea_016    (2)    7 :  0.001 0.001 0.001 0.001 0.001 0.001 0.993 0.000 
 79 Honuea_017    (3)    7 :  0.001 0.001 0.001 0.001 0.001 0.001 0.996 0.000 
 80 Honuea_018    (2)    7 :  0.001 0.001 0.001 0.001 0.001 0.001 0.994 0.000 
 81 Honuea_019    (2)    7 :  0.001 0.002 0.001 0.001 0.002 0.001 0.992 0.000 
 82 Honuea_020    (3)    7 :  0.001 0.001 0.001 0.001 0.001 0.001 0.992 0.002 
 83 Honuea_021    (1)    7 :  0.001 0.001 0.001 0.001 0.001 0.001 0.996 0.000 
 84 Kaikura_01    (2)    8 :  0.001 0.011 0.389 0.511 0.005 0.003 0.080 0.000 
 85 Kaikura_02    (4)    8 :  0.001 0.010 0.528 0.418 0.002 0.002 0.038 0.000 
 86 Kaikura_03    (3)    8 :  0.001 0.002 0.457 0.532 0.002 0.002 0.003 0.000 
 87 Kaikura_04    (3)    8 :  0.001 0.001 0.598 0.391 0.002 0.003 0.004 0.000 
 88 Kaikura_05   (12)    8 :  0.001 0.002 0.326 0.611 0.001 0.003 0.003 0.053 
 89 Kaikura_06    (2)    8 :  0.001 0.004 0.369 0.619 0.003 0.001 0.002 0.000 
 90 Kaikura_07    (1)    8 :  0.001 0.004 0.577 0.406 0.003 0.004 0.005 0.000 
 91 Kaikura_08    (1)    8 :  0.001 0.003 0.533 0.331 0.002 0.004 0.126 0.000 
 92 Kaikura_09    (2)    8 :  0.001 0.003 0.374 0.611 0.002 0.003 0.006 0.000 
 93 Kaikura_10    (4)    8 :  0.001 0.003 0.410 0.580 0.002 0.002 0.002 0.000 
 94 Kaikura_11    (7)    8 :  0.003 0.006 0.494 0.486 0.003 0.003 0.004 0.001 
 95 Kaikura_12    (5)    8 :  0.002 0.004 0.425 0.511 0.001 0.002 0.054 0.000 
 96 Kaikura_13    (2)    8 :  0.001 0.004 0.623 0.343 0.004 0.005 0.020 0.000 
 97 Kaikura_14    (3)    8 :  0.001 0.003 0.714 0.275 0.003 0.002 0.002 0.000 
 98 Kaikura_15    (2)    8 :  0.001 0.002 0.549 0.442 0.001 0.002 0.003 0.000 
 99 Kaikura_16    (2)    8 :  0.001 0.002 0.629 0.360 0.001 0.001 0.006 0.000 
100 Kaikura_17    (2)    8 :  0.001 0.004 0.481 0.501 0.003 0.006 0.003 0.001 
101 Kaikura_18    (2)    8 :  0.002 0.005 0.567 0.388 0.015 0.002 0.020 0.001 
102 Kaikura_19    (2)    8 :  0.005 0.003 0.417 0.547 0.017 0.003 0.007 0.001 
103 Kaikura_20    (3)    8 :  0.001 0.003 0.532 0.369 0.002 0.009 0.085 0.000 
104 Kamaka_001    (3)    9 :  0.001 0.001 0.002 0.003 0.006 0.986 0.001 0.001 
105 Kamaka_002    (2)    9 :  0.001 0.001 0.002 0.002 0.001 0.990 0.001 0.000 
106 Kamaka_003    (3)    9 :  0.001 0.001 0.002 0.001 0.001 0.992 0.001 0.000 
107 Kamaka_004    (5)    9 :  0.002 0.001 0.002 0.002 0.002 0.990 0.001 0.000 
108 Kamaka_005    (5)    9 :  0.001 0.001 0.001 0.002 0.001 0.994 0.001 0.000 
109 Kamaka_006    (2)    9 :  0.001 0.001 0.001 0.002 0.001 0.993 0.001 0.000 
110 Kamaka_007    (2)    9 :  0.001 0.001 0.001 0.004 0.001 0.989 0.001 0.001 
111 Kamaka_008    (2)    9 :  0.002 0.001 0.001 0.002 0.001 0.991 0.001 0.000 
112 Kamaka_009   (56)    9 :  0.001 0.001 0.001 0.001 0.001 0.001 0.001 0.992 
113 Kamaka_010    (2)    9 :  0.002 0.001 0.003 0.004 0.002 0.982 0.005 0.001 
114 Kamaka_011    (3)    9 :  0.003 0.002 0.003 0.002 0.014 0.953 0.003 0.020 
115 Kamaka_012    (4)    9 :  0.002 0.001 0.002 0.002 0.001 0.990 0.002 0.000 
116 Kamaka_013    (3)    9 :  0.001 0.002 0.003 0.002 0.002 0.988 0.002 0.001 
117 Kamaka_014    (1)    9 :  0.001 0.002 0.003 0.003 0.001 0.988 0.001 0.001 
118 Kamaka_015    (3)    9 :  0.001 0.001 0.001 0.002 0.001 0.991 0.001 0.002 
119 Kamaka_016    (1)    9 :  0.001 0.001 0.002 0.004 0.001 0.989 0.001 0.000 
120 Kamaka_017    (1)    9 :  0.001 0.001 0.002 0.001 0.001 0.993 0.001 0.000 
121 Kamaka_018    (2)    9 :  0.001 0.001 0.001 0.001 0.001 0.992 0.001 0.001 
122 Kamaka_019    (3)    9 :  0.001 0.002 0.002 0.001 0.001 0.990 0.002 0.000 
123 Kamaka_020    (4)    9 :  0.002 0.005 0.003 0.003 0.004 0.969 0.001 0.013 
124 Kamaka_021    (3)    9 :  0.003 0.001 0.004 0.017 0.005 0.967 0.001 0.001 
125 Kayangel01    (3)   10 :  0.995 0.000 0.001 0.001 0.001 0.001 0.001 0.001 
126 Kayangel02    (3)   10 :  0.995 0.001 0.001 0.000 0.001 0.001 0.001 0.001 
127 Kayangel03    (4)   10 :  0.995 0.000 0.000 0.000 0.001 0.000 0.000 0.002 
128 Kayangel04    (2)   10 :  0.996 0.001 0.001 0.000 0.001 0.001 0.001 0.000 
129 Kayangel05    (1)   10 :  0.997 0.000 0.001 0.000 0.000 0.000 0.000 0.000 
130 Kayangel06    (3)   10 :  0.996 0.001 0.001 0.001 0.001 0.000 0.001 0.000 
131 Kayangel07    (7)   10 :  0.997 0.000 0.000 0.000 0.000 0.000 0.001 0.000 
132 Kayangel08    (2)   10 :  0.996 0.001 0.001 0.000 0.001 0.001 0.001 0.000 
133 Kayangel09    (1)   10 :  0.996 0.000 0.001 0.000 0.001 0.000 0.000 0.001 
134 Kayangel10    (2)   10 :  0.995 0.001 0.001 0.001 0.001 0.001 0.001 0.000 
135 Kayangel11    (1)   10 :  0.351 0.001 0.001 0.001 0.001 0.001 0.001 0.642 
136 Kayangel12    (3)   10 :  0.974 0.007 0.001 0.001 0.008 0.001 0.001 0.006 
137 Kayangel13   (20)   10 :  0.249 0.001 0.001 0.001 0.001 0.001 0.001 0.746 
138 Kayangel14    (4)   10 :  0.983 0.001 0.002 0.004 0.001 0.004 0.002 0.003 
139 Kayangel15    (2)   10 :  0.357 0.001 0.001 0.001 0.001 0.001 0.001 0.638 
140 Kayangel16    (7)   10 :  0.812 0.001 0.001 0.001 0.001 0.001 0.001 0.184 
141 Kayangel17   (41)   10 :  0.002 0.001 0.001 0.001 0.001 0.003 0.005 0.986 
142 Kayangel18    (3)   10 :  0.928 0.002 0.001 0.001 0.003 0.002 0.001 0.062 
143 Kayangel19    (2)   10 :  0.345 0.001 0.001 0.001 0.001 0.001 0.001 0.649 
144 Kayangel20    (4)   10 :  0.992 0.001 0.001 0.001 0.001 0.001 0.003 0.001 
145 Kayangel21   (13)   10 :  0.299 0.002 0.001 0.001 0.001 0.002 0.001 0.692 
146 Late_Is_01    (3)   11 :  0.020 0.011 0.003 0.011 0.767 0.182 0.006 0.001 
147 Late_Is_02    (3)   11 :  0.008 0.019 0.017 0.013 0.759 0.086 0.024 0.075 
148 Late_Is_03    (9)   11 :  0.002 0.150 0.004 0.003 0.769 0.007 0.007 0.058 
149 Late_Is_04    (4)   11 :  0.004 0.005 0.090 0.047 0.770 0.014 0.067 0.003 
150 Late_Is_05    (4)   11 :  0.003 0.052 0.106 0.015 0.700 0.055 0.060 0.011 
151 Late_Is_06   (17)   11 :  0.003 0.012 0.004 0.017 0.661 0.040 0.002 0.263 
152 Late_Is_07    (2)   11 :  0.125 0.019 0.004 0.039 0.721 0.048 0.043 0.001 
153 Late_Is_08    (6)   11 :  0.042 0.026 0.007 0.022 0.549 0.291 0.043 0.021 
154 Late_Is_09    (3)   11 :  0.006 0.003 0.010 0.008 0.703 0.038 0.232 0.001 
155 Late_Is_10    (3)   11 :  0.011 0.003 0.032 0.002 0.749 0.007 0.192 0.005 
156 Late_Is_11   (21)   11 :  0.002 0.005 0.063 0.034 0.563 0.026 0.019 0.288 
157 Late_Is_12    (7)   11 :  0.002 0.005 0.017 0.165 0.725 0.011 0.036 0.039 
158 Late_Is_13    (3)   11 :  0.010 0.010 0.212 0.006 0.663 0.010 0.081 0.008 
159 Late_Is_14    (2)   11 :  0.018 0.108 0.019 0.008 0.821 0.005 0.018 0.003 
160 Late_Is_15    (4)   11 :  0.067 0.007 0.281 0.005 0.519 0.005 0.048 0.067 
161 Late_Is_16    (2)   11 :  0.004 0.022 0.006 0.055 0.685 0.221 0.005 0.001 
162 Late_Is_17    (4)   11 :  0.015 0.003 0.283 0.005 0.582 0.042 0.007 0.065 
163 Late_Is_18    (3)   11 :  0.012 0.006 0.045 0.005 0.764 0.096 0.017 0.055 
164 Late_Is_19    (4)   11 :  0.140 0.014 0.021 0.192 0.591 0.017 0.025 0.001 
165 Late_Is_20    (2)   11 :  0.001 0.006 0.211 0.030 0.702 0.023 0.025 0.002 
166 Late_Is_21    (6)   11 :  0.003 0.022 0.014 0.006 0.583 0.135 0.200 0.037 
167 Cambodia_1    (0)   12 :  0.136 0.001 0.001 0.001 0.001 0.001 0.001 0.859 
168 Laos___001    (0)   12 :  0.226 0.001 0.001 0.001 0.001 0.001 0.001 0.769 
169 Laos___002    (0)   12 :  0.103 0.001 0.001 0.001 0.003 0.001 0.002 0.889 
170 Luzon__001    (0)   12 :  0.323 0.002 0.002 0.004 0.004 0.003 0.002 0.659 
171 Thailand01    (0)   12 :  0.134 0.000 0.001 0.001 0.001 0.001 0.001 0.862 
172 Thailand02    (0)   12 :  0.235 0.001 0.001 0.001 0.001 0.001 0.001 0.760 
173 Malenge_04   (53)   13 :  0.002 0.008 0.003 0.003 0.003 0.004 0.003 0.974 
174 Malenge_11   (57)   13 :  0.003 0.013 0.014 0.011 0.009 0.016 0.008 0.927 
175 Malenge_14   (57)   13 :  0.001 0.001 0.001 0.001 0.001 0.001 0.001 0.994 
176 Malenge_15   (58)   13 :  0.002 0.004 0.003 0.003 0.003 0.003 0.004 0.979 
177 Malenge_17   (57)   13 :  0.002 0.001 0.001 0.001 0.001 0.001 0.001 0.992 
178 Malenge_18   (36)   13 :  0.021 0.031 0.034 0.015 0.005 0.003 0.003 0.889 
179 Malenge_19   (50)   13 :  0.001 0.001 0.002 0.004 0.001 0.003 0.002 0.985 
180 Malenge_20   (45)   13 :  0.003 0.004 0.002 0.002 0.002 0.002 0.003 0.981 
181 Malenge_22   (45)   13 :  0.006 0.003 0.009 0.002 0.007 0.004 0.002 0.969 
182 Malenge_23   (30)   13 :  0.009 0.001 0.001 0.002 0.005 0.001 0.003 0.976 
183 Malenge_24   (21)   13 :  0.191 0.005 0.024 0.011 0.004 0.017 0.004 0.743 
184 Malenge_25   (36)   13 :  0.037 0.005 0.007 0.050 0.010 0.004 0.002 0.886 
185 Mohotani01    (0)   14 :  0.004 0.003 0.009 0.613 0.004 0.364 0.003 0.000 
186 Mohotani02    (1)   14 :  0.004 0.029 0.009 0.620 0.020 0.312 0.005 0.001 
187 Mohotani03    (4)   14 :  0.002 0.003 0.003 0.560 0.022 0.390 0.019 0.001 
188 Mohotani04    (1)   14 :  0.001 0.002 0.003 0.803 0.003 0.003 0.183 0.002 
189 Mohotani05    (4)   14 :  0.002 0.005 0.006 0.903 0.004 0.069 0.010 0.001 
190 Mohotani06    (2)   14 :  0.001 0.004 0.002 0.938 0.005 0.016 0.031 0.001 
191 Mohotani07    (2)   14 :  0.001 0.002 0.004 0.707 0.006 0.277 0.001 0.000 
192 Mohotani08    (2)   14 :  0.002 0.010 0.005 0.603 0.038 0.328 0.013 0.002 
193 Mohotani09    (2)   14 :  0.001 0.002 0.002 0.665 0.004 0.318 0.009 0.000 
194 Mohotani10    (2)   14 :  0.002 0.002 0.003 0.802 0.014 0.023 0.153 0.002 
195 Mohotani11    (0)   14 :  0.002 0.003 0.005 0.684 0.078 0.189 0.028 0.011 
196 Mohotani12    (2)   14 :  0.002 0.004 0.003 0.669 0.019 0.274 0.028 0.001 
197 Mohotani13    (3)   14 :  0.002 0.002 0.009 0.720 0.007 0.256 0.004 0.000 
198 Mohotani14    (3)   14 :  0.001 0.013 0.004 0.607 0.013 0.342 0.019 0.001 
199 Motukawa10    (3)   15 :  0.001 0.001 0.987 0.005 0.001 0.003 0.001 0.000 
200 Motukawa11    (4)   15 :  0.001 0.002 0.991 0.003 0.001 0.002 0.001 0.000 
201 Motukawa12    (3)   15 :  0.006 0.001 0.987 0.001 0.001 0.002 0.001 0.001 
202 Motukawa13    (3)   15 :  0.002 0.001 0.981 0.003 0.004 0.002 0.005 0.000 
203 Motukawa14    (2)   15 :  0.001 0.001 0.988 0.004 0.001 0.003 0.002 0.000 
204 Motukawa15    (3)   15 :  0.001 0.001 0.991 0.001 0.002 0.002 0.002 0.000 
205 Motukawa16    (1)   15 :  0.002 0.005 0.963 0.019 0.002 0.002 0.007 0.001 
206 Motukawa17    (3)   15 :  0.001 0.001 0.989 0.002 0.003 0.001 0.002 0.001 
207 Motukawa18    (4)   15 :  0.001 0.001 0.991 0.002 0.001 0.003 0.001 0.000 
208 Motukawa19    (6)   15 :  0.001 0.001 0.992 0.002 0.001 0.002 0.001 0.000 
209 Motukawa20    (3)   15 :  0.001 0.001 0.991 0.002 0.001 0.002 0.001 0.000 
210 Motukawa21    (5)   15 :  0.001 0.002 0.990 0.002 0.001 0.003 0.001 0.000 
211 Motukawan1    (3)   15 :  0.001 0.001 0.988 0.003 0.001 0.003 0.003 0.000 
212 Motukawan2    (6)   15 :  0.001 0.001 0.991 0.001 0.002 0.002 0.001 0.001 
213 Motukawan3    (2)   15 :  0.005 0.002 0.985 0.002 0.001 0.002 0.002 0.001 
214 Motukawan4    (2)   15 :  0.001 0.001 0.989 0.003 0.002 0.002 0.002 0.000 
215 Motukawan5    (1)   15 :  0.001 0.001 0.990 0.003 0.001 0.001 0.001 0.000 
216 Motukawan6    (3)   15 :  0.001 0.003 0.989 0.002 0.002 0.002 0.001 0.000 
217 Motukawan7    (1)   15 :  0.001 0.001 0.991 0.002 0.001 0.002 0.002 0.000 
218 Motukawan8    (1)   15 :  0.001 0.001 0.991 0.001 0.001 0.002 0.001 0.001 
219 Motukawan9    (1)   15 :  0.001 0.002 0.990 0.002 0.001 0.002 0.002 0.000 
220 NewBrita14   (55)   16 :  0.002 0.005 0.005 0.013 0.074 0.005 0.039 0.859 
221 NewBrita16   (28)   16 :  0.005 0.001 0.004 0.003 0.392 0.003 0.004 0.588 
222 NewBrita23   (57)   16 :  0.002 0.013 0.007 0.121 0.004 0.005 0.002 0.845 
223 NewBrita24   (20)   16 :  0.035 0.001 0.204 0.111 0.145 0.005 0.020 0.479 
224 NewBrita25   (46)   16 :  0.005 0.002 0.004 0.040 0.002 0.003 0.003 0.941 
225 NewBritai2   (51)   16 :  0.006 0.013 0.006 0.007 0.057 0.008 0.003 0.901 
226 NewBritai3   (46)   16 :  0.004 0.047 0.052 0.013 0.038 0.006 0.034 0.807 
227 NewBritai6   (42)   16 :  0.005 0.025 0.013 0.011 0.184 0.010 0.012 0.740 
228 NewBritai7   (58)   16 :  0.002 0.053 0.006 0.003 0.006 0.010 0.001 0.919 
229 NewBritai8   (49)   16 :  0.009 0.005 0.004 0.003 0.312 0.002 0.007 0.659 
230 NewGuine17   (56)   17 :  0.002 0.002 0.001 0.002 0.002 0.001 0.001 0.988 
231 NewGuinea1   (56)   17 :  0.001 0.001 0.001 0.001 0.001 0.001 0.001 0.993 
232 NewGuinea8   (54)   17 :  0.016 0.001 0.001 0.001 0.001 0.001 0.001 0.978 
233 Normanby08   (57)   18 :  0.002 0.007 0.003 0.002 0.002 0.004 0.002 0.978 
234 Rakiura_01    (3)   19 :  0.008 0.071 0.757 0.119 0.021 0.005 0.017 0.003 
235 Rakiura_02    (1)   19 :  0.002 0.034 0.938 0.005 0.011 0.003 0.006 0.001 
236 Rakiura_03    (4)   19 :  0.002 0.084 0.810 0.024 0.008 0.036 0.034 0.001 
237 Rakiura_04    (1)   19 :  0.001 0.013 0.913 0.064 0.002 0.002 0.003 0.000 
238 Rakiura_05    (2)   19 :  0.002 0.014 0.944 0.020 0.009 0.007 0.004 0.000 
239 Rakiura_06    (2)   19 :  0.002 0.021 0.907 0.013 0.034 0.018 0.006 0.001 
240 Rakiura_07    (2)   19 :  0.010 0.004 0.910 0.020 0.012 0.005 0.039 0.001 
241 Rakiura_08    (2)   19 :  0.001 0.003 0.889 0.009 0.045 0.026 0.027 0.001 
242 Rakiura_09    (3)   19 :  0.003 0.114 0.666 0.036 0.094 0.019 0.066 0.002 
243 Rakiura_10    (1)   19 :  0.001 0.022 0.787 0.146 0.024 0.017 0.003 0.001 
244 Rakiura_11    (2)   19 :  0.022 0.032 0.815 0.009 0.022 0.088 0.011 0.001 
245 Rakiura_12    (2)   19 :  0.002 0.064 0.885 0.021 0.004 0.022 0.002 0.000 
246 Rakiura_13    (3)   19 :  0.021 0.003 0.929 0.002 0.025 0.012 0.003 0.003 
247 Rakiura_14    (2)   19 :  0.001 0.011 0.853 0.038 0.063 0.028 0.005 0.000 
248 Rakiura_15    (2)   19 :  0.003 0.021 0.762 0.039 0.121 0.034 0.019 0.001 
249 Rakiura_16    (3)   19 :  0.006 0.115 0.814 0.021 0.002 0.029 0.012 0.001 
250 Rakiura_17    (4)   19 :  0.001 0.025 0.678 0.002 0.267 0.019 0.003 0.006 
251 Rakiura_18    (2)   19 :  0.002 0.058 0.788 0.059 0.026 0.013 0.053 0.001 
252 Rakiura_19    (4)   19 :  0.052 0.017 0.710 0.020 0.088 0.094 0.019 0.001 
253 Rakiura_20    (2)   19 :  0.006 0.004 0.918 0.004 0.039 0.014 0.011 0.003 
254 Rakiura_21    (2)   19 :  0.002 0.014 0.731 0.186 0.031 0.030 0.003 0.004 
255 Reiono_001    (3)   20 :  0.001 0.003 0.008 0.006 0.006 0.529 0.446 0.000 
256 Reiono_002    (3)   20 :  0.001 0.004 0.034 0.002 0.006 0.601 0.352 0.000 
257 Reiono_003    (4)   20 :  0.002 0.023 0.020 0.027 0.007 0.665 0.256 0.001 
258 Reiono_004    (4)   20 :  0.001 0.006 0.006 0.008 0.030 0.625 0.323 0.001 
259 Reiono_005    (1)   20 :  0.017 0.007 0.021 0.010 0.006 0.558 0.381 0.001 
260 Reiono_006    (1)   20 :  0.002 0.012 0.211 0.016 0.010 0.604 0.145 0.000 
261 Reiono_007    (6)   20 :  0.003 0.023 0.010 0.003 0.087 0.681 0.156 0.038 
262 Reiono_008    (2)   20 :  0.002 0.002 0.038 0.016 0.043 0.510 0.389 0.000 
263 Reiono_009    (1)   20 :  0.003 0.007 0.006 0.005 0.007 0.687 0.284 0.000 
264 Reiono_010    (6)   20 :  0.002 0.031 0.039 0.017 0.089 0.391 0.429 0.002 
265 Reiono_011    (1)   20 :  0.001 0.005 0.016 0.008 0.005 0.616 0.348 0.000 
266 Reiono_012    (1)   20 :  0.003 0.014 0.028 0.009 0.006 0.651 0.289 0.001 
267 Reiono_013    (2)   20 :  0.001 0.011 0.115 0.041 0.016 0.490 0.326 0.000 
268 Reiono_014    (4)   20 :  0.001 0.083 0.013 0.101 0.030 0.525 0.246 0.000 
269 Reiono_015    (4)   20 :  0.002 0.039 0.146 0.007 0.013 0.443 0.350 0.000 
270 Reiono_016    (2)   20 :  0.002 0.012 0.063 0.004 0.014 0.577 0.328 0.000 
271 Reiono_017    (3)   20 :  0.001 0.008 0.065 0.020 0.021 0.635 0.249 0.001 
272 Reiono_018    (5)   20 :  0.003 0.005 0.015 0.004 0.084 0.536 0.352 0.001 
273 Reiono_019    (3)   20 :  0.001 0.019 0.042 0.002 0.003 0.719 0.214 0.000 
274 Reiono_020    (2)   20 :  0.007 0.004 0.016 0.013 0.003 0.533 0.423 0.002 
275 Reiono_021    (2)   20 :  0.007 0.006 0.007 0.005 0.006 0.603 0.365 0.001 
276 Rimatuu_01    (2)   21 :  0.001 0.062 0.199 0.034 0.002 0.500 0.200 0.000 
277 Rimatuu_02    (3)   21 :  0.002 0.013 0.536 0.010 0.002 0.424 0.012 0.000 
278 Rimatuu_03    (2)   21 :  0.002 0.016 0.499 0.007 0.001 0.465 0.007 0.002 
279 Rimatuu_04    (1)   21 :  0.002 0.039 0.349 0.006 0.006 0.516 0.080 0.003 
280 Rimatuu_05    (2)   21 :  0.001 0.038 0.381 0.009 0.002 0.547 0.021 0.001 
281 Rimatuu_06    (2)   21 :  0.002 0.088 0.585 0.015 0.002 0.297 0.011 0.001 
282 Rimatuu_07    (3)   21 :  0.001 0.006 0.516 0.004 0.002 0.424 0.046 0.001 
283 Rimatuu_08    (3)   21 :  0.001 0.023 0.537 0.014 0.001 0.416 0.008 0.000 
284 Rimatuu_09    (2)   21 :  0.002 0.010 0.370 0.031 0.005 0.514 0.068 0.001 
285 Rimatuu_10    (1)   21 :  0.001 0.006 0.501 0.004 0.002 0.469 0.016 0.001 
286 Rimatuu_11    (1)   21 :  0.011 0.031 0.377 0.046 0.010 0.502 0.021 0.002 
287 Rimatuu_12    (2)   21 :  0.001 0.025 0.441 0.008 0.002 0.500 0.022 0.001 
288 Rimatuu_13    (1)   21 :  0.001 0.020 0.518 0.004 0.001 0.424 0.031 0.000 
289 Rimatuu_14    (1)   21 :  0.001 0.003 0.558 0.010 0.002 0.383 0.042 0.000 
290 Rimatuu_15    (1)   21 :  0.001 0.150 0.256 0.008 0.001 0.539 0.045 0.000 
291 Rimatuu_16    (2)   21 :  0.001 0.002 0.469 0.015 0.002 0.487 0.024 0.000 
292 Rimatuu_17    (3)   21 :  0.001 0.008 0.489 0.006 0.003 0.486 0.006 0.001 
293 Rimatuu_18    (3)   21 :  0.001 0.008 0.371 0.009 0.002 0.595 0.013 0.001 
294 Rimatuu_19    (3)   21 :  0.001 0.011 0.046 0.012 0.036 0.607 0.286 0.000 
295 Rimatuu_20    (3)   21 :  0.002 0.006 0.106 0.013 0.004 0.495 0.375 0.000 
296 Rimatuu_21    (4)   21 :  0.001 0.008 0.467 0.005 0.002 0.485 0.032 0.000 
297 Slipper_01    (3)   22 :  0.018 0.003 0.965 0.004 0.003 0.005 0.001 0.001 
298 Slipper_02    (2)   22 :  0.002 0.005 0.979 0.004 0.003 0.004 0.003 0.001 
299 Slipper_03    (3)   22 :  0.001 0.001 0.991 0.001 0.002 0.002 0.001 0.000 
300 Slipper_04    (2)   22 :  0.002 0.028 0.938 0.013 0.004 0.013 0.003 0.001 
301 Slipper_05    (1)   22 :  0.001 0.002 0.946 0.005 0.002 0.042 0.001 0.000 
302 Slipper_06    (2)   22 :  0.001 0.003 0.986 0.003 0.002 0.002 0.002 0.000 
303 Slipper_07    (1)   22 :  0.012 0.004 0.834 0.089 0.004 0.051 0.005 0.001 
304 Slipper_08    (2)   22 :  0.001 0.005 0.982 0.002 0.003 0.004 0.002 0.001 
305 Slipper_09    (3)   22 :  0.001 0.002 0.987 0.003 0.002 0.003 0.001 0.000 
306 Slipper_10    (3)   22 :  0.002 0.012 0.964 0.003 0.004 0.008 0.006 0.001 
307 Slipper_11    (2)   22 :  0.023 0.003 0.951 0.002 0.004 0.011 0.002 0.004 
308 Slipper_12    (2)   22 :  0.003 0.008 0.968 0.005 0.005 0.004 0.002 0.006 
309 Slipper_13    (1)   22 :  0.001 0.003 0.934 0.006 0.003 0.051 0.001 0.001 
310 Slipper_14    (3)   22 :  0.001 0.002 0.983 0.002 0.006 0.004 0.002 0.001 
311 Slipper_15    (2)   22 :  0.003 0.001 0.938 0.006 0.042 0.006 0.004 0.001 
312 Slipper_16    (3)   22 :  0.003 0.002 0.967 0.010 0.007 0.004 0.005 0.001 
313 Slipper_17    (2)   22 :  0.001 0.010 0.936 0.005 0.002 0.041 0.004 0.000 
314 Slipper_18    (0)   22 :  0.002 0.004 0.936 0.006 0.003 0.044 0.005 0.001 
315 Slipper_19    (3)   22 :  0.002 0.001 0.983 0.004 0.002 0.004 0.003 0.001 
316 Slipper_20    (3)   22 :  0.001 0.002 0.953 0.006 0.002 0.033 0.004 0.000 
317 Slipper_21    (2)   22 :  0.002 0.004 0.946 0.008 0.013 0.026 0.002 0.001 
318 Sulawesi_1   (17)   23 :  0.231 0.072 0.010 0.014 0.010 0.007 0.017 0.640 
319 Sulawesi_2    (9)   23 :  0.260 0.003 0.002 0.003 0.003 0.002 0.003 0.723 
320 Sulawesi_3   (18)   23 :  0.091 0.018 0.017 0.035 0.005 0.008 0.011 0.815 
321 Sulawesi_4   (14)   23 :  0.174 0.005 0.006 0.008 0.027 0.004 0.011 0.765 
322 Sulawesi_5    (7)   23 :  0.307 0.005 0.006 0.033 0.020 0.013 0.006 0.610 
323 Sulawesi_6   (22)   23 :  0.009 0.005 0.078 0.047 0.005 0.052 0.006 0.799 
324 Sulawesi_7   (10)   23 :  0.326 0.014 0.012 0.005 0.007 0.005 0.012 0.619 
325 Sulawesi_8   (22)   23 :  0.347 0.002 0.002 0.001 0.003 0.002 0.002 0.642 
326 Sulawesi_9    (9)   23 :  0.317 0.009 0.003 0.004 0.008 0.003 0.007 0.648 
327 Sulawesi10    (9)   23 :  0.351 0.013 0.005 0.024 0.005 0.006 0.010 0.587 
328 Sulawesi11   (16)   23 :  0.201 0.030 0.016 0.155 0.004 0.015 0.007 0.571 
329 Sulawesi12   (20)   23 :  0.233 0.003 0.002 0.002 0.003 0.008 0.005 0.744 
330 Sulawesi13   (18)   23 :  0.133 0.006 0.006 0.005 0.012 0.003 0.003 0.833 
331 Sulawesi14   (27)   23 :  0.096 0.002 0.010 0.011 0.017 0.028 0.010 0.826 
332 Sulawesi15   (23)   23 :  0.140 0.021 0.018 0.010 0.011 0.059 0.009 0.732 
333 Sulawesi16   (24)   23 :  0.251 0.010 0.036 0.015 0.009 0.004 0.025 0.651 
334 Sulawesi17   (10)   23 :  0.435 0.018 0.011 0.012 0.022 0.006 0.013 0.484 
335 Sulawesi18   (20)   23 :  0.086 0.003 0.007 0.012 0.016 0.011 0.003 0.864 
336 Sulawesi19   (18)   23 :  0.290 0.003 0.002 0.004 0.005 0.006 0.011 0.679 
337 Sulawesi20   (22)   23 :  0.010 0.114 0.003 0.018 0.004 0.008 0.005 0.839 
338 Sulawesi21   (12)   23 :  0.363 0.003 0.002 0.005 0.005 0.004 0.002 0.617 
339 Sulawesi22   (35)   23 :  0.015 0.010 0.006 0.002 0.005 0.002 0.009 0.951 
340 Tahanea_01   (10)   24 :  0.001 0.996 0.001 0.001 0.001 0.001 0.001 0.000 
341 Tahanea_02    (2)   24 :  0.002 0.990 0.003 0.001 0.001 0.001 0.001 0.001 
342 Tahanea_03    (9)   24 :  0.002 0.882 0.001 0.001 0.002 0.001 0.001 0.110 
343 Tahanea_04    (3)   24 :  0.001 0.996 0.001 0.001 0.001 0.001 0.001 0.000 
344 Tahanea_05    (2)   24 :  0.001 0.996 0.001 0.001 0.001 0.001 0.001 0.000 
345 Tahanea_06    (2)   24 :  0.001 0.995 0.001 0.001 0.001 0.001 0.001 0.000 
346 Tahanea_07    (3)   24 :  0.001 0.968 0.007 0.002 0.001 0.019 0.002 0.001 
347 Tahanea_08   (15)   24 :  0.001 0.995 0.001 0.001 0.001 0.001 0.001 0.000 
348 Tahanea_09    (3)   24 :  0.001 0.994 0.001 0.001 0.001 0.001 0.001 0.001 
349 Tahanea_10    (2)   24 :  0.001 0.994 0.001 0.001 0.001 0.001 0.001 0.001 
350 Tahanea_11    (5)   24 :  0.001 0.886 0.001 0.002 0.001 0.001 0.001 0.107 
351 Tahanea_12    (3)   24 :  0.001 0.986 0.003 0.003 0.001 0.001 0.004 0.001 
352 Tahanea_13    (2)   24 :  0.001 0.971 0.002 0.002 0.002 0.003 0.002 0.017 
353 Tahanea_14    (2)   24 :  0.001 0.986 0.001 0.001 0.004 0.001 0.001 0.006 
354 Tahanea_15    (2)   24 :  0.002 0.980 0.002 0.006 0.001 0.002 0.007 0.001 
355 Tahanea_16    (9)   24 :  0.001 0.989 0.002 0.002 0.003 0.002 0.001 0.001 
356 Tahanea_17    (2)   24 :  0.001 0.995 0.001 0.001 0.001 0.001 0.001 0.000 
357 Tahanea_18    (6)   24 :  0.001 0.957 0.005 0.002 0.001 0.002 0.001 0.031 
358 Tahanea_19    (3)   24 :  0.001 0.993 0.001 0.001 0.001 0.001 0.001 0.001 
359 Tahanea_20    (0)   24 :  0.001 0.995 0.001 0.001 0.001 0.001 0.001 0.000 
360 Wake_Is_01    (1)   25 :  0.002 0.002 0.007 0.002 0.981 0.003 0.002 0.000 
361 Wake_Is_02    (4)   25 :  0.001 0.006 0.002 0.006 0.978 0.002 0.002 0.003 
362 Wake_Is_03    (2)   25 :  0.001 0.001 0.001 0.002 0.992 0.001 0.001 0.000 
363 Wake_Is_04    (2)   25 :  0.009 0.001 0.005 0.001 0.979 0.002 0.001 0.001 
364 Wake_Is_05    (1)   25 :  0.001 0.001 0.004 0.003 0.987 0.002 0.002 0.001 
365 Wake_Is_06    (0)   25 :  0.003 0.005 0.002 0.008 0.977 0.003 0.001 0.001 
366 Wake_Is_07    (2)   25 :  0.001 0.002 0.002 0.002 0.990 0.001 0.001 0.000 
367 Wake_Is_08    (2)   25 :  0.002 0.004 0.001 0.001 0.986 0.001 0.004 0.001 
368 Wake_Is_09    (2)   25 :  0.001 0.001 0.002 0.001 0.992 0.001 0.001 0.001 
369 Wake_Is_10    (2)   25 :  0.001 0.001 0.002 0.002 0.992 0.001 0.001 0.000 
370 Wake_Is_11    (1)   25 :  0.002 0.002 0.003 0.002 0.989 0.001 0.001 0.001 
371 Wake_Is_12    (2)   25 :  0.001 0.003 0.008 0.003 0.980 0.004 0.001 0.000 
372 Wake_Is_13    (4)   25 :  0.001 0.002 0.005 0.002 0.986 0.002 0.002 0.000 
373 Wake_Is_14    (2)   25 :  0.001 0.002 0.002 0.002 0.988 0.003 0.002 0.000 
374 Wake_Is_15    (2)   25 :  0.001 0.002 0.001 0.001 0.984 0.001 0.001 0.009 
375 Wake_Is_16    (5)   25 :  0.001 0.002 0.002 0.001 0.834 0.001 0.001 0.158 
376 Wake_Is_17    (1)   25 :  0.001 0.002 0.002 0.002 0.989 0.002 0.002 0.000 
377 Wake_Is_18    (1)   25 :  0.001 0.004 0.005 0.003 0.983 0.001 0.003 0.000 
378 Wake_Is_19    (2)   25 :  0.001 0.004 0.002 0.003 0.983 0.002 0.005 0.000 
379 Wake_Is_20    (1)   25 :  0.004 0.001 0.002 0.001 0.988 0.002 0.001 0.001 


Estimated Allele Frequencies in each cluster
First column gives estimated ancestral frequencies


Locus 1 : X299_CHR1_1146 
2 alleles
15.3% missing data
   3   (0.782) 0.998 0.998 0.977 0.966 0.997 0.998 0.951 0.700 
   2   (0.218) 0.002 0.002 0.023 0.034 0.003 0.002 0.049 0.300 

Locus 2 : X13_CHR1_11661 
2 alleles
6.6% missing data
   3   (0.571) 0.996 0.003 0.932 0.894 0.695 0.115 0.002 0.872 
   4   (0.429) 0.004 0.997 0.068 0.106 0.305 0.885 0.998 0.128 

Locus 3 : X14_CHR1_12485 
2 alleles
8.7% missing data
   4   (0.475) 0.004 0.004 0.996 0.775 0.945 0.994 0.003 0.207 
   3   (0.525) 0.996 0.996 0.004 0.225 0.055 0.006 0.997 0.793 

Locus 4 : X15_CHR1_13486 
2 alleles
3.2% missing data
   2   (0.912) 0.999 0.999 1.000 0.998 0.999 1.000 1.000 0.801 
   1   (0.088) 0.001 0.001 0.000 0.002 0.001 0.000 0.000 0.199 

Locus 5 : X16_CHR1_13731 
2 alleles
5.8% missing data
   1   (0.444) 0.003 0.996 0.995 0.771 0.854 0.883 0.212 0.032 
   3   (0.556) 0.997 0.004 0.005 0.229 0.146 0.117 0.788 0.968 

Locus 6 : X18_CHR1_18597 
2 alleles
14.8% missing data
   2   (0.928) 0.999 1.000 1.000 1.000 0.999 1.000 1.000 0.928 
   4   (0.072) 0.001 0.000 0.000 0.000 0.001 0.000 0.000 0.072 

Locus 7 : X19_CHR1_19270 
2 alleles
1.1% missing data
   4   (0.915) 0.999 0.999 1.000 1.000 0.997 1.000 1.000 0.880 
   3   (0.085) 0.001 0.001 0.000 0.000 0.003 0.000 0.000 0.120 

Locus 8 : X20_CHR1_19838 
2 alleles
5.8% missing data
   3   (0.868) 0.999 0.999 0.993 0.999 0.986 0.999 0.999 0.896 
   1   (0.132) 0.001 0.001 0.007 0.001 0.014 0.001 0.001 0.104 

Locus 9 : X21_CHR1_20196 
2 alleles
3.7% missing data
   1   (0.442) 0.130 0.320 0.003 0.700 0.947 0.553 0.014 0.505 
   3   (0.558) 0.870 0.680 0.997 0.300 0.053 0.447 0.986 0.495 

Locus 10 : X22_CHR1_20954 
2 alleles
8.2% missing data
   1   (0.555) 0.992 0.003 0.769 0.885 0.429 0.994 0.096 0.424 
   3   (0.445) 0.008 0.997 0.231 0.115 0.571 0.006 0.904 0.576 

Locus 11 : X23_CHR1_21191 
2 alleles
12.9% missing data
   3   (0.699) 0.998 0.998 0.469 0.073 0.814 0.085 0.998 0.935 
   2   (0.301) 0.002 0.002 0.531 0.927 0.186 0.915 0.002 0.065 

Locus 12 : X262_CHR1_2123 
2 alleles
9.8% missing data
   4   (0.923) 1.000 1.000 1.000 1.000 0.999 1.000 1.000 0.917 
   1   (0.077) 0.000 0.000 0.000 0.000 0.001 0.000 0.000 0.083 

Locus 13 : X24_CHR1_21645 
2 alleles
2.9% missing data
   3   (0.932) 0.999 1.000 1.000 1.000 0.999 1.000 1.000 0.969 
   4   (0.068) 0.001 0.000 0.000 0.000 0.001 0.000 0.000 0.031 

Locus 14 : X25_CHR1_22005 
2 alleles
0.0% missing data
   4   (0.766) 0.991 0.973 0.999 0.998 0.977 0.995 0.999 0.092 
   2   (0.234) 0.009 0.027 0.001 0.002 0.023 0.005 0.001 0.908 

Locus 15 : X26_CHR1_23112 
2 alleles
5.3% missing data
   4   (0.883) 0.999 0.999 0.988 0.999 0.998 0.999 0.999 0.866 
   1   (0.117) 0.001 0.001 0.012 0.001 0.002 0.001 0.001 0.134 

Locus 16 : X27_CHR1_25562 
2 alleles
6.3% missing data
   1   (0.885) 0.996 0.999 1.000 0.999 0.999 0.999 1.000 0.304 
   3   (0.115) 0.004 0.001 0.000 0.001 0.001 0.001 0.000 0.696 

Locus 17 : X300_CHR1_2620 
2 alleles
7.9% missing data
   1   (0.781) 0.997 0.998 0.998 0.975 0.921 0.979 0.971 0.851 
   2   (0.219) 0.003 0.002 0.002 0.025 0.079 0.021 0.029 0.149 

Locus 18 : X301_CHR1_2620 
2 alleles
24.8% missing data
   4   (0.785) 0.997 0.998 0.998 0.817 0.670 0.999 0.999 0.643 
   2   (0.215) 0.003 0.002 0.002 0.183 0.330 0.001 0.001 0.357 

Locus 19 : X28_CHR1_26550 
2 alleles
2.9% missing data
   3   (0.902) 0.998 0.999 0.999 0.999 0.998 0.993 0.997 0.961 
   1   (0.098) 0.002 0.001 0.001 0.001 0.002 0.007 0.003 0.039 

Locus 20 : X29_CHR1_28123 
2 alleles
10.6% missing data
   1   (0.848) 0.186 0.999 0.999 0.999 0.998 0.999 0.999 0.462 
   3   (0.152) 0.814 0.001 0.001 0.001 0.002 0.001 0.001 0.538 

Locus 21 : X260_CHR1_3236 
2 alleles
0.3% missing data
   4   (0.702) 0.934 0.968 0.980 0.990 0.788 0.994 0.965 0.756 
   2   (0.298) 0.066 0.032 0.020 0.010 0.212 0.006 0.035 0.244 

Locus 22 : X2_CHR1_348682 
2 alleles
7.1% missing data
   1   (0.732) 0.006 0.998 0.999 0.998 0.517 0.996 0.999 0.389 
   3   (0.268) 0.994 0.002 0.001 0.002 0.483 0.004 0.001 0.611 

Locus 23 : X3_CHR1_537201 
2 alleles
4.2% missing data
   4   (0.879) 0.271 0.999 1.000 0.999 0.998 0.999 0.999 0.874 
   2   (0.121) 0.729 0.001 0.000 0.001 0.002 0.001 0.001 0.126 

Locus 24 : X296_CHR1_5774 
2 alleles
45.4% missing data
   3   (0.601) 0.802 0.699 0.765 0.840 0.704 0.770 0.673 0.837 
   2   (0.399) 0.198 0.301 0.235 0.160 0.296 0.230 0.327 0.163 

Locus 25 : X4_CHR1_578156 
2 alleles
17.4% missing data
   4   (0.523) 0.916 0.501 0.570 0.499 0.842 0.557 0.891 0.396 
   3   (0.477) 0.084 0.499 0.430 0.501 0.158 0.443 0.109 0.604 

Locus 26 : X5_CHR1_657423 
2 alleles
9.2% missing data
   4   (0.932) 0.999 1.000 1.000 1.000 0.999 1.000 1.000 0.955 
   2   (0.068) 0.001 0.000 0.000 0.000 0.001 0.000 0.000 0.045 

Locus 27 : X6_CHR1_723638 
2 alleles
11.9% missing data
   3   (0.935) 0.999 1.000 1.000 1.000 0.999 1.000 1.000 0.973 
   1   (0.065) 0.001 0.000 0.000 0.000 0.001 0.000 0.000 0.027 

Locus 28 : X7_CHR1_801358 
2 alleles
7.7% missing data
   2   (0.725) 0.005 0.998 0.999 0.998 0.997 0.998 0.999 0.044 
   4   (0.275) 0.995 0.002 0.001 0.002 0.003 0.002 0.001 0.956 

Locus 29 : X297_CHR1_8053 
2 alleles
19.8% missing data
   4   (0.859) 0.954 0.996 0.991 0.997 0.998 0.998 0.999 0.908 
   1   (0.141) 0.046 0.004 0.009 0.003 0.002 0.002 0.001 0.092 

Locus 30 : X298_CHR1_8257 
2 alleles
6.1% missing data
