

----------------------------------------------------
STRUCTURE by Pritchard, Stephens and Donnelly (2000)
     and Falush, Stephens and Pritchard (2003)
       Code by Pritchard, Falush and Hubisz
             Version 2.3.4 (Jul 2012)
----------------------------------------------------



Command line arguments:   bin\structure -m C:\Users\airhe\OneDrive\Documents\Masters\Project 3\kiore-project\results\ratsSNPs_struc_preHWE\as_pdf\mainparams -e C:\Users\airhe\OneDrive\Documents\Masters\Project 3\kiore-project\results\ratsSNPs_struc_preHWE\as_pdf\extraparams 
Input File:    C:\Users\airhe\OneDrive\Documents\Masters\Project 3\kiore-project\results\ratsSNPs_struc_preHWE\project_data

Run parameters:
   379 individuals
   282 loci
   3 populations assumed
   5000 Burn-in period
   50000 Reps


--------------------------------------------
Proportion of membership of each pre-defined
 population in each of the 3 clusters

Given    Inferred Clusters       Number of
 Pop       1      2      3      Individuals

  1:     0.983  0.002  0.015       10
  2:     0.083  0.863  0.054       18
  3:     0.968  0.027  0.005        1
  4:     0.959  0.023  0.018        1
  5:     0.027  0.964  0.009       12
  6:     0.970  0.007  0.023       21
  7:     0.005  0.002  0.993       20
  8:     0.958  0.004  0.037       20
  9:     0.926  0.055  0.019       21
 10:     0.118  0.843  0.039       21
 11:     0.749  0.221  0.030       21
 12:     0.004  0.993  0.002        6
 13:     0.014  0.978  0.008       12
 14:     0.936  0.004  0.061       14
 15:     0.994  0.001  0.004       21
 16:     0.087  0.885  0.028       10
 17:     0.002  0.995  0.002        3
 18:     0.005  0.990  0.005        1
 19:     0.960  0.004  0.035       21
 20:     0.679  0.005  0.315       21
 21:     0.776  0.002  0.222       21
 22:     0.992  0.003  0.005       21
 23:     0.025  0.942  0.032       22
 24:     0.007  0.020  0.974       20
 25:     0.833  0.159  0.009       20
--------------------------------------------

Allele-freq. divergence among pops (Net nucleotide distance),
computed using point estimates of P.

      1       2       3      
 1      -    0.1168  0.0388  
 2   0.1168     -    0.1204  
 3   0.0388  0.1204     -    

Average distances (expected heterozygosity) between individuals in same cluster:
cluster  1  : 0.1281 
cluster  2  : 0.2602 
cluster  3  : 0.1014 

--------------------------------------------
Estimated Ln Prob of Data   = -48396.8
Mean value of ln likelihood = -48032.2
Variance of ln likelihood   = 729.3
Mean value of alpha         = 0.0805

Mean value of Fst_1         = 0.6441
Mean value of Fst_2         = 0.1339
Mean value of Fst_3         = 0.7135


Inferred ancestry of individuals:
        Label (%Miss) Pop:  Inferred clusters
  1 Aotea__001    (1)    1 :  0.991 0.001 0.008 
  2 Aotea__002    (2)    1 :  0.993 0.001 0.006 
  3 Aotea__003    (1)    1 :  0.991 0.001 0.008 
  4 Aotea__004    (2)    1 :  0.992 0.001 0.007 
  5 Aotea__005    (4)    1 :  0.980 0.002 0.019 
  6 Aotea__006    (3)    1 :  0.995 0.001 0.004 
  7 Aotea__007    (4)    1 :  0.986 0.001 0.013 
  8 Aotea__008    (3)    1 :  0.920 0.009 0.071 
  9 Aotea__009    (3)    1 :  0.992 0.001 0.007 
 10 Aotea__010    (2)    1 :  0.992 0.001 0.007 
 11 Borneo_002   (57)    2 :  0.031 0.961 0.008 
 12 Borneo_003   (45)    2 :  0.068 0.927 0.005 
 13 Borneo_004   (35)    2 :  0.046 0.869 0.085 
 14 Borneo_005   (52)    2 :  0.071 0.918 0.012 
 15 Borneo_006   (56)    2 :  0.005 0.990 0.005 
 16 Borneo_008   (45)    2 :  0.078 0.756 0.166 
 17 Borneo_012   (33)    2 :  0.210 0.783 0.007 
 18 Borneo_013   (13)    2 :  0.264 0.700 0.036 
 19 Borneo_014   (55)    2 :  0.003 0.992 0.005 
 20 Borneo_015   (36)    2 :  0.171 0.772 0.057 
 21 Borneo_016   (47)    2 :  0.095 0.776 0.129 
 22 Borneo_017   (56)    2 :  0.072 0.903 0.024 
 23 Borneo_019   (23)    2 :  0.027 0.738 0.234 
 24 Borneo_020   (37)    2 :  0.202 0.789 0.009 
 25 Borneo_021   (35)    2 :  0.095 0.865 0.040 
 26 Borneo_022   (26)    2 :  0.009 0.909 0.082 
 27 Borneo_023   (24)    2 :  0.011 0.979 0.011 
 28 Borneo_024   (21)    2 :  0.038 0.913 0.049 
 29 Southland1    (0)    3 :  0.968 0.027 0.005 
 30 GrtMercury    (0)    4 :  0.959 0.023 0.018 
 31 Halmaher10   (48)    5 :  0.008 0.983 0.008 
 32 Halmaher11   (50)    5 :  0.005 0.992 0.003 
 33 Halmaher19   (50)    5 :  0.002 0.996 0.002 
 34 Halmaher23   (49)    5 :  0.013 0.957 0.029 
 35 Halmaher24   (18)    5 :  0.228 0.761 0.011 
 36 Halmahera1   (21)    5 :  0.022 0.965 0.013 
 37 Halmahera2   (33)    5 :  0.013 0.968 0.018 
 38 Halmahera3   (24)    5 :  0.014 0.981 0.005 
 39 Halmahera6   (40)    5 :  0.002 0.995 0.003 
 40 Halmahera7   (57)    5 :  0.008 0.990 0.002 
 41 Halmahera8   (41)    5 :  0.004 0.990 0.006 
 42 Halmahera9   (36)    5 :  0.006 0.987 0.007 
 43 Hatutaa_01    (6)    6 :  0.835 0.041 0.124 
 44 Hatutaa_02    (2)    6 :  0.954 0.006 0.040 
 45 Hatutaa_03    (1)    6 :  0.990 0.001 0.009 
 46 Hatutaa_04    (3)    6 :  0.957 0.008 0.035 
 47 Hatutaa_05    (3)    6 :  0.913 0.068 0.019 
 48 Hatutaa_06    (1)    6 :  0.994 0.001 0.005 
 49 Hatutaa_07    (1)    6 :  0.983 0.001 0.016 
 50 Hatutaa_08    (7)    6 :  0.979 0.003 0.018 
 51 Hatutaa_09    (2)    6 :  0.988 0.001 0.010 
 52 Hatutaa_10    (2)    6 :  0.970 0.006 0.024 
 53 Hatutaa_11    (3)    6 :  0.989 0.001 0.010 
 54 Hatutaa_12    (1)    6 :  0.981 0.003 0.016 
 55 Hatutaa_13    (1)    6 :  0.990 0.002 0.009 
 56 Hatutaa_14    (2)    6 :  0.958 0.002 0.040 
 57 Hatutaa_15    (1)    6 :  0.988 0.002 0.010 
 58 Hatutaa_16    (5)    6 :  0.992 0.001 0.007 
 59 Hatutaa_17    (2)    6 :  0.990 0.001 0.009 
 60 Hatutaa_18    (1)    6 :  0.993 0.001 0.006 
 61 Hatutaa_19    (1)    6 :  0.989 0.002 0.009 
 62 Hatutaa_20    (2)    6 :  0.987 0.001 0.012 
 63 Hatutaa_21    (2)    6 :  0.943 0.001 0.056 
 64 Honuea_001    (2)    7 :  0.003 0.003 0.994 
 65 Honuea_002    (3)    7 :  0.003 0.001 0.996 
 66 Honuea_003    (2)    7 :  0.004 0.001 0.995 
 67 Honuea_004    (4)    7 :  0.004 0.001 0.995 
 68 Honuea_005    (5)    7 :  0.008 0.015 0.977 
 69 Honuea_006    (5)    7 :  0.005 0.001 0.994 
 70 Honuea_007    (2)    7 :  0.003 0.001 0.996 
 71 Honuea_008    (1)    7 :  0.006 0.004 0.990 
 72 Honuea_009    (3)    7 :  0.004 0.001 0.995 
 73 Honuea_010    (3)    7 :  0.006 0.001 0.993 
 74 Honuea_011    (3)    7 :  0.006 0.001 0.993 
 75 Honuea_012    (3)    7 :  0.007 0.004 0.989 
 76 Honuea_013    (0)    7 :  0.004 0.001 0.995 
 77 Honuea_015    (3)    7 :  0.011 0.001 0.988 
 78 Honuea_016    (2)    7 :  0.005 0.001 0.994 
 79 Honuea_017    (3)    7 :  0.003 0.001 0.996 
 80 Honuea_018    (2)    7 :  0.004 0.001 0.996 
 81 Honuea_019    (2)    7 :  0.003 0.001 0.995 
 82 Honuea_020    (3)    7 :  0.002 0.001 0.996 
 83 Honuea_021    (1)    7 :  0.003 0.001 0.997 
 84 Kaikura_01    (2)    8 :  0.869 0.001 0.130 
 85 Kaikura_02    (4)    8 :  0.870 0.001 0.129 
 86 Kaikura_03    (3)    8 :  0.991 0.001 0.008 
 87 Kaikura_04    (3)    8 :  0.995 0.001 0.004 
 88 Kaikura_05   (12)    8 :  0.931 0.063 0.007 
 89 Kaikura_06    (2)    8 :  0.986 0.001 0.013 
 90 Kaikura_07    (1)    8 :  0.979 0.001 0.020 
 91 Kaikura_08    (1)    8 :  0.952 0.001 0.047 
 92 Kaikura_09    (2)    8 :  0.985 0.001 0.013 
 93 Kaikura_10    (4)    8 :  0.989 0.001 0.011 
 94 Kaikura_11    (7)    8 :  0.943 0.006 0.052 
 95 Kaikura_12    (5)    8 :  0.886 0.001 0.113 
 96 Kaikura_13    (2)    8 :  0.947 0.001 0.052 
 97 Kaikura_14    (3)    8 :  0.990 0.001 0.009 
 98 Kaikura_15    (2)    8 :  0.993 0.001 0.005 
 99 Kaikura_16    (2)    8 :  0.988 0.001 0.011 
100 Kaikura_17    (2)    8 :  0.980 0.002 0.018 
101 Kaikura_18    (2)    8 :  0.945 0.002 0.053 
102 Kaikura_19    (2)    8 :  0.986 0.001 0.013 
103 Kaikura_20    (3)    8 :  0.963 0.001 0.036 
104 Kamaka_001    (3)    9 :  0.985 0.002 0.013 
105 Kamaka_002    (2)    9 :  0.985 0.002 0.013 
106 Kamaka_003    (3)    9 :  0.957 0.001 0.042 
107 Kamaka_004    (5)    9 :  0.987 0.002 0.011 
108 Kamaka_005    (5)    9 :  0.980 0.002 0.018 
109 Kamaka_006    (2)    9 :  0.941 0.005 0.055 
110 Kamaka_007    (2)    9 :  0.971 0.018 0.011 
111 Kamaka_008    (2)    9 :  0.990 0.002 0.009 
112 Kamaka_009   (56)    9 :  0.002 0.996 0.002 
113 Kamaka_010    (2)    9 :  0.975 0.002 0.023 
114 Kamaka_011    (3)    9 :  0.930 0.042 0.028 
115 Kamaka_012    (4)    9 :  0.973 0.002 0.025 
116 Kamaka_013    (3)    9 :  0.980 0.004 0.017 
117 Kamaka_014    (1)    9 :  0.985 0.002 0.013 
118 Kamaka_015    (3)    9 :  0.947 0.038 0.015 
119 Kamaka_016    (1)    9 :  0.995 0.001 0.004 
120 Kamaka_017    (1)    9 :  0.992 0.001 0.007 
121 Kamaka_018    (2)    9 :  0.972 0.013 0.015 
122 Kamaka_019    (3)    9 :  0.958 0.004 0.038 
123 Kamaka_020    (4)    9 :  0.966 0.024 0.010 
124 Kamaka_021    (3)    9 :  0.977 0.002 0.021 
125 Kayangel01    (3)   10 :  0.256 0.707 0.037 
126 Kayangel02    (3)   10 :  0.170 0.765 0.065 
127 Kayangel03    (4)   10 :  0.191 0.792 0.018 
128 Kayangel04    (2)   10 :  0.150 0.750 0.100 
129 Kayangel05    (1)   10 :  0.162 0.771 0.067 
130 Kayangel06    (3)   10 :  0.214 0.742 0.044 
131 Kayangel07    (7)   10 :  0.141 0.791 0.068 
132 Kayangel08    (2)   10 :  0.195 0.758 0.046 
133 Kayangel09    (1)   10 :  0.198 0.781 0.021 
134 Kayangel10    (2)   10 :  0.201 0.746 0.053 
135 Kayangel11    (1)   10 :  0.004 0.993 0.003 
136 Kayangel12    (3)   10 :  0.122 0.795 0.083 
137 Kayangel13   (20)   10 :  0.002 0.996 0.002 
138 Kayangel14    (4)   10 :  0.184 0.782 0.034 
139 Kayangel15    (2)   10 :  0.003 0.993 0.003 
140 Kayangel16    (7)   10 :  0.018 0.971 0.011 
141 Kayangel17   (41)   10 :  0.002 0.995 0.003 
142 Kayangel18    (3)   10 :  0.110 0.859 0.031 
143 Kayangel19    (2)   10 :  0.003 0.995 0.003 
144 Kayangel20    (4)   10 :  0.158 0.728 0.113 
145 Kayangel21   (13)   10 :  0.003 0.992 0.004 
146 Late_Is_01    (3)   11 :  0.795 0.189 0.016 
147 Late_Is_02    (3)   11 :  0.745 0.235 0.020 
148 Late_Is_03    (9)   11 :  0.651 0.283 0.066 
149 Late_Is_04    (4)   11 :  0.802 0.188 0.010 
150 Late_Is_05    (4)   11 :  0.764 0.200 0.036 
151 Late_Is_06   (17)   11 :  0.553 0.439 0.008 
152 Late_Is_07    (2)   11 :  0.749 0.217 0.034 
153 Late_Is_08    (6)   11 :  0.725 0.207 0.068 
154 Late_Is_09    (3)   11 :  0.816 0.132 0.052 
155 Late_Is_10    (3)   11 :  0.803 0.177 0.020 
156 Late_Is_11   (21)   11 :  0.562 0.428 0.011 
157 Late_Is_12    (7)   11 :  0.758 0.228 0.014 
158 Late_Is_13    (3)   11 :  0.774 0.204 0.022 
159 Late_Is_14    (2)   11 :  0.765 0.199 0.036 
160 Late_Is_15    (4)   11 :  0.707 0.265 0.028 
161 Late_Is_16    (2)   11 :  0.824 0.167 0.009 
162 Late_Is_17    (4)   11 :  0.807 0.187 0.007 
163 Late_Is_18    (3)   11 :  0.736 0.260 0.005 
164 Late_Is_19    (4)   11 :  0.859 0.121 0.020 
165 Late_Is_20    (2)   11 :  0.886 0.106 0.009 
166 Late_Is_21    (6)   11 :  0.649 0.211 0.140 
167 Cambodia_1    (0)   12 :  0.001 0.998 0.001 
168 Laos___001    (0)   12 :  0.002 0.996 0.002 
169 Laos___002    (0)   12 :  0.001 0.998 0.001 
170 Luzon__001    (0)   12 :  0.019 0.972 0.009 
171 Thailand01    (0)   12 :  0.001 0.998 0.001 
172 Thailand02    (0)   12 :  0.001 0.997 0.001 
173 Malenge_04   (53)   13 :  0.006 0.987 0.007 
174 Malenge_11   (57)   13 :  0.021 0.961 0.018 
175 Malenge_14   (57)   13 :  0.002 0.996 0.002 
176 Malenge_15   (58)   13 :  0.004 0.992 0.005 
177 Malenge_17   (57)   13 :  0.002 0.997 0.001 
178 Malenge_18   (36)   13 :  0.020 0.950 0.030 
179 Malenge_19   (50)   13 :  0.006 0.992 0.002 
180 Malenge_20   (45)   13 :  0.005 0.990 0.005 
181 Malenge_22   (45)   13 :  0.006 0.991 0.003 
182 Malenge_23   (30)   13 :  0.002 0.995 0.003 
183 Malenge_24   (21)   13 :  0.082 0.906 0.013 
184 Malenge_25   (36)   13 :  0.012 0.984 0.004 
185 Mohotani01    (0)   14 :  0.990 0.001 0.009 
186 Mohotani02    (1)   14 :  0.934 0.006 0.061 
187 Mohotani03    (4)   14 :  0.884 0.004 0.112 
188 Mohotani04    (1)   14 :  0.824 0.004 0.173 
189 Mohotani05    (4)   14 :  0.963 0.002 0.035 
190 Mohotani06    (2)   14 :  0.914 0.002 0.085 
191 Mohotani07    (2)   14 :  0.993 0.001 0.006 
192 Mohotani08    (2)   14 :  0.971 0.004 0.025 
193 Mohotani09    (2)   14 :  0.983 0.001 0.016 
194 Mohotani10    (2)   14 :  0.928 0.004 0.068 
195 Mohotani11    (0)   14 :  0.946 0.021 0.033 
196 Mohotani12    (2)   14 :  0.937 0.001 0.061 
197 Mohotani13    (3)   14 :  0.977 0.001 0.021 
198 Mohotani14    (3)   14 :  0.856 0.002 0.142 
199 Motukawa10    (3)   15 :  0.996 0.001 0.003 
200 Motukawa11    (4)   15 :  0.997 0.001 0.003 
201 Motukawa12    (3)   15 :  0.992 0.005 0.003 
202 Motukawa13    (3)   15 :  0.994 0.001 0.005 
203 Motukawa14    (2)   15 :  0.996 0.001 0.003 
204 Motukawa15    (3)   15 :  0.994 0.001 0.005 
205 Motukawa16    (1)   15 :  0.992 0.001 0.007 
206 Motukawa17    (3)   15 :  0.993 0.003 0.004 
207 Motukawa18    (4)   15 :  0.996 0.001 0.003 
208 Motukawa19    (6)   15 :  0.995 0.001 0.004 
209 Motukawa20    (3)   15 :  0.995 0.001 0.005 
210 Motukawa21    (5)   15 :  0.995 0.001 0.005 
211 Motukawan1    (3)   15 :  0.995 0.001 0.004 
212 Motukawan2    (6)   15 :  0.993 0.002 0.005 
213 Motukawan3    (2)   15 :  0.990 0.002 0.007 
214 Motukawan4    (2)   15 :  0.995 0.001 0.004 
215 Motukawan5    (1)   15 :  0.997 0.001 0.003 
216 Motukawan6    (3)   15 :  0.995 0.001 0.004 
217 Motukawan7    (1)   15 :  0.995 0.001 0.004 
218 Motukawan8    (1)   15 :  0.992 0.004 0.004 
219 Motukawan9    (1)   15 :  0.994 0.001 0.005 
220 NewBrita14   (55)   16 :  0.029 0.916 0.055 
221 NewBrita16   (28)   16 :  0.218 0.773 0.009 
222 NewBrita23   (57)   16 :  0.027 0.964 0.009 
223 NewBrita24   (20)   16 :  0.423 0.571 0.006 
224 NewBrita25   (46)   16 :  0.011 0.985 0.003 
225 NewBritai2   (51)   16 :  0.010 0.982 0.008 
226 NewBritai3   (46)   16 :  0.026 0.894 0.080 
227 NewBritai6   (42)   16 :  0.073 0.868 0.059 
228 NewBritai7   (58)   16 :  0.032 0.950 0.018 
229 NewBritai8   (49)   16 :  0.019 0.947 0.034 
230 NewGuine17   (56)   17 :  0.003 0.994 0.003 
231 NewGuinea1   (56)   17 :  0.002 0.996 0.002 
232 NewGuinea8   (54)   17 :  0.002 0.995 0.002 
233 Normanby08   (57)   18 :  0.005 0.990 0.005 
234 Rakiura_01    (3)   19 :  0.896 0.004 0.100 
235 Rakiura_02    (1)   19 :  0.972 0.002 0.026 
236 Rakiura_03    (4)   19 :  0.954 0.001 0.045 
237 Rakiura_04    (1)   19 :  0.992 0.001 0.007 
238 Rakiura_05    (2)   19 :  0.993 0.001 0.006 
239 Rakiura_06    (2)   19 :  0.986 0.001 0.012 
240 Rakiura_07    (2)   19 :  0.984 0.002 0.013 
241 Rakiura_08    (2)   19 :  0.990 0.001 0.009 
242 Rakiura_09    (3)   19 :  0.777 0.003 0.220 
243 Rakiura_10    (1)   19 :  0.994 0.001 0.006 
244 Rakiura_11    (2)   19 :  0.983 0.001 0.015 
245 Rakiura_12    (2)   19 :  0.986 0.001 0.013 
246 Rakiura_13    (3)   19 :  0.988 0.004 0.008 
247 Rakiura_14    (2)   19 :  0.993 0.001 0.006 
248 Rakiura_15    (2)   19 :  0.978 0.001 0.020 
249 Rakiura_16    (3)   19 :  0.944 0.002 0.054 
250 Rakiura_17    (4)   19 :  0.926 0.051 0.022 
251 Rakiura_18    (2)   19 :  0.882 0.001 0.116 
252 Rakiura_19    (4)   19 :  0.973 0.002 0.025 
253 Rakiura_20    (2)   19 :  0.984 0.003 0.012 
254 Rakiura_21    (2)   19 :  0.986 0.006 0.008 
255 Reiono_001    (3)   20 :  0.669 0.001 0.329 
256 Reiono_002    (3)   20 :  0.666 0.001 0.333 
257 Reiono_003    (4)   20 :  0.808 0.001 0.191 
258 Reiono_004    (4)   20 :  0.663 0.003 0.333 
259 Reiono_005    (1)   20 :  0.617 0.004 0.379 
260 Reiono_006    (1)   20 :  0.919 0.001 0.080 
261 Reiono_007    (6)   20 :  0.574 0.073 0.354 
262 Reiono_008    (2)   20 :  0.732 0.001 0.267 
263 Reiono_009    (1)   20 :  0.701 0.001 0.298 
264 Reiono_010    (6)   20 :  0.594 0.003 0.403 
265 Reiono_011    (1)   20 :  0.690 0.001 0.309 
266 Reiono_012    (1)   20 :  0.670 0.001 0.329 
267 Reiono_013    (2)   20 :  0.721 0.001 0.278 
268 Reiono_014    (4)   20 :  0.660 0.001 0.339 
269 Reiono_015    (4)   20 :  0.545 0.001 0.454 
270 Reiono_016    (2)   20 :  0.657 0.001 0.342 
271 Reiono_017    (3)   20 :  0.888 0.003 0.109 
272 Reiono_018    (5)   20 :  0.691 0.004 0.305 
273 Reiono_019    (3)   20 :  0.635 0.001 0.364 
274 Reiono_020    (2)   20 :  0.565 0.005 0.429 
275 Reiono_021    (2)   20 :  0.599 0.002 0.398 
276 Rimatuu_01    (2)   21 :  0.612 0.001 0.387 
277 Rimatuu_02    (3)   21 :  0.881 0.001 0.118 
278 Rimatuu_03    (2)   21 :  0.934 0.006 0.060 
279 Rimatuu_04    (1)   21 :  0.664 0.003 0.333 
280 Rimatuu_05    (2)   21 :  0.703 0.002 0.295 
281 Rimatuu_06    (2)   21 :  0.780 0.002 0.218 
282 Rimatuu_07    (3)   21 :  0.759 0.001 0.240 
283 Rimatuu_08    (3)   21 :  0.928 0.001 0.071 
284 Rimatuu_09    (2)   21 :  0.784 0.002 0.214 
285 Rimatuu_10    (1)   21 :  0.815 0.001 0.184 
286 Rimatuu_11    (1)   21 :  0.773 0.009 0.218 
287 Rimatuu_12    (2)   21 :  0.770 0.001 0.229 
288 Rimatuu_13    (1)   21 :  0.721 0.001 0.278 
289 Rimatuu_14    (1)   21 :  0.825 0.001 0.174 
290 Rimatuu_15    (1)   21 :  0.595 0.001 0.404 
291 Rimatuu_16    (2)   21 :  0.892 0.001 0.107 
292 Rimatuu_17    (3)   21 :  0.878 0.002 0.121 
293 Rimatuu_18    (3)   21 :  0.835 0.001 0.164 
294 Rimatuu_19    (3)   21 :  0.718 0.001 0.281 
295 Rimatuu_20    (3)   21 :  0.683 0.001 0.316 
296 Rimatuu_21    (4)   21 :  0.753 0.001 0.246 
297 Slipper_01    (3)   22 :  0.988 0.008 0.004 
298 Slipper_02    (2)   22 :  0.993 0.001 0.006 
299 Slipper_03    (3)   22 :  0.993 0.001 0.006 
300 Slipper_04    (2)   22 :  0.990 0.001 0.008 
301 Slipper_05    (1)   22 :  0.997 0.001 0.003 
302 Slipper_06    (2)   22 :  0.996 0.001 0.003 
303 Slipper_07    (1)   22 :  0.993 0.003 0.004 
304 Slipper_08    (2)   22 :  0.994 0.001 0.005 
305 Slipper_09    (3)   22 :  0.995 0.001 0.004 
306 Slipper_10    (3)   22 :  0.992 0.001 0.007 
307 Slipper_11    (2)   22 :  0.971 0.024 0.005 
308 Slipper_12    (2)   22 :  0.989 0.006 0.004 
309 Slipper_13    (1)   22 :  0.995 0.001 0.003 
310 Slipper_14    (3)   22 :  0.990 0.001 0.008 
311 Slipper_15    (2)   22 :  0.996 0.001 0.003 
312 Slipper_16    (3)   22 :  0.995 0.001 0.004 
313 Slipper_17    (2)   22 :  0.993 0.001 0.006 
314 Slipper_18    (0)   22 :  0.994 0.001 0.005 
315 Slipper_19    (3)   22 :  0.993 0.003 0.005 
316 Slipper_20    (3)   22 :  0.996 0.001 0.003 
317 Slipper_21    (2)   22 :  0.995 0.001 0.004 
318 Sulawesi_1   (17)   23 :  0.023 0.838 0.139 
319 Sulawesi_2    (9)   23 :  0.005 0.989 0.005 
320 Sulawesi_3   (18)   23 :  0.013 0.971 0.017 
321 Sulawesi_4   (14)   23 :  0.010 0.974 0.016 
322 Sulawesi_5    (7)   23 :  0.045 0.937 0.018 
323 Sulawesi_6   (22)   23 :  0.099 0.882 0.019 
324 Sulawesi_7   (10)   23 :  0.025 0.929 0.046 
325 Sulawesi_8   (22)   23 :  0.004 0.993 0.004 
326 Sulawesi_9    (9)   23 :  0.009 0.971 0.020 
327 Sulawesi10    (9)   23 :  0.026 0.929 0.044 
328 Sulawesi11   (16)   23 :  0.120 0.781 0.099 
329 Sulawesi12   (20)   23 :  0.006 0.986 0.008 
330 Sulawesi13   (18)   23 :  0.006 0.989 0.005 
331 Sulawesi14   (27)   23 :  0.016 0.974 0.010 
332 Sulawesi15   (23)   23 :  0.025 0.940 0.035 
333 Sulawesi16   (24)   23 :  0.042 0.896 0.062 
334 Sulawesi17   (10)   23 :  0.050 0.856 0.094 
335 Sulawesi18   (20)   23 :  0.005 0.992 0.003 
336 Sulawesi19   (18)   23 :  0.007 0.979 0.014 
337 Sulawesi20   (22)   23 :  0.014 0.949 0.037 
338 Sulawesi21   (12)   23 :  0.006 0.985 0.009 
339 Sulawesi22   (35)   23 :  0.003 0.989 0.007 
340 Tahanea_01   (10)   24 :  0.003 0.001 0.996 
341 Tahanea_02    (2)   24 :  0.011 0.003 0.987 
342 Tahanea_03    (9)   24 :  0.008 0.162 0.830 
343 Tahanea_04    (3)   24 :  0.003 0.001 0.996 
344 Tahanea_05    (2)   24 :  0.003 0.001 0.996 
345 Tahanea_06    (2)   24 :  0.005 0.001 0.994 
346 Tahanea_07    (3)   24 :  0.025 0.005 0.970 
347 Tahanea_08   (15)   24 :  0.005 0.001 0.994 
348 Tahanea_09    (3)   24 :  0.005 0.001 0.994 
349 Tahanea_10    (2)   24 :  0.007 0.001 0.992 
350 Tahanea_11    (5)   24 :  0.005 0.134 0.861 
351 Tahanea_12    (3)   24 :  0.004 0.001 0.995 
352 Tahanea_13    (2)   24 :  0.005 0.021 0.974 
353 Tahanea_14    (2)   24 :  0.004 0.010 0.986 
354 Tahanea_15    (2)   24 :  0.004 0.001 0.995 
355 Tahanea_16    (9)   24 :  0.018 0.002 0.980 
356 Tahanea_17    (2)   24 :  0.004 0.001 0.995 
357 Tahanea_18    (6)   24 :  0.009 0.041 0.950 
358 Tahanea_19    (3)   24 :  0.005 0.003 0.993 
359 Tahanea_20    (0)   24 :  0.005 0.001 0.994 
360 Wake_Is_01    (1)   25 :  0.870 0.125 0.005 
361 Wake_Is_02    (4)   25 :  0.749 0.240 0.010 
362 Wake_Is_03    (2)   25 :  0.859 0.135 0.007 
363 Wake_Is_04    (2)   25 :  0.796 0.201 0.004 
364 Wake_Is_05    (1)   25 :  0.921 0.073 0.006 
365 Wake_Is_06    (0)   25 :  0.891 0.105 0.005 
366 Wake_Is_07    (2)   25 :  0.857 0.136 0.007 
367 Wake_Is_08    (2)   25 :  0.780 0.205 0.015 
368 Wake_Is_09    (2)   25 :  0.839 0.156 0.005 
369 Wake_Is_10    (2)   25 :  0.879 0.118 0.003 
370 Wake_Is_11    (1)   25 :  0.837 0.155 0.007 
371 Wake_Is_12    (2)   25 :  0.921 0.070 0.008 
372 Wake_Is_13    (4)   25 :  0.923 0.060 0.017 
373 Wake_Is_14    (2)   25 :  0.855 0.141 0.003 
374 Wake_Is_15    (2)   25 :  0.767 0.227 0.005 
375 Wake_Is_16    (5)   25 :  0.595 0.399 0.007 
376 Wake_Is_17    (1)   25 :  0.805 0.175 0.020 
377 Wake_Is_18    (1)   25 :  0.892 0.088 0.019 
378 Wake_Is_19    (2)   25 :  0.861 0.127 0.011 
379 Wake_Is_20    (1)   25 :  0.756 0.239 0.005 


Estimated Allele Frequencies in each cluster
First column gives estimated ancestral frequencies


Locus 1 : X299_CHR1_1146 
2 alleles
15.3% missing data
   3   (0.713) 0.982 0.817 0.977 
   2   (0.287) 0.018 0.183 0.023 

Locus 2 : X13_CHR1_11661 
2 alleles
6.6% missing data
   3   (0.678) 0.702 0.894 0.002 
   4   (0.322) 0.298 0.106 0.998 

Locus 3 : X14_CHR1_12485 
2 alleles
8.7% missing data
   4   (0.273) 0.954 0.160 0.002 
   3   (0.727) 0.046 0.840 0.998 

Locus 4 : X15_CHR1_13486 
2 alleles
3.2% missing data
   2   (0.847) 1.000 0.861 0.999 
   1   (0.153) 0.000 0.139 0.001 

Locus 5 : X16_CHR1_13731 
2 alleles
5.8% missing data
   1   (0.196) 0.929 0.026 0.569 
   3   (0.804) 0.071 0.974 0.431 

Locus 6 : X18_CHR1_18597 
2 alleles
14.8% missing data
   2   (0.900) 1.000 0.959 1.000 
   4   (0.100) 0.000 0.041 0.000 

Locus 7 : X19_CHR1_19270 
2 alleles
1.1% missing data
   4   (0.872) 1.000 0.912 1.000 
   3   (0.128) 0.000 0.088 0.000 

Locus 8 : X20_CHR1_19838 
2 alleles
5.8% missing data
   3   (0.844) 0.998 0.922 0.999 
   1   (0.156) 0.002 0.078 0.001 

Locus 9 : X21_CHR1_20196 
2 alleles
3.7% missing data
   1   (0.467) 0.399 0.459 0.220 
   3   (0.533) 0.601 0.541 0.780 

Locus 10 : X22_CHR1_20954 
2 alleles
8.2% missing data
   1   (0.505) 0.810 0.523 0.059 
   3   (0.495) 0.190 0.477 0.941 

Locus 11 : X23_CHR1_21191 
2 alleles
12.9% missing data
   3   (0.845) 0.352 0.965 0.999 
   2   (0.155) 0.648 0.035 0.001 

Locus 12 : X262_CHR1_2123 
2 alleles
9.8% missing data
   4   (0.890) 1.000 0.945 1.000 
   1   (0.110) 0.000 0.055 0.000 

Locus 13 : X24_CHR1_21645 
2 alleles
2.9% missing data
   3   (0.912) 1.000 0.977 1.000 
   4   (0.088) 0.000 0.023 0.000 

Locus 14 : X25_CHR1_22005 
2 alleles
0.0% missing data
   4   (0.525) 0.999 0.248 0.992 
   2   (0.475) 0.001 0.752 0.008 

Locus 15 : X26_CHR1_23112 
2 alleles
5.3% missing data
   4   (0.826) 0.996 0.906 0.999 
   1   (0.174) 0.004 0.094 0.001 

Locus 16 : X27_CHR1_25562 
2 alleles
6.3% missing data
   1   (0.691) 1.000 0.488 0.999 
   3   (0.309) 0.000 0.512 0.001 

Locus 17 : X300_CHR1_2620 
2 alleles
7.9% missing data
   1   (0.760) 0.982 0.881 0.986 
   2   (0.240) 0.018 0.119 0.014 

Locus 18 : X301_CHR1_2620 
2 alleles
24.8% missing data
   4   (0.703) 0.934 0.709 0.999 
   2   (0.297) 0.066 0.291 0.001 

Locus 19 : X28_CHR1_26550 
2 alleles
2.9% missing data
   3   (0.877) 0.998 0.970 0.998 
   1   (0.123) 0.002 0.030 0.002 

Locus 20 : X29_CHR1_28123 
2 alleles
10.6% missing data
   1   (0.649) 1.000 0.394 0.999 
   3   (0.351) 0.000 0.606 0.001 

Locus 21 : X260_CHR1_3236 
2 alleles
0.3% missing data
   4   (0.683) 0.975 0.762 0.969 
   2   (0.317) 0.025 0.238 0.031 

Locus 22 : X2_CHR1_348682 
2 alleles
7.1% missing data
   1   (0.490) 0.996 0.216 0.997 
   3   (0.510) 0.004 0.784 0.003 

Locus 23 : X3_CHR1_537201 
2 alleles
4.2% missing data
   4   (0.809) 1.000 0.751 0.999 
   2   (0.191) 0.000 0.249 0.001 

Locus 24 : X296_CHR1_5774 
2 alleles
45.4% missing data
   3   (0.685) 0.771 0.830 0.694 
   2   (0.315) 0.229 0.170 0.306 

Locus 25 : X4_CHR1_578156 
2 alleles
17.4% missing data
   4   (0.530) 0.607 0.537 0.723 
   3   (0.470) 0.393 0.463 0.277 

Locus 26 : X5_CHR1_657423 
2 alleles
9.2% missing data
   4   (0.910) 1.000 0.970 1.000 
   2   (0.090) 0.000 0.030 0.000 

Locus 27 : X6_CHR1_723638 
2 alleles
11.9% missing data
   3   (0.920) 1.000 0.982 1.000 
   1   (0.080) 0.000 0.018 0.000 

Locus 28 : X7_CHR1_801358 
2 alleles
7.7% missing data
   2   (0.273) 0.999 0.033 0.997 
   4   (0.727) 0.001 0.967 0.003 

Locus 29 : X297_CHR1_8053 
2 alleles
19.8% missing data
   4   (0.838) 0.995 0.929 0.999 
   1   (0.162) 0.005 0.071 0.001 

Locus 30 : X298_CHR1_8257 
2 alleles
6.1% missing data
   2   (0.841) 1.000 0.835 0.999 
   4   (0.159) 0.000 0.165 0.001 

Locus 31 : X8_CHR1_853819 
2 alleles
7.4% missing data
   2   (0.802) 0.999 0.779 0.999 
   4   (0.198) 0.001 0.221 0.001 

Locus 32 : X9_CHR1_890393 
2 alleles
23.2% missing data
   2   (0.222) 0.660 0.052 0.547 
   4   (0.778) 0.340 0.948 0.453 

Locus 33 : X10_CHR1_94071 
2 alleles
12.7% missing data
   4   (0.708) 0.417 0.886 0.553 
   1   (0.292) 0.583 0.114 0.447 

Locus 34 : X174_CHR10_100 
2 alleles
7.1% missing data
   1   (0.883) 1.000 0.930 1.000 
   3   (0.117) 0.000 0.070 0.000 

Locus 35 : X175_CHR10_106 
2 alleles
20.6% missing data
   1   (0.520) 0.970 0.322 0.998 
   4   (0.480) 0.030 0.678 0.002 

Locus 36 : X157_CHR10_131 
2 alleles
0.5% missing data
   3   (0.895) 1.000 0.950 1.000 
   1   (0.105) 0.000 0.050 0.000 

Locus 37 : X276_CHR10_157 
2 alleles
21.1% missing data
   4   (0.715) 0.999 0.541 0.999 
   2   (0.285) 0.001 0.459 0.001 

Locus 38 : X158_CHR10_182 
2 alleles
0.0% missing data
   2   (0.245) 0.503 0.064 0.498 
   4   (0.755) 0.497 0.936 0.502 

Locus 39 : X159_CHR10_293 
2 alleles
3.2% missing data
   4   (0.739) 1.000 0.588 0.999 
   2   (0.261) 0.000 0.412 0.001 

Locus 40 : X160_CHR10_387 
2 alleles
4.7% missing data
   4   (0.881) 1.000 0.926 1.000 
   3   (0.119) 0.000 0.074 0.000 

Locus 41 : X277_CHR10_414 
2 alleles
33.8% missing data
   2   (0.162) 0.641 0.017 0.529 
   4   (0.838) 0.359 0.983 0.471 

Locus 42 : X278_CHR10_459 
2 alleles
3.4% missing data
   4   (0.882) 1.000 0.931 1.000 
   1   (0.118) 0.000 0.069 0.000 

Locus 43 : X161_CHR10_465 
2 alleles
8.2% missing data
   3   (0.835) 0.999 0.845 0.999 
   1   (0.165) 0.001 0.155 0.001 

Locus 44 : X163_CHR10_564 
2 alleles
0.8% missing data
   4   (0.658) 0.995 0.619 0.983 
   2   (0.342) 0.005 0.381 0.017 

Locus 45 : X279_CHR10_566 
2 alleles
4.0% missing data
   3   (0.777) 1.000 0.689 0.999 
   1   (0.223) 0.000 0.311 0.001 

Locus 46 : X164_CHR10_590 
2 alleles
0.8% missing data
   4   (0.615) 0.444 0.748 0.272 
   2   (0.385) 0.556 0.252 0.728 

Locus 47 : X165_CHR10_636 
2 alleles
7.4% missing data
   4   (0.803) 1.000 0.786 0.995 
   1   (0.197) 0.000 0.214 0.005 

Locus 48 : X166_CHR10_667 
2 alleles
8.4% missing data
   3   (0.867) 1.000 0.898 1.000 
   1   (0.133) 0.000 0.102 0.000 

Locus 49 : X156_CHR10_684 
2 alleles
9.2% missing data
   4   (0.879) 0.790 0.983 1.000 
   2   (0.121) 0.210 0.017 0.000 

Locus 50 : X167_CHR10_718 
2 alleles
1.1% missing data
   1   (0.673) 0.999 0.455 0.999 
   3   (0.327) 0.001 0.545 0.001 

Locus 51 : X168_CHR10_740 
2 alleles
8.7% missing data
   1   (0.851) 1.000 0.867 0.999 
   3   (0.149) 0.000 0.133 0.001 

Locus 52 : X169_CHR10_771 
2 alleles
11.9% missing data
   1   (0.834) 0.830 0.949 0.999 
   3   (0.166) 0.170 0.051 0.001 

Locus 53 : X170_CHR10_833 
2 alleles
0.3% missing data
   3   (0.781) 0.968 0.903 0.993 
   4   (0.219) 0.032 0.097 0.007 

Locus 54 : X171_CHR10_863 
2 alleles
6.1% missing data
   2   (0.290) 0.807 0.098 0.792 
   4   (0.710) 0.193 0.902 0.208 

Locus 55 : X172_CHR10_915 
2 alleles
6.6% missing data
   4   (0.198) 0.022 0.110 0.001 
   2   (0.802) 0.978 0.890 0.999 

Locus 56 : X173_CHR10_946 
2 alleles
6.6% missing data
   2   (0.817) 0.998 0.812 0.999 
   1   (0.183) 0.002 0.188 0.001 

Locus 57 : X176_CHR11_144 
2 alleles
4.5% missing data
   3   (0.715) 1.000 0.520 0.999 
   1   (0.285) 0.000 0.480 0.001 

Locus 58 : X177_CHR11_223 
2 alleles
7.9% missing data
   3   (0.817) 1.000 0.784 0.999 
   1   (0.183) 0.000 0.216 0.001 

Locus 59 : X178_CHR11_314 
2 alleles
3.2% missing data
   1   (0.289) 0.411 0.107 0.843 
   3   (0.711) 0.589 0.893 0.157 

Locus 60 : X179_CHR11_448 
2 alleles
31.7% missing data
   3   (0.902) 1.000 0.963 1.000 
   1   (0.098) 0.000 0.037 0.000 

Locus 61 : X180_CHR11_530 
2 alleles
7.1% missing data
   1   (0.569) 0.520 0.647 0.448 
   2   (0.431) 0.480 0.353 0.552 

Locus 62 : X181_CHR11_620 
2 alleles
6.3% missing data
   1   (0.501) 0.549 0.501 0.465 
   3   (0.499) 0.451 0.499 0.535 

Locus 63 : X183_CHR11_792 
2 alleles
6.6% missing data
   3   (0.683) 0.993 0.660 0.991 
   2   (0.317) 0.007 0.340 0.009 

Locus 64 : X184_CHR11_817 
2 alleles
2.4% missing data
   4   (0.789) 1.000 0.703 0.999 
   2   (0.211) 0.000 0.297 0.001 

Locus 65 : X185_CHR12_131 
2 alleles
9.5% missing data
   3   (0.866) 1.000 0.894 1.000 
   1   (0.134) 0.000 0.106 0.000 

Locus 66 : X186_CHR12_171 
2 alleles
4.2% missing data
   2   (0.743) 0.754 0.815 0.999 
   3   (0.257) 0.246 0.185 0.001 

Locus 67 : X187_CHR12_221 
2 alleles
0.3% missing data
   3   (0.711) 1.000 0.520 0.999 
   1   (0.289) 0.000 0.480 0.001 

Locus 68 : X188_CHR12_281 
2 alleles
7.1% missing data
   4   (0.900) 1.000 0.960 1.000 
   2   (0.100) 0.000 0.040 0.000 

Locus 69 : X311_CHR12_412 
2 alleles
7.4% missing data
   3   (0.910) 1.000 0.973 1.000 
   1   (0.090) 0.000 0.027 0.000 

Locus 70 : X312_CHR12_412 
2 alleles
19.5% missing data
   3   (0.931) 0.998 0.995 1.000 
   2   (0.069) 0.002 0.005 0.000 

Locus 71 : X190_CHR12_430 
2 alleles
2.9% missing data
   3   (0.809) 1.000 0.761 0.999 
   1   (0.191) 0.000 0.239 0.001 

Locus 72 : X191_CHR12_512 
2 alleles
5.8% missing data
   4   (0.297) 0.054 0.284 0.003 
   2   (0.703) 0.946 0.716 0.997 

Locus 73 : X192_CHR13_501 
2 alleles
15.3% missing data
   3   (0.906) 1.000 0.967 1.000 
   1   (0.094) 0.000 0.033 0.000 

Locus 74 : X284_CHR13_570 
2 alleles
1.3% missing data
   4   (0.528) 0.930 0.474 0.864 
   3   (0.472) 0.070 0.526 0.136 

Locus 75 : X193_CHR13_631 
2 alleles
12.4% missing data
   2   (0.434) 0.576 0.373 0.193 
   4   (0.566) 0.424 0.627 0.807 

Locus 76 : X194_CHR13_754 
2 alleles
6.1% missing data
   4   (0.470) 0.665 0.287 0.997 
   2   (0.530) 0.335 0.713 0.003 

Locus 77 : X195_CHR13_794 
2 alleles
4.5% missing data
   1   (0.567) 0.377 0.560 0.978 
   3   (0.433) 0.623 0.440 0.022 

Locus 78 : X196_CHR13_841 
2 alleles
5.3% missing data
   4   (0.787) 0.998 0.781 0.999 
   2   (0.213) 0.002 0.219 0.001 

Locus 79 : X313_CHR13_914 
2 alleles
11.3% missing data
   3   (0.867) 1.000 0.902 1.000 
   1   (0.133) 0.000 0.098 0.000 

Locus 80 : X198_CHR13_927 
2 alleles
5.5% missing data
   3   (0.344) 0.634 0.340 0.001 
   1   (0.656) 0.366 0.660 0.999 

Locus 81 : X285_CHR13_937 
2 alleles
16.4% missing data
   1   (0.127) 0.315 0.022 0.001 
   3   (0.873) 0.685 0.978 0.999 

Locus 82 : X199_CHR13_957 
2 alleles
9.5% missing data
   1   (0.850) 1.000 0.867 0.999 
   3   (0.150) 0.000 0.133 0.001 

Locus 83 : X208_CHR14_105 
2 alleles
6.9% missing data
   2   (0.796) 1.000 0.725 0.999 
   3   (0.204) 0.000 0.275 0.001 

Locus 84 : X209_CHR14_110 
2 alleles
12.7% missing data
   4   (0.680) 1.000 0.507 0.995 
   2   (0.320) 0.000 0.493 0.005 

Locus 85 : X210_CHR14_113 
2 alleles
24.5% missing data
   3   (0.667) 0.998 0.462 0.998 
   1   (0.333) 0.002 0.538 0.002 

Locus 86 : X201_CHR14_115 
2 alleles
53.6% missing data
   1   (0.488) 0.542 0.466 0.596 
   3   (0.512) 0.458 0.534 0.404 

Locus 87 : X202_CHR14_208 
2 alleles
53.3% missing data
   4   (0.534) 0.336 0.601 0.284 
   2   (0.466) 0.664 0.399 0.716 

Locus 88 : X203_CHR14_425 
2 alleles
7.9% missing data
   1   (0.863) 0.999 0.908 0.999 
   2   (0.137) 0.001 0.092 0.001 

Locus 89 : X200_CHR14_508 
2 alleles
5.0% missing data
   3   (0.895) 1.000 0.952 1.000 
   1   (0.105) 0.000 0.048 0.000 

Locus 90 : X204_CHR14_627 
2 alleles
3.2% missing data
   1   (0.690) 0.565 0.904 0.006 
   3   (0.310) 0.435 0.096 0.994 

Locus 91 : X286_CHR14_719 
2 alleles
35.1% missing data
   3   (0.873) 1.000 0.912 0.999 
   1   (0.127) 0.000 0.088 0.001 

Locus 92 : X205_CHR14_741 
2 alleles
4.7% missing data
   2   (0.679) 0.995 0.679 0.963 
   4   (0.321) 0.005 0.321 0.037 

Locus 93 : X206_CHR14_794 
2 alleles
7.1% missing data
   1   (0.498) 0.762 0.476 0.478 
   3   (0.502) 0.238 0.524 0.522 

Locus 94 : X207_CHR14_867 
2 alleles
13.7% missing data
   3   (0.879) 1.000 0.927 1.000 
   2   (0.121) 0.000 0.073 0.000 

Locus 95 : X222_CHR15_101 
2 alleles
10.3% missing data
   4   (0.193) 0.411 0.078 0.001 
   2   (0.807) 0.589 0.922 0.999 

Locus 96 : X223_CHR15_108 
2 alleles
16.9% missing data
   3   (0.818) 1.000 0.781 0.999 
   1   (0.182) 0.000 0.219 0.001 

Locus 97 : X224_CHR15_111 
2 alleles
28.5% missing data
   2   (0.757) 0.970 0.895 0.966 
   1   (0.243) 0.030 0.105 0.034 

Locus 98 : X211_CHR15_163 
2 alleles
15.8% missing data
   3   (0.454) 0.871 0.245 0.998 
   4   (0.546) 0.129 0.755 0.002 

Locus 99 : X212_CHR15_286 
2 alleles
9.2% missing data
   2   (0.923) 1.000 0.985 1.000 
   4   (0.077) 0.000 0.015 0.000 

Locus 100 : X213_CHR15_343 
2 alleles
17.2% missing data
   4   (0.742) 0.995 0.823 0.859 
   1   (0.258) 0.005 0.177 0.141 

Locus 101 : X215_CHR15_435 
2 alleles
3.2% missing data
   3   (0.872) 1.000 0.909 1.000 
   1   (0.128) 0.000 0.091 0.000 

Locus 102 : X217_CHR15_524 
2 alleles
25.9% missing data
   2   (0.169) 0.354 0.053 0.002 
   3   (0.831) 0.646 0.947 0.998 

Locus 103 : X218_CHR15_777 
2 alleles
9.5% missing data
   2   (0.886) 1.000 0.937 1.000 
   3   (0.114) 0.000 0.063 0.000 

Locus 104 : X219_CHR15_813 
2 alleles
5.0% missing data
   2   (0.238) 0.690 0.041 0.987 
   4   (0.762) 0.310 0.959 0.013 

Locus 105 : X220_CHR15_887 
2 alleles
23.7% missing data
   1   (0.576) 0.709 0.476 0.998 
   3   (0.424) 0.291 0.524 0.002 

Locus 106 : X221_CHR15_968 
2 alleles
8.2% missing data
   4   (0.904) 1.000 0.964 1.000 
   2   (0.096) 0.000 0.036 0.000 

Locus 107 : X225_CHR16_160 
2 alleles
13.7% missing data
   3   (0.721) 0.858 0.760 0.999 
   1   (0.279) 0.142 0.240 0.001 

Locus 108 : X226_CHR16_223 
2 alleles
7.1% missing data
   1   (0.456) 0.471 0.383 0.837 
   3   (0.544) 0.529 0.617 0.163 

Locus 109 : X227_CHR16_374 
2 alleles
11.6% missing data
   1   (0.770) 0.992 0.813 0.999 
   3   (0.230) 0.008 0.187 0.001 

Locus 110 : X228_CHR16_440 
2 alleles
10.0% missing data
   2   (0.771) 1.000 0.656 0.999 
   1   (0.229) 0.000 0.344 0.001 

Locus 111 : X229_CHR16_477 
2 alleles
2.9% missing data
   4   (0.866) 0.998 0.955 0.998 
   2   (0.134) 0.002 0.045 0.002 

Locus 112 : X230_CHR16_693 
2 alleles
7.9% missing data
   3   (0.842) 1.000 0.843 0.999 
   1   (0.158) 0.000 0.157 0.001 

Locus 113 : X287_CHR16_722 
2 alleles
3.4% missing data
   3   (0.847) 1.000 0.854 0.999 
   1   (0.153) 0.000 0.146 0.001 

Locus 114 : X234_CHR17_113 
2 alleles
5.5% missing data
   4   (0.790) 0.998 0.894 0.987 
   1   (0.210) 0.002 0.106 0.013 

Locus 115 : X315_CHR17_183 
2 alleles
12.4% missing data
   3   (0.880) 1.000 0.927 1.000 
   1   (0.120) 0.000 0.073 0.000 

Locus 116 : X232_CHR17_200 
2 alleles
38.0% missing data
   4   (0.726) 0.948 0.860 0.933 
   1   (0.274) 0.052 0.140 0.067 

Locus 117 : X288_CHR17_201 
2 alleles
25.6% missing data
   3   (0.843) 0.995 0.934 0.999 
   1   (0.157) 0.005 0.066 0.001 

Locus 118 : X235_CHR17_202 
2 alleles
6.3% missing data
   1   (0.653) 0.958 0.601 0.998 
   4   (0.347) 0.042 0.399 0.002 

Locus 119 : X236_CHR17_306 
2 alleles
7.4% missing data
   4   (0.647) 0.857 0.745 0.877 
   2   (0.353) 0.143 0.255 0.123 

Locus 120 : X237_CHR17_330 
2 alleles
8.7% missing data
   4   (0.909) 1.000 0.971 1.000 
   2   (0.091) 0.000 0.029 0.000 

Locus 121 : X238_CHR17_375 
2 alleles
9.0% missing data
   3   (0.857) 1.000 0.883 0.999 
   1   (0.143) 0.000 0.117 0.001 

Locus 122 : X239_CHR17_499 
2 alleles
6.3% missing data
   4   (0.444) 0.777 0.374 0.266 
   2   (0.556) 0.223 0.626 0.734 

Locus 123 : X233_CHR17_667 
2 alleles
6.9% missing data
   4   (0.846) 1.000 0.848 0.999 
   2   (0.154) 0.000 0.152 0.001 

Locus 124 : X241_CHR17_762 
2 alleles
16.9% missing data
   1   (0.847) 1.000 0.855 0.999 
   3   (0.153) 0.000 0.145 0.001 

Locus 125 : X290_CHR17_841 
2 alleles
11.9% missing data
   4   (0.786) 0.990 0.850 0.999 
   2   (0.214) 0.010 0.150 0.001 

Locus 126 : X317_CHR17_904 
2 alleles
1.3% missing data
   4   (0.911) 1.000 0.973 1.000 
   2   (0.089) 0.000 0.027 0.000 

Locus 127 : X243_CHR18_246 
2 alleles
1.3% missing data
   2   (0.285) 0.645 0.104 0.462 
   4   (0.715) 0.355 0.896 0.538 

Locus 128 : X291_CHR18_295 
2 alleles
20.3% missing data
   4   (0.918) 0.973 0.994 1.000 
   2   (0.082) 0.027 0.006 0.000 

Locus 129 : X245_CHR18_326 
2 alleles
4.5% missing data
   1   (0.746) 1.000 0.593 0.999 
   3   (0.254) 0.000 0.407 0.001 

Locus 130 : X292_CHR18_370 
2 alleles
7.7% missing data
   4   (0.842) 0.920 0.985 0.435 
   2   (0.158) 0.080 0.015 0.565 

Locus 131 : X246_CHR18_413 
2 alleles
22.7% missing data
   1   (0.416) 0.090 0.535 0.002 
   4   (0.584) 0.910 0.465 0.998 

Locus 132 : X293_CHR18_584 
2 alleles
49.9% missing data
   2   (0.492) 0.616 0.497 0.189 
   4   (0.508) 0.384 0.503 0.811 

Locus 133 : X242_CHR18_647 
2 alleles
1.1% missing data
   3   (0.599) 0.798 0.662 0.794 
   1   (0.401) 0.202 0.338 0.206 

Locus 134 : X247_CHR18_777 
2 alleles
49.3% missing data
   1   (0.808) 1.000 0.768 0.999 
   3   (0.192) 0.000 0.232 0.001 

Locus 135 : X248_CHR18_814 
2 alleles
6.3% missing data
   1   (0.446) 0.184 0.579 0.003 
   3   (0.554) 0.816 0.421 0.997 

Locus 136 : X249_CHR19_133 
2 alleles
18.2% missing data
   2   (0.845) 1.000 0.866 0.999 
   4   (0.155) 0.000 0.134 0.001 

Locus 137 : X250_CHR19_164 
2 alleles
21.9% missing data
   1   (0.854) 1.000 0.869 0.999 
   4   (0.146) 0.000 0.131 0.001 

Locus 138 : X251_CHR19_213 
2 alleles
16.1% missing data
   2   (0.227) 0.999 0.019 0.997 
   4   (0.773) 0.001 0.981 0.003 

Locus 139 : X252_CHR19_257 
2 alleles
8.4% missing data
   4   (0.915) 1.000 0.978 1.000 
   1   (0.085) 0.000 0.022 0.000 

Locus 140 : X253_CHR19_381 
2 alleles
22.7% missing data
   2   (0.790) 1.000 0.712 0.999 
   4   (0.210) 0.000 0.288 0.001 

Locus 141 : X38_CHR2_11754 
2 alleles
11.3% missing data
   4   (0.762) 0.259 0.868 0.999 
   2   (0.238) 0.741 0.132 0.001 

Locus 142 : X39_CHR2_12121 
2 alleles
2.4% missing data
   3   (0.742) 0.998 0.670 0.999 
   1   (0.258) 0.002 0.330 0.001 

Locus 143 : X31_CHR2_12917 
2 alleles
15.3% missing data
   4   (0.249) 0.920 0.058 0.386 
   3   (0.751) 0.080 0.942 0.614 

Locus 144 : X40_CHR2_14779 
2 alleles
5.5% missing data
   2   (0.581) 0.999 0.287 0.998 
   4   (0.419) 0.001 0.713 0.002 

Locus 145 : X41_CHR2_15075 
2 alleles
5.8% missing data
   4   (0.746) 1.000 0.598 0.999 
   2   (0.254) 0.000 0.402 0.001 

Locus 146 : X43_CHR2_17492 
2 alleles
10.6% missing data
   1   (0.397) 0.558 0.280 0.593 
   3   (0.603) 0.442 0.720 0.407 

Locus 147 : X44_CHR2_17868 
2 alleles
0.5% missing data
   1   (0.586) 0.984 0.521 0.979 
   4   (0.414) 0.016 0.479 0.021 

Locus 148 : X45_CHR2_18576 
2 alleles
8.7% missing data
   4   (0.868) 1.000 0.901 1.000 
   2   (0.132) 0.000 0.099 0.000 

Locus 149 : X46_CHR2_18898 
2 alleles
8.2% missing data
   3   (0.479) 0.783 0.399 0.864 
