

----------------------------------------------------
STRUCTURE by Pritchard, Stephens and Donnelly (2000)
     and Falush, Stephens and Pritchard (2003)
       Code by Pritchard, Falush and Hubisz
             Version 2.3.4 (Jul 2012)
----------------------------------------------------



Command line arguments:   bin\structure -m C:\Users\airhe\OneDrive\Documents\Masters\Project 3\kiore-project\results\ratsSNPs_struc_preHWE\as_pdf\mainparams -e C:\Users\airhe\OneDrive\Documents\Masters\Project 3\kiore-project\results\ratsSNPs_struc_preHWE\as_pdf\extraparams 
Input File:    C:\Users\airhe\OneDrive\Documents\Masters\Project 3\kiore-project\results\ratsSNPs_struc_preHWE\project_data

Run parameters:
   379 individuals
   282 loci
   5 populations assumed
   5000 Burn-in period
   50000 Reps


--------------------------------------------
Proportion of membership of each pre-defined
 population in each of the 5 clusters

Given    Inferred Clusters                     Number of
 Pop       1      2      3      4      5      Individuals

  1:     0.905  0.003  0.042  0.022  0.027       10
  2:     0.056  0.841  0.035  0.025  0.043       18
  3:     0.784  0.037  0.165  0.003  0.011        1
  4:     0.816  0.025  0.050  0.103  0.007        1
  5:     0.007  0.948  0.008  0.007  0.030       12
  6:     0.051  0.004  0.922  0.007  0.017       21
  7:     0.002  0.001  0.001  0.995  0.001       20
  8:     0.922  0.004  0.038  0.029  0.006       20
  9:     0.009  0.050  0.933  0.004  0.004       21
 10:     0.012  0.753  0.007  0.016  0.211       21
 11:     0.081  0.064  0.116  0.055  0.685       21
 12:     0.003  0.986  0.003  0.002  0.006        6
 13:     0.013  0.974  0.006  0.003  0.003       12
 14:     0.016  0.002  0.911  0.028  0.043       14
 15:     0.991  0.001  0.003  0.003  0.002       21
 16:     0.045  0.820  0.019  0.014  0.101       10
 17:     0.002  0.993  0.002  0.002  0.002        3
 18:     0.003  0.988  0.004  0.002  0.002        1
 19:     0.902  0.003  0.042  0.016  0.037       21
 20:     0.065  0.004  0.596  0.317  0.018       21
 21:     0.333  0.001  0.568  0.093  0.004       21
 22:     0.978  0.002  0.010  0.003  0.007       21
 23:     0.021  0.929  0.022  0.013  0.015       22
 24:     0.006  0.024  0.960  0.006  0.003       20
 25:     0.005  0.010  0.003  0.002  0.980       20
--------------------------------------------

Allele-freq. divergence among pops (Net nucleotide distance),
computed using point estimates of P.

      1       2       3       4       5      
 1      -    0.1355  0.0260  0.0694  0.0540  
 2   0.1355     -    0.1197  0.1418  0.1065  
 3   0.0260  0.1197     -    0.0694  0.0585  
 4   0.0694  0.1418  0.0694     -    0.0949  
 5   0.0540  0.1065  0.0585  0.0949     -    

Average distances (expected heterozygosity) between individuals in same cluster:
cluster  1  : 0.1087 
cluster  2  : 0.2643 
cluster  3  : 0.1240 
cluster  4  : 0.0514 
cluster  5  : 0.1191 

--------------------------------------------
Estimated Ln Prob of Data   = -45263.6
Mean value of ln likelihood = -44800.0
Variance of ln likelihood   = 927.0
Mean value of alpha         = 0.0553

Mean value of Fst_1         = 0.6284
Mean value of Fst_2         = 0.1903
Mean value of Fst_3         = 0.5662
Mean value of Fst_4         = 0.8101
Mean value of Fst_5         = 0.5757


Inferred ancestry of individuals:
        Label (%Miss) Pop:  Inferred clusters
  1 Aotea__001    (1)    1 :  0.890 0.004 0.054 0.026 0.026 
  2 Aotea__002    (2)    1 :  0.910 0.001 0.014 0.032 0.043 
  3 Aotea__003    (1)    1 :  0.840 0.001 0.149 0.004 0.006 
  4 Aotea__004    (2)    1 :  0.988 0.001 0.004 0.004 0.003 
  5 Aotea__005    (4)    1 :  0.884 0.002 0.080 0.027 0.007 
  6 Aotea__006    (3)    1 :  0.945 0.001 0.035 0.003 0.016 
  7 Aotea__007    (4)    1 :  0.893 0.001 0.016 0.006 0.084 
  8 Aotea__008    (3)    1 :  0.817 0.018 0.031 0.063 0.070 
  9 Aotea__009    (3)    1 :  0.968 0.001 0.019 0.009 0.003 
 10 Aotea__010    (2)    1 :  0.921 0.001 0.020 0.051 0.008 
 11 Borneo_002   (57)    2 :  0.019 0.926 0.007 0.003 0.045 
 12 Borneo_003   (45)    2 :  0.025 0.869 0.003 0.002 0.101 
 13 Borneo_004   (35)    2 :  0.022 0.868 0.031 0.030 0.049 
 14 Borneo_005   (52)    2 :  0.065 0.916 0.014 0.003 0.002 
 15 Borneo_006   (56)    2 :  0.003 0.985 0.003 0.006 0.004 
 16 Borneo_008   (45)    2 :  0.145 0.765 0.049 0.027 0.013 
 17 Borneo_012   (33)    2 :  0.184 0.779 0.020 0.003 0.014 
 18 Borneo_013   (13)    2 :  0.097 0.627 0.008 0.019 0.248 
 19 Borneo_014   (55)    2 :  0.002 0.991 0.002 0.003 0.002 
 20 Borneo_015   (36)    2 :  0.101 0.757 0.129 0.003 0.010 
 21 Borneo_016   (47)    2 :  0.037 0.746 0.206 0.008 0.003 
 22 Borneo_017   (56)    2 :  0.039 0.873 0.038 0.017 0.032 
 23 Borneo_019   (23)    2 :  0.034 0.744 0.018 0.166 0.038 
 24 Borneo_020   (37)    2 :  0.189 0.774 0.026 0.003 0.007 
 25 Borneo_021   (35)    2 :  0.014 0.792 0.041 0.002 0.151 
 26 Borneo_022   (26)    2 :  0.005 0.890 0.004 0.096 0.003 
 27 Borneo_023   (24)    2 :  0.009 0.955 0.006 0.011 0.019 
 28 Borneo_024   (21)    2 :  0.015 0.878 0.028 0.050 0.029 
 29 Southland1    (0)    3 :  0.784 0.037 0.165 0.003 0.011 
 30 GrtMercury    (0)    4 :  0.816 0.025 0.050 0.103 0.007 
 31 Halmaher10   (48)    5 :  0.005 0.980 0.009 0.003 0.004 
 32 Halmaher11   (50)    5 :  0.003 0.992 0.002 0.002 0.002 
 33 Halmaher19   (50)    5 :  0.001 0.995 0.001 0.001 0.001 
 34 Halmaher23   (49)    5 :  0.006 0.949 0.018 0.016 0.012 
 35 Halmaher24   (18)    5 :  0.030 0.693 0.011 0.002 0.265 
 36 Halmahera1   (21)    5 :  0.012 0.931 0.024 0.009 0.024 
 37 Halmahera2   (33)    5 :  0.005 0.958 0.009 0.024 0.004 
 38 Halmahera3   (24)    5 :  0.010 0.972 0.005 0.006 0.006 
 39 Halmahera6   (40)    5 :  0.002 0.992 0.002 0.002 0.002 
 40 Halmahera7   (57)    5 :  0.004 0.988 0.006 0.001 0.002 
 41 Halmahera8   (41)    5 :  0.004 0.956 0.002 0.011 0.027 
 42 Halmahera9   (36)    5 :  0.005 0.970 0.004 0.009 0.011 
 43 Hatutaa_01    (6)    6 :  0.011 0.026 0.934 0.021 0.007 
 44 Hatutaa_02    (2)    6 :  0.081 0.002 0.908 0.003 0.006 
 45 Hatutaa_03    (1)    6 :  0.038 0.001 0.954 0.003 0.005 
 46 Hatutaa_04    (3)    6 :  0.065 0.003 0.841 0.006 0.085 
 47 Hatutaa_05    (3)    6 :  0.083 0.027 0.769 0.019 0.102 
 48 Hatutaa_06    (1)    6 :  0.036 0.001 0.958 0.002 0.003 
 49 Hatutaa_07    (1)    6 :  0.065 0.001 0.917 0.010 0.008 
 50 Hatutaa_08    (7)    6 :  0.027 0.001 0.954 0.006 0.012 
 51 Hatutaa_09    (2)    6 :  0.035 0.001 0.950 0.004 0.010 
 52 Hatutaa_10    (2)    6 :  0.025 0.002 0.956 0.010 0.007 
 53 Hatutaa_11    (3)    6 :  0.043 0.001 0.947 0.006 0.004 
 54 Hatutaa_12    (1)    6 :  0.036 0.001 0.954 0.003 0.006 
 55 Hatutaa_13    (1)    6 :  0.007 0.001 0.986 0.004 0.003 
 56 Hatutaa_14    (2)    6 :  0.036 0.001 0.957 0.002 0.004 
 57 Hatutaa_15    (1)    6 :  0.195 0.001 0.735 0.004 0.065 
 58 Hatutaa_16    (5)    6 :  0.122 0.001 0.867 0.005 0.004 
 59 Hatutaa_17    (2)    6 :  0.029 0.001 0.962 0.005 0.003 
 60 Hatutaa_18    (1)    6 :  0.006 0.001 0.989 0.002 0.002 
 61 Hatutaa_19    (1)    6 :  0.061 0.002 0.919 0.004 0.014 
 62 Hatutaa_20    (2)    6 :  0.030 0.001 0.960 0.005 0.004 
 63 Hatutaa_21    (2)    6 :  0.035 0.001 0.942 0.017 0.006 
 64 Honuea_001    (2)    7 :  0.002 0.002 0.002 0.994 0.001 
 65 Honuea_002    (3)    7 :  0.001 0.000 0.001 0.997 0.001 
 66 Honuea_003    (2)    7 :  0.002 0.001 0.001 0.996 0.001 
 67 Honuea_004    (4)    7 :  0.001 0.001 0.001 0.996 0.001 
 68 Honuea_005    (5)    7 :  0.002 0.011 0.001 0.985 0.001 
 69 Honuea_006    (5)    7 :  0.001 0.003 0.001 0.993 0.001 
 70 Honuea_007    (2)    7 :  0.001 0.001 0.001 0.995 0.001 
 71 Honuea_008    (1)    7 :  0.001 0.001 0.001 0.995 0.001 
 72 Honuea_009    (3)    7 :  0.001 0.000 0.001 0.997 0.001 
 73 Honuea_010    (3)    7 :  0.002 0.000 0.001 0.995 0.001 
 74 Honuea_011    (3)    7 :  0.001 0.000 0.001 0.996 0.001 
 75 Honuea_012    (3)    7 :  0.002 0.002 0.002 0.991 0.004 
 76 Honuea_013    (0)    7 :  0.001 0.000 0.001 0.997 0.001 
 77 Honuea_015    (3)    7 :  0.002 0.001 0.001 0.995 0.001 
 78 Honuea_016    (2)    7 :  0.001 0.000 0.001 0.996 0.001 
 79 Honuea_017    (3)    7 :  0.001 0.000 0.001 0.996 0.001 
 80 Honuea_018    (2)    7 :  0.001 0.001 0.001 0.996 0.001 
 81 Honuea_019    (2)    7 :  0.003 0.001 0.002 0.993 0.001 
 82 Honuea_020    (3)    7 :  0.001 0.002 0.002 0.994 0.001 
 83 Honuea_021    (1)    7 :  0.001 0.000 0.001 0.997 0.001 
 84 Kaikura_01    (2)    8 :  0.865 0.001 0.029 0.094 0.011 
 85 Kaikura_02    (4)    8 :  0.963 0.001 0.010 0.023 0.002 
 86 Kaikura_03    (3)    8 :  0.978 0.001 0.014 0.004 0.004 
 87 Kaikura_04    (3)    8 :  0.989 0.000 0.004 0.004 0.002 
 88 Kaikura_05   (12)    8 :  0.905 0.065 0.025 0.003 0.002 
 89 Kaikura_06    (2)    8 :  0.972 0.001 0.022 0.002 0.003 
 90 Kaikura_07    (1)    8 :  0.961 0.001 0.024 0.010 0.004 
 91 Kaikura_08    (1)    8 :  0.834 0.001 0.008 0.155 0.002 
 92 Kaikura_09    (2)    8 :  0.864 0.001 0.127 0.005 0.004 
 93 Kaikura_10    (4)    8 :  0.877 0.001 0.117 0.002 0.003 
 94 Kaikura_11    (7)    8 :  0.859 0.009 0.122 0.006 0.005 
 95 Kaikura_12    (5)    8 :  0.866 0.001 0.017 0.115 0.002 
 96 Kaikura_13    (2)    8 :  0.954 0.001 0.016 0.025 0.004 
 97 Kaikura_14    (3)    8 :  0.976 0.001 0.015 0.004 0.005 
 98 Kaikura_15    (2)    8 :  0.985 0.001 0.008 0.004 0.002 
 99 Kaikura_16    (2)    8 :  0.987 0.001 0.004 0.006 0.002 
100 Kaikura_17    (2)    8 :  0.961 0.001 0.027 0.005 0.005 
101 Kaikura_18    (2)    8 :  0.946 0.002 0.009 0.023 0.020 
102 Kaikura_19    (2)    8 :  0.820 0.001 0.125 0.009 0.045 
103 Kaikura_20    (3)    8 :  0.883 0.001 0.031 0.083 0.002 
104 Kamaka_001    (3)    9 :  0.005 0.001 0.988 0.002 0.003 
105 Kamaka_002    (2)    9 :  0.005 0.001 0.990 0.003 0.002 
106 Kamaka_003    (3)    9 :  0.009 0.001 0.984 0.006 0.001 
107 Kamaka_004    (5)    9 :  0.008 0.001 0.982 0.003 0.005 
108 Kamaka_005    (5)    9 :  0.007 0.001 0.987 0.004 0.001 
109 Kamaka_006    (2)    9 :  0.006 0.001 0.988 0.004 0.001 
110 Kamaka_007    (2)    9 :  0.005 0.002 0.988 0.002 0.002 
111 Kamaka_008    (2)    9 :  0.005 0.001 0.987 0.003 0.004 
112 Kamaka_009   (56)    9 :  0.001 0.995 0.001 0.001 0.001 
113 Kamaka_010    (2)    9 :  0.008 0.001 0.983 0.005 0.002 
114 Kamaka_011    (3)    9 :  0.012 0.023 0.941 0.003 0.021 
115 Kamaka_012    (4)    9 :  0.004 0.001 0.990 0.004 0.003 
116 Kamaka_013    (3)    9 :  0.031 0.001 0.954 0.009 0.006 
117 Kamaka_014    (1)    9 :  0.007 0.001 0.988 0.003 0.002 
118 Kamaka_015    (3)    9 :  0.005 0.007 0.983 0.003 0.002 
119 Kamaka_016    (1)    9 :  0.010 0.000 0.986 0.002 0.002 
120 Kamaka_017    (1)    9 :  0.034 0.001 0.957 0.004 0.004 
121 Kamaka_018    (2)    9 :  0.003 0.004 0.988 0.002 0.002 
122 Kamaka_019    (3)    9 :  0.008 0.001 0.985 0.004 0.003 
123 Kamaka_020    (4)    9 :  0.017 0.013 0.960 0.005 0.005 
124 Kamaka_021    (3)    9 :  0.006 0.001 0.987 0.003 0.002 
125 Kayangel01    (3)   10 :  0.026 0.606 0.012 0.021 0.334 
126 Kayangel02    (3)   10 :  0.008 0.634 0.004 0.019 0.336 
127 Kayangel03    (4)   10 :  0.024 0.687 0.009 0.009 0.271 
128 Kayangel04    (2)   10 :  0.020 0.631 0.007 0.012 0.329 
129 Kayangel05    (1)   10 :  0.017 0.644 0.007 0.027 0.304 
130 Kayangel06    (3)   10 :  0.017 0.644 0.009 0.030 0.300 
131 Kayangel07    (7)   10 :  0.016 0.659 0.008 0.006 0.312 
132 Kayangel08    (2)   10 :  0.006 0.600 0.005 0.008 0.381 
133 Kayangel09    (1)   10 :  0.009 0.646 0.007 0.014 0.325 
134 Kayangel10    (2)   10 :  0.013 0.643 0.024 0.027 0.293 
135 Kayangel11    (1)   10 :  0.003 0.989 0.003 0.002 0.003 
136 Kayangel12    (3)   10 :  0.009 0.651 0.005 0.011 0.325 
137 Kayangel13   (20)   10 :  0.001 0.995 0.001 0.001 0.001 
138 Kayangel14    (4)   10 :  0.010 0.654 0.010 0.020 0.307 
139 Kayangel15    (2)   10 :  0.003 0.990 0.002 0.003 0.002 
140 Kayangel16    (7)   10 :  0.007 0.812 0.003 0.004 0.175 
141 Kayangel17   (41)   10 :  0.001 0.991 0.002 0.005 0.001 
142 Kayangel18    (3)   10 :  0.007 0.696 0.006 0.005 0.286 
143 Kayangel19    (2)   10 :  0.002 0.992 0.002 0.002 0.002 
144 Kayangel20    (4)   10 :  0.051 0.663 0.022 0.118 0.147 
145 Kayangel21   (13)   10 :  0.003 0.989 0.003 0.002 0.002 
146 Late_Is_01    (3)   11 :  0.003 0.001 0.228 0.006 0.762 
147 Late_Is_02    (3)   11 :  0.016 0.091 0.098 0.033 0.762 
148 Late_Is_03    (9)   11 :  0.010 0.093 0.092 0.021 0.784 
149 Late_Is_04    (4)   11 :  0.130 0.005 0.038 0.061 0.767 
150 Late_Is_05    (4)   11 :  0.114 0.018 0.125 0.040 0.704 
151 Late_Is_06   (17)   11 :  0.012 0.297 0.058 0.002 0.631 
152 Late_Is_07    (2)   11 :  0.005 0.007 0.203 0.051 0.733 
153 Late_Is_08    (6)   11 :  0.008 0.065 0.407 0.020 0.500 
154 Late_Is_09    (3)   11 :  0.021 0.002 0.029 0.229 0.720 
155 Late_Is_10    (3)   11 :  0.031 0.009 0.006 0.187 0.768 
156 Late_Is_11   (21)   11 :  0.093 0.312 0.049 0.024 0.523 
157 Late_Is_12    (7)   11 :  0.082 0.053 0.129 0.027 0.709 
158 Late_Is_13    (3)   11 :  0.207 0.015 0.014 0.094 0.670 
159 Late_Is_14    (2)   11 :  0.077 0.007 0.060 0.027 0.829 
160 Late_Is_15    (4)   11 :  0.244 0.136 0.018 0.068 0.534 
161 Late_Is_16    (2)   11 :  0.009 0.001 0.315 0.006 0.669 
162 Late_Is_17    (4)   11 :  0.281 0.079 0.021 0.008 0.610 
163 Late_Is_18    (3)   11 :  0.047 0.085 0.066 0.031 0.771 
164 Late_Is_19    (4)   11 :  0.058 0.001 0.205 0.023 0.712 
165 Late_Is_20    (2)   11 :  0.224 0.003 0.051 0.037 0.684 
166 Late_Is_21    (6)   11 :  0.022 0.057 0.219 0.154 0.547 
167 Cambodia_1    (0)   12 :  0.001 0.996 0.001 0.001 0.001 
168 Laos___001    (0)   12 :  0.002 0.994 0.001 0.001 0.002 
169 Laos___002    (0)   12 :  0.001 0.996 0.001 0.001 0.001 
170 Luzon__001    (0)   12 :  0.011 0.939 0.011 0.007 0.033 
171 Thailand01    (0)   12 :  0.001 0.997 0.001 0.001 0.001 
172 Thailand02    (0)   12 :  0.001 0.996 0.001 0.001 0.001 
173 Malenge_04   (53)   13 :  0.004 0.987 0.004 0.002 0.003 
174 Malenge_11   (57)   13 :  0.016 0.958 0.014 0.006 0.006 
175 Malenge_14   (57)   13 :  0.001 0.995 0.001 0.001 0.001 
176 Malenge_15   (58)   13 :  0.003 0.986 0.003 0.005 0.003 
177 Malenge_17   (57)   13 :  0.001 0.995 0.001 0.001 0.001 
178 Malenge_18   (36)   13 :  0.056 0.928 0.010 0.002 0.004 
179 Malenge_19   (50)   13 :  0.003 0.990 0.004 0.002 0.001 
180 Malenge_20   (45)   13 :  0.003 0.988 0.003 0.003 0.002 
181 Malenge_22   (45)   13 :  0.005 0.985 0.005 0.002 0.003 
182 Malenge_23   (30)   13 :  0.002 0.988 0.002 0.003 0.005 
183 Malenge_24   (21)   13 :  0.059 0.912 0.019 0.005 0.004 
184 Malenge_25   (36)   13 :  0.007 0.973 0.010 0.002 0.008 
185 Mohotani01    (0)   14 :  0.045 0.001 0.928 0.004 0.022 
186 Mohotani02    (1)   14 :  0.024 0.002 0.953 0.006 0.015 
187 Mohotani03    (4)   14 :  0.012 0.001 0.847 0.031 0.109 
188 Mohotani04    (1)   14 :  0.025 0.003 0.840 0.105 0.027 
189 Mohotani05    (4)   14 :  0.007 0.001 0.985 0.003 0.004 
190 Mohotani06    (2)   14 :  0.008 0.001 0.942 0.015 0.035 
191 Mohotani07    (2)   14 :  0.010 0.001 0.953 0.002 0.033 
192 Mohotani08    (2)   14 :  0.015 0.002 0.945 0.008 0.031 
193 Mohotani09    (2)   14 :  0.005 0.001 0.928 0.044 0.022 
194 Mohotani10    (2)   14 :  0.029 0.004 0.821 0.060 0.086 
195 Mohotani11    (0)   14 :  0.009 0.006 0.818 0.031 0.135 
196 Mohotani12    (2)   14 :  0.006 0.001 0.903 0.052 0.039 
197 Mohotani13    (3)   14 :  0.025 0.001 0.941 0.012 0.022 
198 Mohotani14    (3)   14 :  0.009 0.001 0.949 0.017 0.024 
199 Motukawa10    (3)   15 :  0.992 0.000 0.004 0.002 0.001 
200 Motukawa11    (4)   15 :  0.994 0.000 0.003 0.001 0.001 
201 Motukawa12    (3)   15 :  0.993 0.003 0.002 0.001 0.001 
202 Motukawa13    (3)   15 :  0.983 0.001 0.003 0.007 0.006 
203 Motukawa14    (2)   15 :  0.991 0.000 0.005 0.002 0.002 
204 Motukawa15    (3)   15 :  0.992 0.001 0.002 0.002 0.003 
205 Motukawa16    (1)   15 :  0.978 0.001 0.009 0.009 0.002 
206 Motukawa17    (3)   15 :  0.992 0.001 0.002 0.002 0.003 
207 Motukawa18    (4)   15 :  0.994 0.000 0.003 0.002 0.001 
208 Motukawa19    (6)   15 :  0.993 0.000 0.003 0.003 0.001 
209 Motukawa20    (3)   15 :  0.992 0.000 0.003 0.002 0.002 
210 Motukawa21    (5)   15 :  0.993 0.000 0.003 0.002 0.001 
211 Motukawan1    (3)   15 :  0.992 0.000 0.003 0.003 0.002 
212 Motukawan2    (6)   15 :  0.991 0.001 0.003 0.002 0.003 
213 Motukawan3    (2)   15 :  0.989 0.003 0.003 0.003 0.002 
214 Motukawan4    (2)   15 :  0.990 0.001 0.003 0.003 0.003 
215 Motukawan5    (1)   15 :  0.994 0.000 0.002 0.002 0.002 
216 Motukawan6    (3)   15 :  0.990 0.001 0.003 0.002 0.005 
217 Motukawan7    (1)   15 :  0.991 0.001 0.003 0.003 0.002 
218 Motukawan8    (1)   15 :  0.992 0.001 0.002 0.002 0.002 
219 Motukawan9    (1)   15 :  0.992 0.001 0.003 0.003 0.002 
220 NewBrita14   (55)   16 :  0.009 0.856 0.016 0.042 0.077 
221 NewBrita16   (28)   16 :  0.011 0.635 0.004 0.005 0.344 
222 NewBrita23   (57)   16 :  0.016 0.932 0.042 0.003 0.007 
223 NewBrita24   (20)   16 :  0.304 0.541 0.015 0.019 0.120 
224 NewBrita25   (46)   16 :  0.005 0.979 0.012 0.002 0.002 
225 NewBritai2   (51)   16 :  0.008 0.950 0.012 0.003 0.026 
226 NewBritai3   (46)   16 :  0.051 0.877 0.011 0.035 0.026 
227 NewBritai6   (42)   16 :  0.028 0.770 0.033 0.017 0.152 
228 NewBritai7   (58)   16 :  0.017 0.929 0.044 0.002 0.009 
229 NewBritai8   (49)   16 :  0.006 0.732 0.003 0.010 0.249 
230 NewGuine17   (56)   17 :  0.002 0.991 0.003 0.002 0.003 
231 NewGuinea1   (56)   17 :  0.001 0.995 0.001 0.001 0.001 
232 NewGuinea8   (54)   17 :  0.002 0.993 0.001 0.002 0.002 
233 Normanby08   (57)   18 :  0.003 0.988 0.004 0.002 0.002 
234 Rakiura_01    (3)   19 :  0.937 0.005 0.021 0.015 0.023 
235 Rakiura_02    (1)   19 :  0.983 0.001 0.005 0.006 0.006 
236 Rakiura_03    (4)   19 :  0.856 0.001 0.090 0.045 0.009 
237 Rakiura_04    (1)   19 :  0.991 0.001 0.003 0.003 0.002 
238 Rakiura_05    (2)   19 :  0.989 0.001 0.005 0.003 0.003 
239 Rakiura_06    (2)   19 :  0.965 0.001 0.012 0.004 0.017 
240 Rakiura_07    (2)   19 :  0.972 0.002 0.004 0.015 0.007 
241 Rakiura_08    (2)   19 :  0.941 0.001 0.010 0.020 0.029 
242 Rakiura_09    (3)   19 :  0.738 0.004 0.111 0.069 0.079 
243 Rakiura_10    (1)   19 :  0.949 0.001 0.033 0.003 0.014 
244 Rakiura_11    (2)   19 :  0.911 0.002 0.044 0.012 0.031 
245 Rakiura_12    (2)   19 :  0.971 0.001 0.022 0.003 0.003 
246 Rakiura_13    (3)   19 :  0.947 0.012 0.010 0.003 0.027 
247 Rakiura_14    (2)   19 :  0.924 0.001 0.040 0.006 0.030 
248 Rakiura_15    (2)   19 :  0.851 0.001 0.036 0.023 0.089 
249 Rakiura_16    (3)   19 :  0.899 0.002 0.082 0.013 0.004 
250 Rakiura_17    (4)   19 :  0.708 0.009 0.029 0.003 0.250 
251 Rakiura_18    (2)   19 :  0.827 0.001 0.113 0.042 0.017 
252 Rakiura_19    (4)   19 :  0.758 0.003 0.111 0.037 0.090 
253 Rakiura_20    (2)   19 :  0.953 0.004 0.006 0.010 0.026 
254 Rakiura_21    (2)   19 :  0.876 0.004 0.088 0.002 0.030 
255 Reiono_001    (3)   20 :  0.038 0.001 0.513 0.443 0.006 
256 Reiono_002    (3)   20 :  0.159 0.001 0.464 0.368 0.009 
257 Reiono_003    (4)   20 :  0.024 0.001 0.779 0.190 0.006 
258 Reiono_004    (4)   20 :  0.054 0.001 0.606 0.312 0.027 
259 Reiono_005    (1)   20 :  0.034 0.002 0.561 0.388 0.015 
260 Reiono_006    (1)   20 :  0.285 0.001 0.601 0.102 0.011 
261 Reiono_007    (6)   20 :  0.049 0.064 0.636 0.233 0.018 
262 Reiono_008    (2)   20 :  0.078 0.001 0.462 0.419 0.040 
263 Reiono_009    (1)   20 :  0.012 0.001 0.688 0.295 0.004 
264 Reiono_010    (6)   20 :  0.044 0.002 0.501 0.404 0.049 
265 Reiono_011    (1)   20 :  0.029 0.001 0.625 0.340 0.006 
266 Reiono_012    (1)   20 :  0.036 0.001 0.647 0.307 0.010 
267 Reiono_013    (2)   20 :  0.061 0.001 0.614 0.311 0.013 
268 Reiono_014    (4)   20 :  0.010 0.001 0.744 0.238 0.007 
269 Reiono_015    (4)   20 :  0.082 0.001 0.581 0.324 0.012 
270 Reiono_016    (2)   20 :  0.115 0.001 0.559 0.314 0.011 
271 Reiono_017    (3)   20 :  0.059 0.001 0.684 0.244 0.012 
272 Reiono_018    (5)   20 :  0.026 0.001 0.508 0.364 0.101 
273 Reiono_019    (3)   20 :  0.101 0.001 0.636 0.259 0.003 
274 Reiono_020    (2)   20 :  0.046 0.005 0.534 0.411 0.004 
275 Reiono_021    (2)   20 :  0.021 0.001 0.577 0.391 0.010 
276 Rimatuu_01    (2)   21 :  0.065 0.001 0.722 0.210 0.002 
277 Rimatuu_02    (3)   21 :  0.502 0.001 0.484 0.011 0.002 
278 Rimatuu_03    (2)   21 :  0.460 0.004 0.523 0.012 0.002 
279 Rimatuu_04    (1)   21 :  0.225 0.002 0.631 0.138 0.004 
280 Rimatuu_05    (2)   21 :  0.237 0.001 0.651 0.108 0.004 
281 Rimatuu_06    (2)   21 :  0.595 0.001 0.382 0.020 0.002 
282 Rimatuu_07    (3)   21 :  0.430 0.001 0.470 0.097 0.002 
283 Rimatuu_08    (3)   21 :  0.502 0.001 0.471 0.026 0.001 
284 Rimatuu_09    (2)   21 :  0.149 0.001 0.758 0.086 0.006 
285 Rimatuu_10    (1)   21 :  0.472 0.001 0.501 0.023 0.002 
286 Rimatuu_11    (1)   21 :  0.282 0.004 0.639 0.056 0.019 
287 Rimatuu_12    (2)   21 :  0.331 0.001 0.636 0.030 0.002 
288 Rimatuu_13    (1)   21 :  0.471 0.001 0.449 0.077 0.002 
289 Rimatuu_14    (1)   21 :  0.487 0.001 0.423 0.088 0.002 
290 Rimatuu_15    (1)   21 :  0.074 0.001 0.805 0.118 0.002 
291 Rimatuu_16    (2)   21 :  0.410 0.001 0.528 0.059 0.002 
292 Rimatuu_17    (3)   21 :  0.447 0.001 0.539 0.011 0.003 
293 Rimatuu_18    (3)   21 :  0.193 0.001 0.771 0.030 0.005 
294 Rimatuu_19    (3)   21 :  0.053 0.001 0.622 0.316 0.009 
295 Rimatuu_20    (3)   21 :  0.255 0.001 0.369 0.371 0.005 
296 Rimatuu_21    (4)   21 :  0.361 0.001 0.563 0.073 0.002 
297 Slipper_01    (3)   22 :  0.968 0.004 0.004 0.001 0.023 
298 Slipper_02    (2)   22 :  0.983 0.001 0.008 0.004 0.005 
299 Slipper_03    (3)   22 :  0.992 0.001 0.003 0.002 0.003 
300 Slipper_04    (2)   22 :  0.974 0.001 0.018 0.003 0.004 
301 Slipper_05    (1)   22 :  0.987 0.001 0.008 0.002 0.003 
302 Slipper_06    (2)   22 :  0.991 0.001 0.004 0.001 0.003 
303 Slipper_07    (1)   22 :  0.952 0.002 0.036 0.005 0.004 
304 Slipper_08    (2)   22 :  0.987 0.001 0.004 0.002 0.005 
305 Slipper_09    (3)   22 :  0.991 0.001 0.004 0.002 0.003 
306 Slipper_10    (3)   22 :  0.973 0.001 0.015 0.006 0.005 
307 Slipper_11    (2)   22 :  0.962 0.023 0.007 0.002 0.006 
308 Slipper_12    (2)   22 :  0.973 0.007 0.008 0.003 0.009 
309 Slipper_13    (1)   22 :  0.979 0.001 0.013 0.002 0.006 
310 Slipper_14    (3)   22 :  0.984 0.001 0.004 0.003 0.008 
311 Slipper_15    (2)   22 :  0.957 0.001 0.003 0.003 0.037 
312 Slipper_16    (3)   22 :  0.987 0.001 0.003 0.003 0.006 
313 Slipper_17    (2)   22 :  0.967 0.001 0.025 0.004 0.003 
314 Slipper_18    (0)   22 :  0.977 0.001 0.012 0.006 0.005 
315 Slipper_19    (3)   22 :  0.992 0.001 0.002 0.002 0.002 
316 Slipper_20    (3)   22 :  0.989 0.001 0.005 0.003 0.002 
317 Slipper_21    (2)   22 :  0.970 0.001 0.014 0.003 0.013 
318 Sulawesi_1   (17)   23 :  0.019 0.856 0.080 0.026 0.019 
319 Sulawesi_2    (9)   23 :  0.005 0.980 0.004 0.004 0.007 
320 Sulawesi_3   (18)   23 :  0.011 0.971 0.008 0.005 0.004 
321 Sulawesi_4   (14)   23 :  0.009 0.947 0.005 0.013 0.027 
322 Sulawesi_5    (7)   23 :  0.021 0.889 0.037 0.009 0.044 
323 Sulawesi_6   (22)   23 :  0.074 0.879 0.032 0.006 0.008 
324 Sulawesi_7   (10)   23 :  0.024 0.912 0.019 0.024 0.020 
325 Sulawesi_8   (22)   23 :  0.003 0.987 0.002 0.003 0.005 
326 Sulawesi_9    (9)   23 :  0.005 0.961 0.011 0.013 0.011 
327 Sulawesi10    (9)   23 :  0.020 0.915 0.027 0.023 0.015 
328 Sulawesi11   (16)   23 :  0.117 0.777 0.086 0.013 0.007 
329 Sulawesi12   (20)   23 :  0.004 0.981 0.005 0.007 0.003 
330 Sulawesi13   (18)   23 :  0.008 0.976 0.005 0.002 0.009 
331 Sulawesi14   (27)   23 :  0.011 0.953 0.010 0.013 0.013 
332 Sulawesi15   (23)   23 :  0.018 0.904 0.045 0.015 0.018 
333 Sulawesi16   (24)   23 :  0.046 0.892 0.009 0.041 0.012 
334 Sulawesi17   (10)   23 :  0.037 0.817 0.029 0.043 0.073 
335 Sulawesi18   (20)   23 :  0.004 0.979 0.005 0.002 0.010 
336 Sulawesi19   (18)   23 :  0.003 0.970 0.008 0.013 0.005 
337 Sulawesi20   (22)   23 :  0.009 0.939 0.043 0.004 0.005 
338 Sulawesi21   (12)   23 :  0.004 0.970 0.010 0.005 0.012 
339 Sulawesi22   (35)   23 :  0.004 0.985 0.002 0.004 0.005 
340 Tahanea_01   (10)   24 :  0.004 0.001 0.989 0.003 0.002 
341 Tahanea_02    (2)   24 :  0.010 0.002 0.981 0.003 0.004 
342 Tahanea_03    (9)   24 :  0.004 0.172 0.817 0.005 0.003 
343 Tahanea_04    (3)   24 :  0.004 0.002 0.980 0.011 0.004 
344 Tahanea_05    (2)   24 :  0.003 0.001 0.990 0.005 0.002 
345 Tahanea_06    (2)   24 :  0.004 0.001 0.981 0.012 0.001 
346 Tahanea_07    (3)   24 :  0.003 0.001 0.991 0.003 0.002 
347 Tahanea_08   (15)   24 :  0.008 0.002 0.982 0.005 0.002 
348 Tahanea_09    (3)   24 :  0.004 0.001 0.988 0.005 0.002 
349 Tahanea_10    (2)   24 :  0.005 0.001 0.987 0.004 0.003 
350 Tahanea_11    (5)   24 :  0.004 0.138 0.853 0.002 0.004 
351 Tahanea_12    (3)   24 :  0.005 0.001 0.985 0.006 0.002 
352 Tahanea_13    (2)   24 :  0.007 0.048 0.934 0.008 0.003 
353 Tahanea_14    (2)   24 :  0.005 0.020 0.953 0.006 0.017 
354 Tahanea_15    (2)   24 :  0.007 0.002 0.980 0.009 0.002 
355 Tahanea_16    (9)   24 :  0.005 0.002 0.976 0.010 0.007 
356 Tahanea_17    (2)   24 :  0.022 0.001 0.954 0.021 0.002 
357 Tahanea_18    (6)   24 :  0.006 0.074 0.914 0.004 0.001 
358 Tahanea_19    (3)   24 :  0.004 0.006 0.980 0.004 0.005 
359 Tahanea_20    (0)   24 :  0.006 0.001 0.988 0.004 0.002 
360 Wake_Is_01    (1)   25 :  0.007 0.001 0.003 0.002 0.989 
361 Wake_Is_02    (4)   25 :  0.008 0.008 0.008 0.003 0.973 
362 Wake_Is_03    (2)   25 :  0.003 0.001 0.002 0.001 0.993 
363 Wake_Is_04    (2)   25 :  0.004 0.002 0.002 0.001 0.990 
364 Wake_Is_05    (1)   25 :  0.005 0.001 0.002 0.003 0.989 
365 Wake_Is_06    (0)   25 :  0.005 0.001 0.007 0.001 0.986 
366 Wake_Is_07    (2)   25 :  0.003 0.001 0.002 0.002 0.993 
367 Wake_Is_08    (2)   25 :  0.002 0.001 0.002 0.004 0.991 
368 Wake_Is_09    (2)   25 :  0.002 0.001 0.002 0.002 0.993 
369 Wake_Is_10    (2)   25 :  0.004 0.001 0.002 0.001 0.992 
370 Wake_Is_11    (1)   25 :  0.003 0.001 0.002 0.001 0.992 
371 Wake_Is_12    (2)   25 :  0.012 0.001 0.006 0.002 0.980 
372 Wake_Is_13    (4)   25 :  0.006 0.001 0.002 0.003 0.989 
373 Wake_Is_14    (2)   25 :  0.004 0.001 0.005 0.003 0.987 
374 Wake_Is_15    (2)   25 :  0.002 0.009 0.003 0.001 0.985 
375 Wake_Is_16    (5)   25 :  0.004 0.174 0.002 0.002 0.818 
376 Wake_Is_17    (1)   25 :  0.003 0.001 0.002 0.002 0.993 
377 Wake_Is_18    (1)   25 :  0.006 0.001 0.003 0.004 0.987 
378 Wake_Is_19    (2)   25 :  0.005 0.001 0.004 0.007 0.984 
379 Wake_Is_20    (1)   25 :  0.003 0.001 0.002 0.002 0.992 


Estimated Allele Frequencies in each cluster
First column gives estimated ancestral frequencies


Locus 1 : X299_CHR1_1146 
2 alleles
15.3% missing data
   3   (0.737) 0.980 0.790 0.982 0.959 0.997 
   2   (0.263) 0.020 0.210 0.018 0.041 0.003 

Locus 2 : X13_CHR1_11661 
2 alleles
6.6% missing data
   3   (0.620) 0.937 0.897 0.277 0.002 0.751 
   4   (0.380) 0.063 0.103 0.723 0.998 0.249 

Locus 3 : X14_CHR1_12485 
2 alleles
8.7% missing data
   4   (0.423) 0.991 0.133 0.702 0.003 0.922 
   3   (0.577) 0.009 0.867 0.298 0.997 0.078 

Locus 4 : X15_CHR1_13486 
2 alleles
3.2% missing data
   2   (0.893) 0.999 0.847 1.000 1.000 0.999 
   1   (0.107) 0.001 0.153 0.000 0.000 0.001 

Locus 5 : X16_CHR1_13731 
2 alleles
5.8% missing data
   1   (0.337) 0.995 0.020 0.852 0.207 0.813 
   3   (0.663) 0.005 0.980 0.148 0.793 0.187 

Locus 6 : X18_CHR1_18597 
2 alleles
14.8% missing data
   2   (0.918) 1.000 0.954 1.000 1.000 0.999 
   4   (0.082) 0.000 0.046 0.000 0.000 0.001 

Locus 7 : X19_CHR1_19270 
2 alleles
1.1% missing data
   4   (0.901) 1.000 0.905 1.000 1.000 0.998 
   3   (0.099) 0.000 0.095 0.000 0.000 0.002 

Locus 8 : X20_CHR1_19838 
2 alleles
5.8% missing data
   3   (0.847) 0.994 0.921 0.999 0.999 0.989 
   1   (0.153) 0.006 0.079 0.001 0.001 0.011 

Locus 9 : X21_CHR1_20196 
2 alleles
3.7% missing data
   1   (0.449) 0.132 0.403 0.530 0.016 0.900 
   3   (0.551) 0.868 0.597 0.470 0.984 0.100 

Locus 10 : X22_CHR1_20954 
2 alleles
8.2% missing data
   1   (0.529) 0.785 0.550 0.721 0.125 0.501 
   3   (0.471) 0.215 0.450 0.279 0.875 0.499 

Locus 11 : X23_CHR1_21191 
2 alleles
12.9% missing data
   3   (0.733) 0.435 0.956 0.279 0.999 0.833 
   2   (0.267) 0.565 0.044 0.721 0.001 0.167 

Locus 12 : X262_CHR1_2123 
2 alleles
9.8% missing data
   4   (0.913) 1.000 0.940 1.000 1.000 0.999 
   1   (0.087) 0.000 0.060 0.000 0.000 0.001 

Locus 13 : X24_CHR1_21645 
2 alleles
2.9% missing data
   3   (0.926) 1.000 0.975 1.000 1.000 0.999 
   4   (0.074) 0.000 0.025 0.000 0.000 0.001 

Locus 14 : X25_CHR1_22005 
2 alleles
0.0% missing data
   4   (0.732) 0.999 0.206 0.995 0.999 0.992 
   2   (0.268) 0.001 0.794 0.005 0.001 0.008 

Locus 15 : X26_CHR1_23112 
2 alleles
5.3% missing data
   4   (0.858) 0.990 0.898 0.999 0.999 0.998 
   1   (0.142) 0.010 0.102 0.001 0.001 0.002 

Locus 16 : X27_CHR1_25562 
2 alleles
6.3% missing data
   1   (0.837) 1.000 0.429 0.999 0.999 0.999 
   3   (0.163) 0.000 0.571 0.001 0.001 0.001 

Locus 17 : X300_CHR1_2620 
2 alleles
7.9% missing data
   1   (0.765) 0.998 0.888 0.976 0.978 0.929 
   2   (0.235) 0.002 0.112 0.024 0.022 0.071 

Locus 18 : X301_CHR1_2620 
2 alleles
24.8% missing data
   4   (0.753) 0.998 0.821 0.919 0.999 0.709 
   2   (0.247) 0.002 0.179 0.081 0.001 0.291 

Locus 19 : X28_CHR1_26550 
2 alleles
2.9% missing data
   3   (0.889) 0.999 0.968 0.996 0.996 0.999 
   1   (0.111) 0.001 0.032 0.004 0.004 0.001 

Locus 20 : X29_CHR1_28123 
2 alleles
10.6% missing data
   1   (0.823) 0.999 0.346 0.999 0.999 0.998 
   3   (0.177) 0.001 0.654 0.001 0.001 0.002 

Locus 21 : X260_CHR1_3236 
2 alleles
0.3% missing data
   4   (0.700) 0.982 0.790 0.985 0.977 0.807 
   2   (0.300) 0.018 0.210 0.015 0.023 0.193 

Locus 22 : X2_CHR1_348682 
2 alleles
7.1% missing data
   1   (0.674) 0.998 0.282 0.997 0.998 0.470 
   3   (0.326) 0.002 0.718 0.003 0.002 0.530 

Locus 23 : X3_CHR1_537201 
2 alleles
4.2% missing data
   4   (0.875) 1.000 0.732 1.000 1.000 0.997 
   2   (0.125) 0.000 0.268 0.000 0.000 0.003 

Locus 24 : X296_CHR1_5774 
2 alleles
45.4% missing data
   3   (0.635) 0.774 0.839 0.774 0.694 0.699 
   2   (0.365) 0.226 0.161 0.226 0.306 0.301 

Locus 25 : X4_CHR1_578156 
2 alleles
17.4% missing data
   4   (0.530) 0.563 0.491 0.521 0.889 0.866 
   3   (0.470) 0.437 0.509 0.479 0.111 0.134 

Locus 26 : X5_CHR1_657423 
2 alleles
9.2% missing data
   4   (0.921) 1.000 0.967 1.000 1.000 0.999 
   2   (0.079) 0.000 0.033 0.000 0.000 0.001 

Locus 27 : X6_CHR1_723638 
2 alleles
11.9% missing data
   3   (0.927) 1.000 0.981 1.000 1.000 0.999 
   1   (0.073) 0.000 0.019 0.000 0.000 0.001 

Locus 28 : X7_CHR1_801358 
2 alleles
7.7% missing data
   2   (0.606) 0.999 0.034 0.998 0.999 0.995 
   4   (0.394) 0.001 0.966 0.002 0.001 0.005 

Locus 29 : X297_CHR1_8053 
2 alleles
19.8% missing data
   4   (0.867) 0.990 0.922 0.999 0.999 0.998 
   1   (0.133) 0.010 0.078 0.001 0.001 0.002 

Locus 30 : X298_CHR1_8257 
2 alleles
6.1% missing data
   2   (0.888) 1.000 0.816 1.000 1.000 0.999 
   4   (0.112) 0.000 0.184 0.000 0.000 0.001 

Locus 31 : X8_CHR1_853819 
2 alleles
7.4% missing data
   2   (0.849) 1.000 0.756 0.997 0.999 0.996 
   4   (0.151) 0.000 0.244 0.003 0.001 0.004 

Locus 32 : X9_CHR1_890393 
2 alleles
23.2% missing data
   2   (0.351) 0.912 0.054 0.221 0.997 0.460 
   4   (0.649) 0.088 0.946 0.779 0.003 0.540 

Locus 33 : X10_CHR1_94071 
2 alleles
12.7% missing data
   4   (0.665) 0.441 0.880 0.258 0.998 0.581 
   1   (0.335) 0.559 0.120 0.742 0.002 0.419 

Locus 34 : X174_CHR10_100 
2 alleles
7.1% missing data
   1   (0.909) 1.000 0.923 1.000 1.000 0.999 
   3   (0.091) 0.000 0.077 0.000 0.000 0.001 

Locus 35 : X175_CHR10_106 
2 alleles
20.6% missing data
   1   (0.617) 0.975 0.377 0.988 0.998 0.656 
   4   (0.383) 0.025 0.623 0.012 0.002 0.344 

Locus 36 : X157_CHR10_131 
2 alleles
0.5% missing data
   3   (0.914) 1.000 0.946 1.000 1.000 0.999 
   1   (0.086) 0.000 0.054 0.000 0.000 0.001 

Locus 37 : X276_CHR10_157 
2 alleles
21.1% missing data
   4   (0.833) 0.999 0.498 0.999 0.999 0.997 
   2   (0.167) 0.001 0.502 0.001 0.001 0.003 

Locus 38 : X158_CHR10_182 
2 alleles
0.0% missing data
   2   (0.320) 0.619 0.036 0.019 0.997 0.933 
   4   (0.680) 0.381 0.964 0.981 0.003 0.067 

Locus 39 : X159_CHR10_293 
2 alleles
3.2% missing data
   4   (0.837) 0.999 0.554 0.999 0.999 0.993 
   2   (0.163) 0.001 0.446 0.001 0.001 0.007 

Locus 40 : X160_CHR10_387 
2 alleles
4.7% missing data
   4   (0.908) 1.000 0.919 1.000 1.000 0.999 
   3   (0.092) 0.000 0.081 0.000 0.000 0.001 

Locus 41 : X277_CHR10_414 
2 alleles
33.8% missing data
   2   (0.172) 0.792 0.021 0.806 0.001 0.002 
   4   (0.828) 0.208 0.979 0.194 0.999 0.998 

Locus 42 : X278_CHR10_459 
2 alleles
3.4% missing data
   4   (0.871) 1.000 0.939 0.999 1.000 0.967 
   1   (0.129) 0.000 0.061 0.001 0.000 0.033 

Locus 43 : X161_CHR10_465 
2 alleles
8.2% missing data
   3   (0.882) 0.999 0.827 1.000 1.000 0.999 
   1   (0.118) 0.001 0.173 0.000 0.000 0.001 

Locus 44 : X163_CHR10_564 
2 alleles
0.8% missing data
   4   (0.724) 0.997 0.599 0.993 0.989 0.952 
   2   (0.276) 0.003 0.401 0.007 0.011 0.048 

Locus 45 : X279_CHR10_566 
2 alleles
4.0% missing data
   3   (0.854) 1.000 0.658 0.998 0.999 0.999 
   1   (0.146) 0.000 0.342 0.002 0.001 0.001 

Locus 46 : X164_CHR10_590 
2 alleles
0.8% missing data
   4   (0.560) 0.390 0.719 0.437 0.055 0.796 
   2   (0.440) 0.610 0.281 0.563 0.945 0.204 

Locus 47 : X165_CHR10_636 
2 alleles
7.4% missing data
   4   (0.878) 1.000 0.760 0.999 1.000 0.999 
   1   (0.122) 0.000 0.240 0.001 0.000 0.001 

Locus 48 : X166_CHR10_667 
2 alleles
8.4% missing data
   3   (0.900) 1.000 0.886 1.000 1.000 0.999 
   1   (0.100) 0.000 0.114 0.000 0.000 0.001 

Locus 49 : X156_CHR10_684 
2 alleles
9.2% missing data
   4   (0.838) 0.820 0.980 0.743 0.999 0.998 
   2   (0.162) 0.180 0.020 0.257 0.001 0.002 

Locus 50 : X167_CHR10_718 
2 alleles
1.1% missing data
   1   (0.757) 0.999 0.494 0.999 0.999 0.719 
   3   (0.243) 0.001 0.506 0.001 0.001 0.281 

Locus 51 : X168_CHR10_740 
2 alleles
8.7% missing data
   1   (0.895) 1.000 0.852 1.000 1.000 0.999 
   3   (0.105) 0.000 0.148 0.000 0.000 0.001 

Locus 52 : X169_CHR10_771 
2 alleles
11.9% missing data
   1   (0.770) 0.834 0.968 0.929 0.988 0.682 
   3   (0.230) 0.166 0.032 0.071 0.012 0.318 

Locus 53 : X170_CHR10_833 
2 alleles
0.3% missing data
   3   (0.760) 0.968 0.900 0.969 0.999 0.966 
   4   (0.240) 0.032 0.100 0.031 0.001 0.034 

Locus 54 : X171_CHR10_863 
2 alleles
6.1% missing data
   2   (0.398) 0.732 0.075 0.974 0.594 0.583 
   4   (0.602) 0.268 0.925 0.026 0.406 0.417 

Locus 55 : X172_CHR10_915 
2 alleles
6.6% missing data
   4   (0.159) 0.044 0.123 0.001 0.001 0.004 
   2   (0.841) 0.956 0.877 0.999 0.999 0.996 

Locus 56 : X173_CHR10_946 
2 alleles
6.6% missing data
   2   (0.844) 1.000 0.882 0.999 0.999 0.800 
   1   (0.156) 0.000 0.118 0.001 0.001 0.200 

Locus 57 : X176_CHR11_144 
2 alleles
4.5% missing data
   3   (0.842) 1.000 0.475 0.999 0.999 0.999 
   1   (0.158) 0.000 0.525 0.001 0.001 0.001 

Locus 58 : X177_CHR11_223 
2 alleles
7.9% missing data
   3   (0.877) 1.000 0.767 1.000 1.000 0.996 
   1   (0.123) 0.000 0.233 0.000 0.000 0.004 

Locus 59 : X178_CHR11_314 
2 alleles
3.2% missing data
   1   (0.337) 0.714 0.132 0.351 0.662 0.039 
   3   (0.663) 0.286 0.868 0.649 0.338 0.961 

Locus 60 : X179_CHR11_448 
2 alleles
31.7% missing data
   3   (0.917) 1.000 0.959 1.000 1.000 0.999 
   1   (0.083) 0.000 0.041 0.000 0.000 0.001 

Locus 61 : X180_CHR11_530 
2 alleles
7.1% missing data
   1   (0.585) 0.689 0.667 0.189 0.996 0.497 
   2   (0.415) 0.311 0.333 0.811 0.004 0.503 

Locus 62 : X181_CHR11_620 
2 alleles
6.3% missing data
   1   (0.519) 0.687 0.424 0.368 0.006 0.994 
   3   (0.481) 0.313 0.576 0.632 0.994 0.006 

Locus 63 : X183_CHR11_792 
2 alleles
6.6% missing data
   3   (0.769) 0.997 0.740 0.995 0.999 0.724 
   2   (0.231) 0.003 0.260 0.005 0.001 0.276 

Locus 64 : X184_CHR11_817 
2 alleles
2.4% missing data
   4   (0.831) 1.000 0.678 0.999 0.999 0.986 
   2   (0.169) 0.000 0.322 0.001 0.001 0.014 

Locus 65 : X185_CHR12_131 
2 alleles
9.5% missing data
   3   (0.902) 1.000 0.881 1.000 1.000 0.999 
   1   (0.098) 0.000 0.119 0.000 0.000 0.001 

Locus 66 : X186_CHR12_171 
2 alleles
4.2% missing data
   2   (0.685) 0.762 0.841 0.883 0.998 0.516 
   3   (0.315) 0.238 0.159 0.117 0.002 0.484 

Locus 67 : X187_CHR12_221 
2 alleles
0.3% missing data
   3   (0.845) 1.000 0.475 0.999 0.999 0.999 
   1   (0.155) 0.000 0.525 0.001 0.001 0.001 

Locus 68 : X188_CHR12_281 
2 alleles
7.1% missing data
   4   (0.892) 0.999 0.961 1.000 0.999 0.991 
   2   (0.108) 0.001 0.039 0.000 0.001 0.009 

Locus 69 : X311_CHR12_412 
2 alleles
7.4% missing data
   3   (0.922) 1.000 0.970 1.000 1.000 0.999 
   1   (0.078) 0.000 0.030 0.000 0.000 0.001 

Locus 70 : X312_CHR12_412 
2 alleles
19.5% missing data
   3   (0.934) 0.995 0.996 0.999 0.998 0.999 
   2   (0.066) 0.005 0.004 0.001 0.002 0.001 

Locus 71 : X190_CHR12_430 
2 alleles
2.9% missing data
   3   (0.878) 1.000 0.738 1.000 1.000 0.999 
   1   (0.122) 0.000 0.262 0.000 0.000 0.001 

Locus 72 : X191_CHR12_512 
2 alleles
5.8% missing data
   4   (0.256) 0.084 0.315 0.008 0.071 0.002 
   2   (0.744) 0.916 0.685 0.992 0.929 0.998 

Locus 73 : X192_CHR13_501 
2 alleles
15.3% missing data
   3   (0.920) 1.000 0.963 1.000 1.000 0.999 
   1   (0.080) 0.000 0.037 0.000 0.000 0.001 

Locus 74 : X284_CHR13_570 
2 alleles
1.3% missing data
   4   (0.570) 0.959 0.461 0.898 0.797 0.877 
   3   (0.430) 0.041 0.539 0.102 0.203 0.123 

Locus 75 : X193_CHR13_631 
2 alleles
12.4% missing data
   2   (0.452) 0.753 0.325 0.174 0.502 0.651 
   4   (0.548) 0.247 0.675 0.826 0.498 0.349 

Locus 76 : X194_CHR13_754 
2 alleles
6.1% missing data
   4   (0.511) 0.816 0.293 0.583 0.998 0.569 
   2   (0.489) 0.184 0.707 0.417 0.002 0.431 

Locus 77 : X195_CHR13_794 
2 alleles
4.5% missing data
   1   (0.480) 0.387 0.615 0.620 0.884 0.012 
   3   (0.520) 0.613 0.385 0.380 0.116 0.988 

Locus 78 : X196_CHR13_841 
2 alleles
5.3% missing data
   4   (0.853) 0.997 0.759 0.999 0.999 0.998 
   2   (0.147) 0.003 0.241 0.001 0.001 0.002 

Locus 79 : X313_CHR13_914 
2 alleles
11.3% missing data
   3   (0.901) 1.000 0.889 1.000 1.000 0.999 
   1   (0.099) 0.000 0.111 0.000 0.000 0.001 

Locus 80 : X198_CHR13_927 
2 alleles
5.5% missing data
   3   (0.413) 0.925 0.334 0.211 0.002 0.523 
   1   (0.587) 0.075 0.666 0.789 0.998 0.477 

Locus 81 : X285_CHR13_937 
2 alleles
16.4% missing data
   1   (0.176) 0.509 0.032 0.122 0.001 0.005 
   3   (0.824) 0.491 0.968 0.878 0.999 0.995 

Locus 82 : X199_CHR13_957 
2 alleles
9.5% missing data
   1   (0.893) 1.000 0.852 1.000 1.000 0.998 
   3   (0.107) 0.000 0.148 0.000 0.000 0.002 

Locus 83 : X208_CHR14_105 
2 alleles
6.9% missing data
   2   (0.870) 1.000 0.697 0.999 0.999 0.998 
   3   (0.130) 0.000 0.303 0.001 0.001 0.002 

Locus 84 : X209_CHR14_110 
2 alleles
12.7% missing data
   4   (0.812) 0.999 0.440 0.999 0.993 0.997 
   2   (0.188) 0.001 0.560 0.001 0.007 0.003 

Locus 85 : X210_CHR14_113 
2 alleles
24.5% missing data
   3   (0.786) 0.999 0.646 0.999 0.999 0.564 
   1   (0.214) 0.001 0.354 0.001 0.001 0.436 

Locus 86 : X201_CHR14_115 
2 alleles
53.6% missing data
   1   (0.494) 0.442 0.443 0.599 0.605 0.603 
   3   (0.506) 0.558 0.557 0.401 0.395 0.397 

Locus 87 : X202_CHR14_208 
2 alleles
53.3% missing data
   4   (0.505) 0.298 0.622 0.377 0.334 0.263 
   2   (0.495) 0.702 0.378 0.623 0.666 0.737 

Locus 88 : X203_CHR14_425 
2 alleles
7.9% missing data
   1   (0.896) 0.999 0.898 0.999 1.000 0.999 
   2   (0.104) 0.001 0.102 0.001 0.000 0.001 

Locus 89 : X200_CHR14_508 
2 alleles
5.0% missing data
   3   (0.915) 1.000 0.948 1.000 1.000 0.999 
   1   (0.085) 0.000 0.052 0.000 0.000 0.001 

Locus 90 : X204_CHR14_627 
2 alleles
3.2% missing data
   1   (0.611) 0.690 0.906 0.323 0.015 0.604 
   3   (0.389) 0.310 0.094 0.677 0.985 0.396 

