0.177374  0.000322  0.000322  0.000323  0.000322  0.000323  0.821014
0.266687  0.000325  0.000325  0.000325  0.000325  0.000325  0.731686
0.000318  0.000318  0.000318  0.000318  0.000318  0.000318  0.998092
0.000324  0.000323  0.000324  0.000324  0.000324  0.000324  0.998057
0.000324  0.000324  0.000324  0.000324  0.144775  0.000324  0.853605
0.000324  0.000324  0.000324  0.000324  0.000324  0.000324  0.998057
0.058238  0.000324  0.000324  0.000324  0.000324  0.000324  0.940143
0.000322  0.000322  0.000322  0.000322  0.113126  0.000323  0.885262
0.000325  0.000325  0.000325  0.000325  0.000325  0.000325  0.998048
0.145637  0.000319  0.000320  0.000320  0.000320  0.000320  0.852766
0.000409  0.934081  0.063874  0.000409  0.000409  0.000409  0.000409
0.000396  0.997627  0.000395  0.000396  0.000396  0.000395  0.000396
0.000385  0.782700  0.215376  0.000385  0.000385  0.000385  0.000385
0.000439  0.997368  0.000439  0.000439  0.000439  0.000439  0.000439
0.000430  0.997418  0.000430  0.000430  0.000430  0.000430  0.000430
0.000402  0.787371  0.210619  0.000402  0.000402  0.000402  0.000402
0.000360  0.676995  0.000360  0.321206  0.000360  0.000360  0.000360
0.000341  0.000341  0.080346  0.807909  0.110381  0.000341  0.000341
0.000444  0.997336  0.000444  0.000444  0.000444  0.000444  0.000444
0.000356  0.722579  0.275641  0.000356  0.000356  0.000356  0.000356
0.000377  0.868267  0.129850  0.000377  0.000377  0.000377  0.000377
0.000406  0.997562  0.000406  0.000406  0.000406  0.000406  0.000406
0.000349  0.340713  0.061140  0.596750  0.000349  0.000349  0.000349
0.000395  0.660925  0.000395  0.337098  0.000395  0.000395  0.000395
0.000369  0.629882  0.000369  0.368273  0.000369  0.000369  0.000369
0.000356  0.223425  0.000356  0.774794  0.000356  0.000356  0.000356
0.000346  0.105392  0.000346  0.892879  0.000346  0.000346  0.000346
0.000338  0.129262  0.000338  0.869050  0.000338  0.000338  0.000338
0.000320  0.000319  0.000320  0.000320  0.000320  0.000320  0.998083
0.000321  0.000321  0.000321  0.000321  0.000321  0.000321  0.998074
0.000398  0.997614  0.000398  0.000398  0.000398  0.000398  0.000398
0.000407  0.997561  0.000407  0.000407  0.000407  0.000407  0.000407
0.000402  0.997590  0.000402  0.000402  0.000402  0.000402  0.000402
0.000404  0.997574  0.000404  0.000404  0.000404  0.000404  0.000404
0.000331  0.277832  0.087217  0.633625  0.000331  0.000331  0.000331
0.000341  0.129860  0.000341  0.868436  0.000341  0.000341  0.000341
0.000358  0.617261  0.000358  0.380950  0.000358  0.000358  0.000358
0.000341  0.396216  0.000341  0.602080  0.000341  0.000341  0.000341
0.000371  0.577343  0.000371  0.420803  0.000371  0.000371  0.000371
0.000411  0.997536  0.000411  0.000411  0.000411  0.000411  0.000411
0.000379  0.579570  0.000378  0.418538  0.000379  0.000378  0.000379
0.000361  0.570291  0.000361  0.427902  0.000361  0.000361  0.000361
0.000324  0.000324  0.219590  0.000324  0.106914  0.672200  0.000324
0.000325  0.000325  0.000325  0.000325  0.000325  0.897729  0.100644
0.000318  0.000318  0.111155  0.000318  0.000318  0.561652  0.325920
0.145579  0.000326  0.000327  0.000327  0.000327  0.472061  0.381053
0.096231  0.000326  0.000325  0.000325  0.000325  0.902141  0.000325
0.000320  0.000319  0.000320  0.000320  0.000320  0.595440  0.402963
0.159370  0.000322  0.000322  0.000322  0.000322  0.567055  0.272285
0.154903  0.000334  0.000335  0.000334  0.000335  0.843424  0.000334
0.000325  0.000325  0.000325  0.000325  0.000325  0.788780  0.209594
0.082749  0.000328  0.000328  0.000328  0.000328  0.915609  0.000328
0.000324  0.000324  0.000324  0.000324  0.000324  0.693655  0.304726
0.000328  0.000328  0.137443  0.000328  0.000328  0.860915  0.000328
0.000325  0.000325  0.000325  0.000325  0.000325  0.998048  0.000325
0.000324  0.000324  0.000324  0.000324  0.000324  0.998057  0.000324
0.283842  0.000316  0.000317  0.000317  0.000317  0.458542  0.256350
0.000324  0.000324  0.000324  0.000324  0.000324  0.713132  0.285249
0.000320  0.000319  0.000320  0.000320  0.000320  0.819089  0.179314
0.000323  0.000322  0.000323  0.000322  0.000322  0.998066  0.000323
0.000321  0.000321  0.000321  0.000321  0.000321  0.998074  0.000321
0.000325  0.000325  0.000325  0.000325  0.000325  0.726816  0.271557
0.000324  0.000323  0.000324  0.000324  0.000324  0.649971  0.348410
0.000318  0.000318  0.000318  0.000318  0.998092  0.000318  0.000318
0.000320  0.000319  0.000320  0.000319  0.998083  0.000320  0.000320
0.000321  0.000321  0.000321  0.000321  0.998075  0.000321  0.000321
0.000324  0.000323  0.000324  0.000324  0.998057  0.000324  0.000324
0.000325  0.000325  0.000325  0.000325  0.998048  0.000325  0.000325
0.000324  0.000324  0.000324  0.000324  0.998057  0.000324  0.000324
0.000317  0.000316  0.000317  0.000317  0.998100  0.000317  0.000317
0.000315  0.000315  0.000315  0.000315  0.998109  0.000315  0.000315
0.000317  0.000316  0.000317  0.000317  0.998100  0.000317  0.000317
0.000318  0.000318  0.000318  0.000318  0.998092  0.000318  0.000318
0.000320  0.000319  0.000319  0.000319  0.998083  0.000320  0.000320
0.000331  0.000331  0.000331  0.000331  0.998012  0.000331  0.000331
0.000317  0.000316  0.000317  0.000317  0.998100  0.000317  0.000317
0.000318  0.000318  0.000318  0.000318  0.998092  0.000318  0.000318
0.000320  0.000319  0.000319  0.000319  0.998083  0.000320  0.000320
0.000320  0.000319  0.000319  0.000319  0.998083  0.000320  0.000320
0.000320  0.000319  0.000319  0.000319  0.998083  0.000320  0.000320
0.000322  0.000322  0.000322  0.000322  0.998066  0.000322  0.000322
0.000317  0.000316  0.000317  0.000317  0.998100  0.000317  0.000317
0.000320  0.000319  0.000319  0.000319  0.998084  0.000320  0.000320
0.467410  0.000319  0.000320  0.000319  0.161556  0.000320  0.369757
0.200952  0.000322  0.000322  0.000322  0.128489  0.000322  0.669269
0.513886  0.000321  0.000321  0.000321  0.000321  0.000321  0.484509
0.085702  0.000324  0.000324  0.000324  0.237009  0.000324  0.675993
0.000341  0.079646  0.000341  0.000341  0.000341  0.000341  0.918650
0.000318  0.000318  0.000318  0.000318  0.000318  0.000318  0.998091
0.000324  0.000324  0.000324  0.000324  0.000324  0.000324  0.998057
0.000322  0.000322  0.000322  0.000322  0.000323  0.000322  0.998066
0.000323  0.000322  0.000322  0.000322  0.000322  0.000323  0.998066
0.000327  0.000326  0.000327  0.000327  0.000327  0.000327  0.998039
0.186607  0.000318  0.000318  0.000318  0.000318  0.000318  0.811801
0.000331  0.000331  0.000331  0.000331  0.000331  0.000331  0.998012
0.000318  0.000318  0.000318  0.000318  0.000318  0.000318  0.998091
0.000318  0.000318  0.000318  0.000318  0.000318  0.000318  0.998091
0.000321  0.000321  0.000321  0.000321  0.000321  0.000321  0.998075
0.000321  0.000321  0.000321  0.000321  0.000321  0.000321  0.998075
0.000315  0.000315  0.000315  0.000315  0.000315  0.000315  0.998108
0.000328  0.000328  0.000328  0.000328  0.000328  0.000328  0.998030
0.337874  0.000321  0.000321  0.000321  0.000321  0.000321  0.660521
0.000318  0.000318  0.000318  0.000318  0.000318  0.000318  0.998091
0.000325  0.000325  0.000325  0.000325  0.000325  0.998048  0.000325
0.000322  0.000322  0.000322  0.000322  0.000322  0.998066  0.000322
0.000325  0.000325  0.000325  0.000325  0.000325  0.998048  0.000325
0.000321  0.000321  0.000321  0.000321  0.000321  0.998074  0.000321
0.000324  0.000324  0.000324  0.000324  0.000324  0.998057  0.000324
0.000322  0.000322  0.000322  0.000322  0.000322  0.998066  0.000322
0.000322  0.000322  0.000322  0.000322  0.000322  0.998066  0.000322
0.000320  0.000319  0.000319  0.000319  0.000319  0.998083  0.000320
0.000321  0.000321  0.000321  0.000321  0.000321  0.998075  0.000321
0.000320  0.000319  0.000320  0.000320  0.000320  0.998083  0.000320
0.110313  0.000327  0.000327  0.000327  0.000327  0.888053  0.000327
0.000322  0.000322  0.000322  0.000322  0.000323  0.998066  0.000322
0.000315  0.000315  0.000315  0.000315  0.000315  0.998109  0.000315
0.000321  0.000321  0.000321  0.000321  0.000321  0.998074  0.000321
0.000320  0.000319  0.000320  0.000319  0.000320  0.998083  0.000320
0.000315  0.000315  0.000315  0.000315  0.000315  0.998108  0.000315
0.000322  0.000322  0.000322  0.000322  0.000322  0.998066  0.000322
0.000321  0.000321  0.000321  0.000321  0.000321  0.998074  0.000321
0.000318  0.000318  0.000318  0.000318  0.000318  0.998090  0.000318
0.000322  0.000322  0.000322  0.000322  0.000322  0.998066  0.000322
0.000310  0.000310  0.000310  0.998141  0.000310  0.000310  0.000310
0.000317  0.000316  0.000317  0.998100  0.000317  0.000317  0.000317
0.000322  0.000322  0.000322  0.998066  0.000322  0.000322  0.000322
0.000317  0.000316  0.000317  0.998100  0.000317  0.000317  0.000317
0.000310  0.000309  0.000310  0.998141  0.000310  0.000310  0.000310
0.000315  0.000315  0.000315  0.998108  0.000315  0.000315  0.000315
0.000315  0.000315  0.000315  0.998108  0.000315  0.000315  0.000315
0.000314  0.000314  0.000314  0.998117  0.000314  0.000314  0.000314
0.000315  0.000315  0.000315  0.998108  0.000315  0.000315  0.000315
0.000317  0.000316  0.000317  0.998100  0.000317  0.000317  0.000317
0.000320  0.000319  0.000320  0.998083  0.000320  0.000320  0.000320
0.000311  0.000311  0.000311  0.998133  0.000311  0.000311  0.000311
0.000325  0.000325  0.000325  0.998048  0.000325  0.000325  0.000325
0.000320  0.000319  0.000320  0.998083  0.000320  0.000320  0.000320
0.000325  0.000325  0.000325  0.998048  0.000325  0.000325  0.000325
0.839027  0.000327  0.000327  0.159339  0.000327  0.000327  0.000327
0.890796  0.000327  0.000327  0.107570  0.000327  0.000327  0.000327
0.000340  0.000339  0.491044  0.507259  0.000339  0.000339  0.000339
0.860041  0.000321  0.000321  0.138354  0.000321  0.000321  0.000321
0.804422  0.000334  0.044165  0.150076  0.000335  0.000335  0.000335
0.649304  0.143701  0.000363  0.205542  0.000363  0.000363  0.000363
0.771690  0.000324  0.000324  0.226690  0.000324  0.000324  0.000324
0.638461  0.000342  0.134140  0.226029  0.000343  0.000343  0.000343
0.875823  0.000331  0.000331  0.122520  0.000331  0.000331  0.000331
0.790734  0.000322  0.000322  0.207654  0.000323  0.000322  0.000323
0.581921  0.416334  0.000349  0.000349  0.000349  0.000349  0.000349
0.791928  0.000330  0.000330  0.206423  0.000330  0.000330  0.000330
0.647312  0.000333  0.000333  0.068946  0.000333  0.000333  0.282411
0.802045  0.000325  0.000325  0.094369  0.000325  0.000325  0.102285
0.000335  0.000334  0.000335  0.436006  0.000335  0.000335  0.562322
0.643411  0.000328  0.000328  0.179467  0.000328  0.000328  0.175809
0.682275  0.000339  0.000339  0.197114  0.000339  0.000339  0.119254
0.766730  0.000327  0.000327  0.231635  0.000327  0.000327  0.000327
0.519434  0.000318  0.000318  0.334140  0.000318  0.000318  0.145154
0.866594  0.000324  0.000324  0.000324  0.000324  0.000324  0.131786
0.000335  0.000335  0.109135  0.317911  0.000335  0.000335  0.571615
0.000321  0.101416  0.000321  0.896980  0.000321  0.000321  0.000321
0.000325  0.086058  0.000325  0.912315  0.000325  0.000325  0.000325
0.000328  0.080949  0.000328  0.917410  0.000328  0.000328  0.000328
0.000305  0.000304  0.000305  0.915003  0.083474  0.000305  0.000305
0.000317  0.145735  0.000317  0.852681  0.000317  0.000317  0.000317
0.000322  0.090954  0.000322  0.907434  0.000323  0.000322  0.000322
0.000450  0.997299  0.000450  0.000450  0.000450  0.000450  0.000450
0.000428  0.997431  0.000428  0.000428  0.000428  0.000428  0.000428
0.000444  0.997338  0.000444  0.000444  0.000444  0.000444  0.000444
0.000430  0.997417  0.000431  0.000430  0.000431  0.000430  0.000430
0.000408  0.997550  0.000408  0.000408  0.000408  0.000408  0.000408
0.000375  0.360363  0.000375  0.637763  0.000375  0.000375  0.000375
0.000387  0.997680  0.000387  0.000387  0.000387  0.000387  0.000387
0.000416  0.997504  0.000416  0.000416  0.000416  0.000416  0.000416
0.000418  0.834882  0.000418  0.163027  0.000418  0.000418  0.000418
0.000358  0.478846  0.000358  0.519365  0.000358  0.000358  0.000358
0.000348  0.313286  0.000348  0.684977  0.000348  0.000348  0.000348
0.000356  0.547038  0.000356  0.451182  0.000356  0.000356  0.000356
0.000325  0.000325  0.000325  0.000325  0.000325  0.627465  0.370908
0.183479  0.000316  0.080337  0.000317  0.000317  0.734917  0.000317
0.184811  0.000327  0.000327  0.000327  0.198418  0.615464  0.000327
0.000330  0.000330  0.000330  0.000330  0.000330  0.813475  0.184876
0.000333  0.000333  0.000333  0.000333  0.000333  0.736956  0.261380
0.249509  0.000326  0.000327  0.000327  0.000327  0.748857  0.000327
0.263848  0.000314  0.000314  0.000314  0.000314  0.734583  0.000314
0.314069  0.000325  0.000325  0.000325  0.000325  0.684305  0.000325
0.283502  0.000328  0.000328  0.000328  0.000328  0.714857  0.000328
0.114529  0.000327  0.000327  0.000327  0.186882  0.697282  0.000327
0.424566  0.000315  0.000315  0.000315  0.000315  0.573858  0.000315
0.998073  0.000321  0.000321  0.000321  0.000321  0.000321  0.000321
0.803472  0.000333  0.194863  0.000333  0.000333  0.000333  0.000333
0.403409  0.000333  0.000333  0.000333  0.000333  0.594926  0.000333
0.000321  0.000321  0.000321  0.000321  0.000321  0.000321  0.998075
0.000322  0.000322  0.000322  0.000322  0.000322  0.000322  0.998066
0.000318  0.000318  0.000318  0.000318  0.000318  0.000318  0.998091
0.000320  0.000319  0.000319  0.000319  0.000320  0.000320  0.998083
0.000320  0.000319  0.000320  0.000319  0.000320  0.000320  0.998083
0.000325  0.000325  0.000325  0.000325  0.000325  0.000325  0.998048
0.000320  0.000320  0.000320  0.000319  0.000319  0.000320  0.998083
0.000320  0.000319  0.000320  0.000319  0.000320  0.000320  0.998083
0.000322  0.000322  0.000322  0.000322  0.000322  0.000322  0.998066
0.000322  0.000322  0.000323  0.000322  0.000323  0.102764  0.895624
0.000322  0.000322  0.000322  0.000322  0.000322  0.000322  0.998066
0.000315  0.000315  0.000315  0.000315  0.000315  0.000315  0.998109
0.000320  0.000319  0.000320  0.000319  0.000320  0.000320  0.998083
0.000322  0.000322  0.000322  0.000323  0.000322  0.000322  0.998065
0.000318  0.000318  0.000318  0.000318  0.000318  0.000318  0.998091
0.000321  0.000320  0.000321  0.000321  0.000321  0.000321  0.998075
0.000315  0.000315  0.000315  0.000315  0.000315  0.000315  0.998109
0.000314  0.000314  0.000314  0.000314  0.000314  0.000314  0.998117
0.000318  0.000318  0.000318  0.000318  0.000318  0.000318  0.998092
0.000317  0.000316  0.000317  0.000317  0.000317  0.146003  0.852413
0.000318  0.000318  0.000318  0.000318  0.000318  0.000318  0.998091
0.000413  0.997520  0.000413  0.000413  0.000413  0.000413  0.000413
0.000358  0.521135  0.000358  0.477075  0.000358  0.000358  0.000358
0.000416  0.997504  0.000416  0.000416  0.000416  0.000416  0.000416
0.000346  0.106458  0.000346  0.730842  0.161317  0.000346  0.000346
0.000426  0.997446  0.000426  0.000426  0.000426  0.000426  0.000426
0.000436  0.997383  0.000436  0.000436  0.000436  0.000436  0.000436
0.000385  0.774304  0.000385  0.223773  0.000385  0.000385  0.000385
0.000395  0.721159  0.000395  0.276864  0.000395  0.000395  0.000395
0.000420  0.997478  0.000420  0.000420  0.000420  0.000420  0.000420
0.000418  0.814880  0.000418  0.183028  0.000418  0.000418  0.000418
0.000473  0.997160  0.000473  0.000474  0.000473  0.000473  0.000473
0.000455  0.997271  0.000455  0.000455  0.000455  0.000455  0.000455
0.000418  0.997490  0.000418  0.000418  0.000418  0.000418  0.000418
0.244411  0.000328  0.000328  0.000328  0.113994  0.000328  0.640282
0.000318  0.000318  0.000318  0.000318  0.000318  0.000318  0.998091
0.219641  0.000322  0.193903  0.000322  0.103434  0.000323  0.482055
0.000320  0.000319  0.000320  0.000320  0.000320  0.000320  0.998083
0.000324  0.000324  0.000324  0.000324  0.000324  0.000324  0.998057
0.000317  0.000316  0.000317  0.000317  0.000317  0.000317  0.998100
0.000328  0.000328  0.000328  0.000329  0.000328  0.000328  0.998030
0.000321  0.000321  0.000321  0.000321  0.138398  0.000321  0.859997
0.464204  0.000319  0.000320  0.000320  0.000320  0.000320  0.534198
0.000323  0.000322  0.000322  0.000322  0.000322  0.000322  0.998066
0.000322  0.000322  0.000322  0.000322  0.000322  0.000322  0.998066
0.169506  0.000315  0.000315  0.000315  0.000315  0.000315  0.828918
0.000324  0.000324  0.000324  0.038895  0.000324  0.000324  0.959486
0.000328  0.000328  0.000328  0.000328  0.000328  0.000328  0.998030
0.000323  0.000322  0.000322  0.000323  0.212927  0.000322  0.785461
0.000328  0.000328  0.000328  0.000328  0.220917  0.000328  0.777442
0.000327  0.000327  0.206505  0.000327  0.000327  0.000327  0.791860
0.090352  0.000324  0.000324  0.000324  0.244533  0.000324  0.663820
0.000321  0.000321  0.000321  0.000321  0.076671  0.283340  0.638706
0.000325  0.000325  0.000325  0.000325  0.000325  0.000325  0.998048
0.000328  0.000328  0.000328  0.000328  0.000328  0.000328  0.998030
0.998039  0.000327  0.000327  0.000327  0.000327  0.000327  0.000327
0.681805  0.000322  0.000322  0.000322  0.000323  0.000323  0.316583
0.801391  0.000337  0.196921  0.000337  0.000338  0.000338  0.000338
0.663764  0.000328  0.000328  0.000328  0.000328  0.334594  0.000328
0.998074  0.000321  0.000321  0.000321  0.000321  0.000321  0.000321
0.998066  0.000322  0.000322  0.000322  0.000322  0.000323  0.000323
0.635607  0.000322  0.000323  0.000323  0.000323  0.362781  0.000322
0.998048  0.000325  0.000325  0.000325  0.000325  0.000325  0.000325
0.998100  0.000316  0.000317  0.000317  0.000317  0.000317  0.000317
0.951998  0.046404  0.000320  0.000320  0.000320  0.000320  0.000320
0.998074  0.000321  0.000321  0.000321  0.000321  0.000321  0.000321
0.422565  0.000323  0.000324  0.000324  0.000324  0.000324  0.575816
0.998074  0.000321  0.000321  0.000321  0.000321  0.000321  0.000321
0.998003  0.000333  0.000333  0.000333  0.000333  0.000333  0.000333
0.998039  0.000326  0.000327  0.000327  0.000327  0.000327  0.000327
0.716114  0.000325  0.000325  0.000325  0.000325  0.000325  0.282260
0.998057  0.000323  0.000324  0.000324  0.000324  0.000324  0.000324
0.567346  0.000331  0.000331  0.000331  0.000331  0.430997  0.000331
0.998057  0.000323  0.000324  0.000324  0.000324  0.000324  0.000324
0.998048  0.000325  0.000325  0.000326  0.000325  0.000325  0.000325
0.709232  0.000336  0.000336  0.000336  0.000336  0.289088  0.000336
0.000325  0.000325  0.000325  0.000325  0.000325  0.000325  0.998048
0.000330  0.000329  0.000330  0.000330  0.000330  0.000330  0.998021
0.000338  0.000337  0.000338  0.000338  0.000338  0.000338  0.997974
0.000322  0.000322  0.000322  0.000322  0.000323  0.187821  0.810567
0.000327  0.000327  0.000327  0.000327  0.000327  0.000327  0.998039
0.000328  0.000328  0.000328  0.000328  0.000328  0.000328  0.998030
0.000321  0.000321  0.000321  0.000321  0.000321  0.000321  0.998074
0.000328  0.000328  0.000328  0.000328  0.000328  0.000328  0.998030
0.000322  0.000322  0.000322  0.000322  0.000323  0.142306  0.856082
0.000318  0.000318  0.000318  0.000318  0.000318  0.000318  0.998091
0.000324  0.000324  0.000324  0.032545  0.000324  0.000324  0.965836
0.000324  0.000324  0.000324  0.000324  0.000324  0.000324  0.998057
0.000330  0.000329  0.000330  0.000330  0.000330  0.000330  0.998021
0.000327  0.000326  0.000327  0.000327  0.000327  0.000327  0.998039
0.000327  0.000326  0.000327  0.000327  0.000327  0.118062  0.880304
0.000327  0.000326  0.000327  0.000327  0.000327  0.163442  0.834924
0.000328  0.000328  0.000328  0.000328  0.000328  0.000328  0.998030
0.000328  0.000328  0.000328  0.000328  0.084685  0.000328  0.913673
0.000334  0.000334  0.000334  0.000334  0.000334  0.000335  0.997994
0.000313  0.000312  0.000313  0.000313  0.000313  0.000313  0.998124
0.000322  0.000322  0.000323  0.000322  0.000323  0.000322  0.998065
0.000318  0.000318  0.000318  0.000318  0.000318  0.000318  0.998092
0.000314  0.000314  0.000314  0.000314  0.000314  0.000314  0.998116
0.000313  0.000312  0.000313  0.000313  0.000313  0.000313  0.998125
0.000313  0.000312  0.000313  0.000312  0.000313  0.000313  0.998125
0.000314  0.000314  0.000314  0.000314  0.000314  0.000314  0.998116
0.000320  0.000319  0.000320  0.000319  0.000320  0.000320  0.998083
0.000313  0.000312  0.000313  0.000312  0.000313  0.000313  0.998125
0.000315  0.000315  0.000315  0.000315  0.000315  0.000315  0.998108
0.000315  0.000315  0.000315  0.000315  0.000315  0.000315  0.998108
0.000317  0.000317  0.000317  0.000317  0.000317  0.000317  0.998100
0.000317  0.000316  0.000317  0.000317  0.000317  0.000317  0.998100
0.000315  0.000315  0.000315  0.000315  0.000315  0.000315  0.998108
0.131120  0.000321  0.000321  0.000321  0.000321  0.000321  0.867276
0.000317  0.000316  0.000317  0.000317  0.000317  0.000317  0.998100
0.000314  0.000314  0.000314  0.000314  0.000314  0.000314  0.998117
0.000314  0.000314  0.000314  0.000314  0.000314  0.000314  0.998117
0.000317  0.029941  0.000317  0.000317  0.000317  0.000317  0.968476
0.137846  0.034674  0.000315  0.000315  0.000315  0.000315  0.826218
0.000313  0.000312  0.000313  0.000313  0.000313  0.000313  0.998125
0.000339  0.072266  0.000339  0.926037  0.000339  0.000339  0.000339
0.000322  0.000322  0.000322  0.998066  0.000322  0.000322  0.000322
0.000341  0.150772  0.000341  0.847524  0.000341  0.000341  0.000341
0.000328  0.000328  0.000328  0.998030  0.000328  0.000328  0.000328
0.000327  0.000327  0.000327  0.998039  0.000327  0.000327  0.000327
0.000360  0.346820  0.000360  0.651381  0.000360  0.000360  0.000360
0.000314  0.000314  0.000314  0.998116  0.000314  0.000314  0.000314
0.000344  0.213463  0.000344  0.784817  0.000344  0.000344  0.000344
0.000314  0.000314  0.000314  0.998116  0.000314  0.000314  0.000314
0.000325  0.000325  0.000325  0.998048  0.000325  0.000325  0.000325
0.000331  0.000331  0.000331  0.998012  0.000331  0.000331  0.000331
0.000334  0.000335  0.000334  0.997993  0.000334  0.000334  0.000334
0.000330  0.055462  0.000330  0.942889  0.000330  0.000330  0.000330
0.000363  0.385831  0.000363  0.612353  0.000363  0.000363  0.000363
0.000333  0.115506  0.000333  0.882829  0.000333  0.000333  0.000333
0.000338  0.208612  0.000338  0.789700  0.000338  0.000338  0.000338
0.000327  0.000327  0.000327  0.998039  0.000327  0.000327  0.000327
0.000337  0.034396  0.000337  0.963917  0.000337  0.000337  0.000337
0.000327  0.026939  0.000327  0.971427  0.000327  0.000327  0.000327
0.000333  0.191447  0.000333  0.806889  0.000333  0.000333  0.000333
0.000334  0.000334  0.000334  0.997994  0.000334  0.000334  0.000334
0.000373  0.556544  0.000373  0.441593  0.000373  0.000373  0.000373
0.000322  0.000322  0.998066  0.000322  0.000322  0.000322  0.000322
0.000313  0.000312  0.998125  0.000312  0.000313  0.000313  0.000313
0.000322  0.000322  0.998065  0.000323  0.000322  0.000322  0.000322
0.000315  0.000315  0.998109  0.000315  0.000315  0.000315  0.000315
0.000315  0.000315  0.998109  0.000315  0.000315  0.000315  0.000315
0.000318  0.000318  0.998092  0.000318  0.000318  0.000318  0.000318
0.000318  0.000318  0.998092  0.000318  0.000318  0.000318  0.000318
0.000338  0.000338  0.997975  0.000337  0.000337  0.000337  0.000337
0.000318  0.000318  0.998092  0.000318  0.000318  0.000318  0.000318
0.000317  0.000316  0.998100  0.000317  0.000317  0.000317  0.000317
0.000321  0.000321  0.998074  0.000321  0.000321  0.000321  0.000321
0.000318  0.000318  0.998092  0.000318  0.000318  0.000318  0.000318
0.000324  0.000323  0.998057  0.000324  0.000324  0.000324  0.000324
0.000320  0.000319  0.998083  0.000319  0.000320  0.000320  0.000320
0.000313  0.000312  0.998125  0.000313  0.000313  0.000313  0.000313
0.000325  0.000325  0.998048  0.000325  0.000325  0.000325  0.000325
0.000311  0.000311  0.998133  0.000311  0.000311  0.000311  0.000311
0.000314  0.000314  0.998116  0.000314  0.000314  0.000314  0.000314
0.000311  0.000311  0.998133  0.000311  0.000311  0.000311  0.000311
0.000311  0.000311  0.998133  0.000311  0.000311  0.000311  0.000311
0.998108  0.000315  0.000315  0.000315  0.000315  0.000315  0.000315
0.000326  0.000325  0.000325  0.419163  0.000325  0.000325  0.579210
0.998117  0.000314  0.000314  0.000314  0.000314  0.000314  0.000314
0.998074  0.000321  0.000321  0.000321  0.000321  0.000321  0.000321
0.998092  0.000318  0.000318  0.000318  0.000318  0.000318  0.000318
0.998125  0.000312  0.000313  0.000313  0.000313  0.000313  0.000313
0.998083  0.000319  0.000320  0.000320  0.000319  0.000320  0.000320
0.998117  0.000314  0.000314  0.000314  0.000314  0.000314  0.000314
0.998083  0.000319  0.000320  0.000320  0.000319  0.000320  0.000320
0.998083  0.000319  0.000319  0.000319  0.000319  0.000320  0.000320
0.998100  0.000316  0.000317  0.000317  0.000317  0.000317  0.000317
0.998108  0.000315  0.000315  0.000315  0.000315  0.000315  0.000315
0.998083  0.000319  0.000320  0.000320  0.000320  0.000320  0.000320
0.998109  0.000315  0.000315  0.000315  0.000315  0.000315  0.000315
0.998048  0.000325  0.000325  0.000325  0.000325  0.000325  0.000325
0.697044  0.000317  0.000317  0.301372  0.000317  0.000317  0.000317
0.998075  0.000321  0.000321  0.000321  0.000321  0.000321  0.000321
0.998057  0.000324  0.000324  0.000324  0.000324  0.000324  0.000324
0.998100  0.000317  0.000317  0.000317  0.000317  0.000317  0.000317
0.998092  0.000318  0.000318  0.000318  0.000318  0.000318  0.000318
