0.824313  0.174479  0.000596  0.000612
0.727831  0.270957  0.000598  0.000614
0.998233  0.000599  0.000579  0.000589
0.786157  0.212644  0.000592  0.000608
0.740656  0.244561  0.014148  0.000635
0.998120  0.000613  0.000654  0.000612
0.919673  0.079138  0.000577  0.000612
0.762776  0.236022  0.000596  0.000606
0.998173  0.000615  0.000596  0.000617
0.849864  0.148887  0.000640  0.000609
0.000787  0.000789  0.942013  0.056411
0.097952  0.000746  0.900555  0.000746
0.000726  0.000724  0.735170  0.263380
0.000824  0.000827  0.997527  0.000822
0.000789  0.000793  0.997628  0.000790
0.000753  0.000758  0.798118  0.200372
0.127069  0.000674  0.670818  0.201439
0.241409  0.000641  0.000646  0.757304
0.000816  0.000818  0.997536  0.000830
0.281314  0.000668  0.717347  0.000670
0.104102  0.000709  0.894478  0.000711
0.000755  0.000755  0.997728  0.000762
0.152640  0.000657  0.358849  0.487854
0.255935  0.000744  0.742573  0.000749
0.000697  0.000692  0.642756  0.355855
0.000670  0.000669  0.266221  0.732440
0.000650  0.000652  0.145088  0.853610
0.000633  0.000634  0.176232  0.822501
0.901199  0.097595  0.000599  0.000606
0.855350  0.143427  0.000594  0.000629
0.000751  0.000752  0.997746  0.000752
0.000766  0.000765  0.997702  0.000767
0.000756  0.000700  0.997792  0.000751
0.000765  0.000765  0.997704  0.000767
0.144678  0.000625  0.283574  0.571123
0.000641  0.000641  0.185269  0.813449
0.000672  0.000672  0.639219  0.359437
0.000641  0.000642  0.439051  0.559667
0.000695  0.000693  0.594478  0.404134
0.000752  0.000749  0.997741  0.000758
0.000707  0.000712  0.592671  0.405911
0.000681  0.000672  0.588420  0.410227
0.377562  0.529614  0.000620  0.092205
0.693571  0.216111  0.000602  0.089716
0.633224  0.365574  0.000602  0.000600
0.704362  0.294421  0.000602  0.000615
0.558970  0.396264  0.044152  0.000614
0.824113  0.174697  0.000586  0.000605
0.629503  0.369251  0.000640  0.000607
0.266022  0.732717  0.000634  0.000628
0.674669  0.324115  0.000595  0.000621
0.467473  0.531309  0.000600  0.000618
0.621840  0.376937  0.000615  0.000608
0.716621  0.282159  0.000602  0.000619
0.561816  0.436969  0.000595  0.000620
0.606492  0.392321  0.000577  0.000610
0.865804  0.000595  0.000580  0.133022
0.488616  0.510187  0.000594  0.000603
0.538747  0.460068  0.000584  0.000600
0.626113  0.372692  0.000588  0.000607
0.617625  0.381183  0.000589  0.000603
0.691807  0.306976  0.000595  0.000622
0.601530  0.397258  0.000593  0.000619
0.000595  0.998186  0.000591  0.000628
0.000598  0.998248  0.000583  0.000571
0.000602  0.998175  0.000589  0.000634
0.000608  0.998211  0.000576  0.000605
0.000608  0.998196  0.000593  0.000603
0.000605  0.998175  0.000614  0.000606
0.000595  0.998214  0.000588  0.000603
0.000592  0.998209  0.000576  0.000623
0.000596  0.998223  0.000581  0.000600
0.000598  0.998229  0.000583  0.000590
0.000600  0.998222  0.000583  0.000595
0.000620  0.998163  0.000605  0.000612
0.000593  0.998230  0.000578  0.000599
0.000598  0.998204  0.000582  0.000617
0.000599  0.998252  0.000583  0.000566
0.000599  0.998197  0.000599  0.000605
0.000599  0.998226  0.000583  0.000593
0.000607  0.998192  0.000589  0.000612
0.000592  0.998241  0.000578  0.000589
0.000599  0.998262  0.000581  0.000558
0.432154  0.566669  0.000584  0.000592
0.620780  0.378027  0.000590  0.000603
0.529270  0.469548  0.000586  0.000597
0.566664  0.432112  0.000622  0.000602
0.799744  0.111873  0.087743  0.000640
0.936618  0.062224  0.000566  0.000592
0.921565  0.077252  0.000576  0.000606
0.746223  0.252563  0.000590  0.000624
0.998200  0.000607  0.000592  0.000601
0.998166  0.000618  0.000598  0.000618
0.580831  0.390908  0.027668  0.000594
0.827457  0.171312  0.000607  0.000624
0.846087  0.152748  0.000566  0.000599
0.998212  0.000600  0.000583  0.000605
0.864389  0.134390  0.000588  0.000633
0.998190  0.000605  0.000581  0.000624
0.940883  0.057950  0.000578  0.000590
0.877608  0.121164  0.000603  0.000625
0.626326  0.372487  0.000589  0.000598
0.747174  0.229036  0.023195  0.000595
0.757895  0.221326  0.020164  0.000615
0.609510  0.389296  0.000591  0.000604
0.592822  0.405946  0.000600  0.000633
0.433561  0.565194  0.000639  0.000606
0.668854  0.329904  0.000632  0.000609
0.610408  0.388394  0.000591  0.000607
0.524447  0.474337  0.000610  0.000607
0.639926  0.358885  0.000586  0.000603
0.578426  0.420383  0.000590  0.000601
0.598573  0.332898  0.000629  0.067901
0.306969  0.691820  0.000598  0.000613
0.571903  0.426891  0.000602  0.000603
0.765642  0.233180  0.000577  0.000601
0.574842  0.423944  0.000609  0.000605
0.699700  0.299116  0.000585  0.000599
0.854703  0.144119  0.000580  0.000598
0.539365  0.459438  0.000592  0.000605
0.612374  0.368647  0.018377  0.000603
0.403162  0.540047  0.000600  0.056191
0.610883  0.387922  0.000591  0.000604
0.000585  0.000584  0.000572  0.998259
0.000594  0.000594  0.000580  0.998231
0.000606  0.000607  0.000589  0.998198
0.000594  0.000595  0.000584  0.998228
0.000582  0.000583  0.000565  0.998269
0.000593  0.000593  0.000577  0.998237
0.000590  0.000591  0.000606  0.998213
0.000590  0.000592  0.000572  0.998247
0.000591  0.000592  0.000577  0.998239
0.000596  0.000597  0.000580  0.998227
0.000600  0.000603  0.000592  0.998205
0.000584  0.000585  0.000572  0.998259
0.000608  0.000611  0.000612  0.998169
0.000601  0.000603  0.000591  0.998205
0.000612  0.000612  0.000593  0.998183
0.457282  0.053870  0.000582  0.488266
0.400161  0.238918  0.000595  0.360326
0.430819  0.080472  0.081517  0.407192
0.600947  0.000605  0.000589  0.397858
0.371734  0.254262  0.000613  0.373391
0.420866  0.000683  0.134172  0.444279
0.434497  0.197012  0.000596  0.367894
0.397521  0.268782  0.000632  0.333064
0.451713  0.266164  0.000611  0.281512
0.470324  0.180000  0.000655  0.349021
0.343811  0.000658  0.390096  0.265435
0.360053  0.260426  0.000626  0.378896
0.577224  0.137079  0.000635  0.285063
0.715272  0.000613  0.000579  0.283536
0.569004  0.000630  0.000612  0.429753
0.647258  0.000620  0.000603  0.351520
0.605649  0.000640  0.000639  0.393072
0.475644  0.084871  0.000636  0.438849
0.403370  0.170095  0.000590  0.425945
0.621105  0.189699  0.000613  0.188583
0.638344  0.000631  0.000644  0.360381
0.000596  0.000607  0.129110  0.869687
0.000612  0.000615  0.112764  0.886009
0.000614  0.000621  0.115628  0.883137
0.000572  0.092682  0.000565  0.906180
0.000589  0.000600  0.167016  0.831795
0.000605  0.000610  0.120169  0.878616
0.000862  0.000857  0.997422  0.000859
0.000812  0.000825  0.997564  0.000799
0.000809  0.000811  0.997564  0.000815
0.000767  0.000790  0.997653  0.000790
0.000760  0.000743  0.997743  0.000754
0.092456  0.000702  0.407336  0.499506
0.000751  0.000674  0.997849  0.000726
0.000791  0.000792  0.997619  0.000798
0.000786  0.000807  0.843184  0.155223
0.000667  0.000670  0.485834  0.512829
0.103684  0.000653  0.325240  0.570423
0.000671  0.000667  0.569704  0.428958
0.516183  0.482615  0.000595  0.000607
0.339877  0.658947  0.000580  0.000596
0.000617  0.998146  0.000620  0.000616
0.334556  0.664225  0.000604  0.000615
0.448233  0.550543  0.000608  0.000616
0.000619  0.998182  0.000595  0.000604
0.000595  0.998250  0.000571  0.000584
0.300754  0.698051  0.000594  0.000602
0.000620  0.998176  0.000598  0.000605
0.177085  0.821720  0.000591  0.000604
0.359884  0.638952  0.000578  0.000587
0.000608  0.998202  0.000598  0.000592
0.204568  0.794209  0.000608  0.000614
0.308138  0.690635  0.000608  0.000619
0.998210  0.000609  0.000585  0.000595
0.998187  0.000633  0.000588  0.000592
0.998193  0.000607  0.000594  0.000605
0.998187  0.000601  0.000583  0.000628
0.998225  0.000601  0.000582  0.000592
0.998180  0.000618  0.000597  0.000605
0.998217  0.000600  0.000592  0.000590
0.998226  0.000603  0.000584  0.000587
0.998201  0.000619  0.000588  0.000592
0.998148  0.000613  0.000624  0.000615
0.998205  0.000610  0.000587  0.000598
0.998250  0.000595  0.000575  0.000580
0.998231  0.000601  0.000584  0.000583
0.998188  0.000609  0.000595  0.000607
0.998222  0.000598  0.000583  0.000597
0.998218  0.000607  0.000583  0.000591
0.998245  0.000600  0.000574  0.000581
0.998247  0.000591  0.000572  0.000589
0.998231  0.000606  0.000578  0.000586
0.935507  0.063320  0.000579  0.000593
0.998221  0.000599  0.000584  0.000596
0.000768  0.000774  0.997688  0.000770
0.155166  0.000673  0.502306  0.341855
0.000796  0.000796  0.997621  0.000787
0.000653  0.166867  0.122678  0.709801
0.000787  0.000809  0.997608  0.000796
0.000826  0.000827  0.997523  0.000824
0.000725  0.000719  0.782253  0.216303
0.000745  0.000744  0.719452  0.279058
0.000770  0.000767  0.997690  0.000773
0.000785  0.000787  0.792547  0.205880
0.000908  0.000861  0.997339  0.000892
0.000829  0.000794  0.997512  0.000866
0.000785  0.000786  0.997647  0.000783
0.663092  0.335653  0.000628  0.000627
0.998205  0.000601  0.000590  0.000604
0.546693  0.452114  0.000592  0.000600
0.998195  0.000603  0.000595  0.000607
0.998184  0.000611  0.000594  0.000610
0.998219  0.000598  0.000578  0.000605
0.834362  0.143813  0.000605  0.021221
0.803589  0.195207  0.000598  0.000606
0.638658  0.360140  0.000601  0.000601
0.998203  0.000608  0.000590  0.000599
0.998191  0.000608  0.000589  0.000612
0.802807  0.196054  0.000549  0.000589
0.957470  0.000611  0.000604  0.041315
0.998157  0.000619  0.000601  0.000622
0.766813  0.231971  0.000600  0.000615
0.707595  0.291172  0.000609  0.000624
0.956178  0.000617  0.042589  0.000616
0.625068  0.373734  0.000595  0.000604
0.728045  0.270767  0.000585  0.000604
0.876217  0.122530  0.000626  0.000626
0.869275  0.129496  0.000604  0.000625
0.389633  0.609160  0.000599  0.000608
0.453421  0.545388  0.000591  0.000600
0.431780  0.566975  0.000620  0.000626
0.308318  0.690444  0.000621  0.000617
0.425138  0.573671  0.000588  0.000604
0.576215  0.422610  0.000574  0.000601
0.340872  0.579647  0.000612  0.078869
0.404149  0.594648  0.000596  0.000607
0.341731  0.657099  0.000580  0.000590
0.452402  0.490144  0.056856  0.000599
0.433967  0.564848  0.000588  0.000597
0.503937  0.494868  0.000591  0.000604
0.610386  0.388418  0.000593  0.000603
0.490718  0.508056  0.000609  0.000617
0.553696  0.445089  0.000607  0.000608
0.507810  0.490985  0.000598  0.000606
0.366960  0.631844  0.000592  0.000603
0.455108  0.543666  0.000608  0.000618
0.431497  0.567305  0.000594  0.000604
0.320330  0.678445  0.000606  0.000619
0.404996  0.593755  0.000616  0.000633
0.998161  0.000614  0.000595  0.000630
0.998122  0.000625  0.000623  0.000630
0.908516  0.090223  0.000618  0.000643
0.762780  0.236016  0.000598  0.000606
0.998142  0.000618  0.000617  0.000623
0.998165  0.000619  0.000600  0.000616
0.998195  0.000581  0.000611  0.000614
0.998149  0.000618  0.000613  0.000620
0.794518  0.204275  0.000590  0.000616
0.998190  0.000603  0.000600  0.000606
0.824773  0.143684  0.000594  0.030949
0.874513  0.124281  0.000593  0.000613
0.998165  0.000622  0.000601  0.000613
0.889887  0.108887  0.000604  0.000622
0.958839  0.039938  0.000601  0.000623
0.801232  0.197538  0.000596  0.000634
0.998158  0.000619  0.000605  0.000618
0.921138  0.000618  0.000601  0.077643
0.998127  0.000630  0.000611  0.000632
0.998241  0.000584  0.000575  0.000599
0.998195  0.000606  0.000592  0.000607
0.998230  0.000599  0.000581  0.000591
0.998226  0.000590  0.000573  0.000610
0.998251  0.000588  0.000568  0.000593
0.998259  0.000589  0.000571  0.000582
0.917042  0.081788  0.000578  0.000592
0.998211  0.000599  0.000596  0.000594
0.998262  0.000586  0.000571  0.000581
0.998225  0.000595  0.000579  0.000601
0.998221  0.000592  0.000592  0.000596
0.998193  0.000596  0.000591  0.000620
0.998224  0.000595  0.000578  0.000603
0.998235  0.000592  0.000582  0.000592
0.998199  0.000607  0.000588  0.000607
0.998224  0.000599  0.000579  0.000598
0.998248  0.000590  0.000572  0.000589
0.998238  0.000591  0.000572  0.000598
0.952351  0.000598  0.046448  0.000603
0.810659  0.152972  0.035779  0.000590
0.998258  0.000587  0.000571  0.000584
0.000638  0.000638  0.122416  0.876308
0.000601  0.000602  0.000600  0.998197
0.000640  0.000641  0.212151  0.786569
0.000617  0.000618  0.000613  0.998152
0.000615  0.000617  0.000604  0.998165
0.128428  0.000675  0.350120  0.520777
0.000590  0.000588  0.000588  0.998233
0.000644  0.000640  0.227416  0.771300
0.000594  0.000592  0.000582  0.998231
0.000614  0.000612  0.000600  0.998174
0.000623  0.000623  0.000622  0.998131
0.000629  0.000626  0.072544  0.926201
0.000624  0.000622  0.079105  0.919649
0.000682  0.000685  0.409682  0.588951
0.000627  0.000627  0.168822  0.829924
0.000637  0.000633  0.256639  0.742091
0.000614  0.000613  0.000610  0.998163
0.000633  0.000678  0.064580  0.934109
0.000613  0.000609  0.086831  0.911947
0.000626  0.000634  0.227300  0.771441
0.000622  0.000628  0.000665  0.998086
0.000699  0.000700  0.585720  0.412881
0.578138  0.340558  0.080702  0.000603
0.660915  0.337907  0.000589  0.000589
0.695102  0.066755  0.086597  0.151546
0.593540  0.377297  0.000593  0.028570
0.714498  0.284328  0.000578  0.000597
0.620935  0.377890  0.000580  0.000595
0.636250  0.362572  0.000584  0.000593
0.442037  0.384580  0.172755  0.000628
0.934831  0.063977  0.000587  0.000606
0.861572  0.137242  0.000582  0.000605
0.783616  0.000605  0.041440  0.174339
0.833460  0.165329  0.000607  0.000604
0.723606  0.207868  0.000607  0.067919
0.689192  0.309614  0.000592  0.000602
0.641908  0.356904  0.000603  0.000585
0.452618  0.503080  0.043696  0.000607
0.998247  0.000579  0.000578  0.000596
0.831202  0.098082  0.070124  0.000591
0.898108  0.042668  0.058635  0.000589
0.870261  0.128574  0.000569  0.000596
0.752907  0.000570  0.000576  0.245947
0.587949  0.000611  0.000630  0.410810
0.746099  0.000592  0.000582  0.252727
0.670138  0.000605  0.000606  0.328651
0.806189  0.000600  0.000584  0.192627
0.741345  0.000589  0.000572  0.257494
0.768423  0.000602  0.000584  0.230391
0.528371  0.129137  0.000574  0.341918
0.678582  0.000604  0.000597  0.320217
0.814410  0.000602  0.000584  0.184405
0.718189  0.000597  0.000579  0.280635
0.874430  0.000594  0.000576  0.124400
0.698921  0.093934  0.000585  0.206560
0.741180  0.000570  0.000579  0.257672
0.631164  0.146539  0.030882  0.191415
0.464703  0.000596  0.000602  0.534099
0.719657  0.000606  0.000587  0.279150
0.879584  0.000611  0.000592  0.119213
0.718989  0.000596  0.000578  0.279836
0.678395  0.000574  0.000582  0.320449
