0.766126  0.000460  0.000463  0.232487  0.000464
0.644460  0.000464  0.000467  0.354143  0.000467
0.998183  0.000451  0.000455  0.000457  0.000454
0.741134  0.000460  0.000465  0.257478  0.000463
0.693402  0.010630  0.000464  0.295041  0.000464
0.916674  0.000461  0.000464  0.081936  0.000465
0.873296  0.000461  0.000465  0.125313  0.000464
0.677851  0.000460  0.000462  0.320765  0.000462
0.938901  0.000462  0.000466  0.059706  0.000465
0.767598  0.000454  0.000458  0.231034  0.000456
0.000592  0.997638  0.000592  0.000592  0.000586
0.000567  0.814530  0.000568  0.000566  0.183768
0.000552  0.562587  0.000552  0.000552  0.435757
0.000628  0.997488  0.000628  0.000629  0.000627
0.000613  0.997548  0.000612  0.000613  0.000615
0.000575  0.612979  0.000575  0.000576  0.385295
0.000516  0.494660  0.000515  0.000516  0.503794
0.276077  0.000487  0.000489  0.000489  0.722459
0.000634  0.997462  0.000634  0.000635  0.000636
0.000512  0.543929  0.000510  0.000511  0.454538
0.000541  0.805529  0.000540  0.000541  0.192849
0.000582  0.997667  0.000583  0.000583  0.000585
0.000502  0.077092  0.000500  0.000502  0.921405
0.000566  0.432278  0.000565  0.000566  0.566025
0.000529  0.433450  0.000528  0.000528  0.564965
0.000510  0.000511  0.000509  0.000510  0.997960
0.000495  0.000493  0.000495  0.000495  0.998021
0.000484  0.000483  0.000484  0.000484  0.998065
0.740750  0.000455  0.000458  0.257881  0.000456
0.716875  0.000457  0.000460  0.281749  0.000458
0.000569  0.860911  0.000569  0.000570  0.137381
0.000584  0.997660  0.000585  0.000585  0.000586
0.000575  0.997699  0.000575  0.000575  0.000576
0.000580  0.997680  0.000580  0.000580  0.000580
0.175895  0.126725  0.000475  0.000475  0.696429
0.000489  0.000488  0.000489  0.000489  0.998046
0.000513  0.448982  0.000512  0.000513  0.549480
0.000488  0.208305  0.000488  0.000489  0.790229
0.000532  0.430759  0.000533  0.000532  0.567645
0.000585  0.997660  0.000584  0.000584  0.000587
0.000542  0.382733  0.000542  0.000542  0.615641
0.000517  0.376353  0.000517  0.000517  0.622097
0.000466  0.000463  0.000464  0.848934  0.149673
0.538011  0.000464  0.000466  0.390807  0.070252
0.521605  0.000455  0.000456  0.477028  0.000456
0.564993  0.000465  0.000469  0.433606  0.000468
0.408269  0.021510  0.000466  0.521796  0.047958
0.667423  0.000453  0.000458  0.331209  0.000457
0.480389  0.000458  0.000462  0.518230  0.000461
0.000481  0.000481  0.000481  0.998076  0.000481
0.529000  0.000462  0.000466  0.469608  0.000465
0.320158  0.000467  0.000471  0.678433  0.000470
0.477149  0.000465  0.000464  0.521459  0.000463
0.550787  0.000467  0.000470  0.447806  0.000470
0.365096  0.000462  0.000465  0.633512  0.000465
0.467164  0.000460  0.000464  0.531449  0.000463
0.698855  0.000451  0.138705  0.161535  0.000454
0.392780  0.000461  0.000463  0.605833  0.000463
0.415991  0.000454  0.000458  0.582641  0.000457
0.454456  0.000457  0.000461  0.544165  0.000461
0.430345  0.000456  0.000460  0.568280  0.000459
0.559833  0.000462  0.000466  0.438775  0.000465
0.439663  0.000460  0.000463  0.558951  0.000463
0.000456  0.000452  0.000455  0.998183  0.000454
0.000458  0.000453  0.000457  0.998175  0.000456
0.000460  0.000457  0.000459  0.998165  0.000458
0.000464  0.000460  0.000463  0.998150  0.000463
0.000466  0.000462  0.000465  0.998142  0.000465
0.000464  0.000466  0.000463  0.998144  0.000463
0.000454  0.000450  0.000453  0.998191  0.000452
0.000452  0.000447  0.000451  0.998199  0.000450
0.000454  0.000450  0.000454  0.998189  0.000453
0.000456  0.000452  0.000455  0.998181  0.000455
0.000458  0.000454  0.000457  0.998174  0.000457
0.000475  0.000470  0.000474  0.998108  0.000473
0.000454  0.000449  0.000453  0.998191  0.000452
0.000456  0.000451  0.000455  0.998183  0.000454
0.000458  0.000453  0.000457  0.998176  0.000456
0.000458  0.000456  0.000457  0.985942  0.012686
0.000458  0.000454  0.000457  0.998175  0.000456
0.000463  0.000458  0.000462  0.998156  0.000461
0.000454  0.000450  0.000453  0.998191  0.000453
0.000458  0.000453  0.000457  0.998176  0.000456
0.356533  0.000454  0.000458  0.642099  0.000456
0.581117  0.000459  0.000461  0.417502  0.000460
0.471165  0.000456  0.000460  0.527460  0.000458
0.539839  0.000464  0.000464  0.458770  0.000463
0.715253  0.081658  0.000487  0.202114  0.000488
0.873034  0.000452  0.000455  0.125604  0.000454
0.816346  0.000460  0.000464  0.182268  0.000463
0.669980  0.000458  0.000462  0.328640  0.000460
0.845289  0.000458  0.000461  0.153332  0.000460
0.933343  0.000464  0.000468  0.065259  0.000466
0.552205  0.026363  0.000456  0.420521  0.000456
0.796047  0.000471  0.000474  0.202535  0.000473
0.798723  0.000452  0.000456  0.199915  0.000454
0.998180  0.000453  0.000456  0.000456  0.000454
0.843879  0.000456  0.000459  0.154748  0.000458
0.998166  0.000456  0.000459  0.000461  0.000458
0.903994  0.000448  0.000451  0.094656  0.000450
0.851859  0.000467  0.000470  0.146734  0.000470
0.555572  0.000456  0.000460  0.443053  0.000459
0.739041  0.020424  0.000455  0.239624  0.000455
0.550301  0.000465  0.000466  0.391909  0.056859
0.457249  0.000458  0.000462  0.541370  0.000461
0.461962  0.000463  0.000465  0.536644  0.000466
0.302932  0.000458  0.000461  0.695689  0.000460
0.540553  0.000461  0.000464  0.458058  0.000464
0.479715  0.000459  0.000461  0.518903  0.000462
0.398534  0.000463  0.000462  0.600078  0.000462
0.475888  0.000455  0.000459  0.522740  0.000458
0.402318  0.000456  0.000460  0.596307  0.000459
0.512001  0.000456  0.000458  0.428925  0.058161
0.000472  0.000467  0.000470  0.998122  0.000470
0.436634  0.000460  0.000462  0.561983  0.000461
0.631440  0.000448  0.000451  0.367210  0.000451
0.442515  0.000459  0.000459  0.556106  0.000461
0.547908  0.000454  0.000457  0.450724  0.000457
0.701111  0.000448  0.000452  0.297538  0.000451
0.381274  0.000459  0.000462  0.617343  0.000462
0.440659  0.000462  0.000460  0.531565  0.026854
0.251615  0.000455  0.000456  0.710576  0.036898
0.467428  0.000460  0.000462  0.531189  0.000462
0.000444  0.000440  0.998229  0.000444  0.000443
0.000453  0.000450  0.998191  0.000453  0.000453
0.000462  0.000458  0.998158  0.000461  0.000461
0.000453  0.000450  0.998191  0.000453  0.000453
0.000444  0.000440  0.998230  0.000444  0.000443
0.000451  0.000448  0.998200  0.000451  0.000450
0.000451  0.000450  0.998198  0.000451  0.000450
0.000449  0.000445  0.998208  0.000449  0.000448
0.000451  0.000448  0.998200  0.000451  0.000450
0.000453  0.000450  0.998190  0.000454  0.000453
0.000457  0.000455  0.998173  0.000458  0.000457
0.000446  0.000443  0.998217  0.000447  0.000446
0.000466  0.000467  0.893558  0.000465  0.105044
0.000458  0.000456  0.998170  0.000458  0.000459
0.000466  0.000461  0.998143  0.000466  0.000465
0.277272  0.000465  0.721326  0.000469  0.000468
0.386438  0.000466  0.612159  0.000469  0.000468
0.408645  0.092334  0.498047  0.000487  0.000487
0.502662  0.000460  0.495955  0.000460  0.000462
0.337694  0.000477  0.496746  0.164604  0.000479
0.345955  0.073744  0.324786  0.000521  0.254993
0.294281  0.000461  0.504423  0.200371  0.000464
0.361519  0.000489  0.263255  0.291511  0.083225
0.355572  0.000473  0.357272  0.286208  0.000476
0.446337  0.000459  0.552279  0.000463  0.000462
0.337011  0.395233  0.266754  0.000501  0.000501
0.315966  0.000474  0.297375  0.249871  0.136313
0.575876  0.000477  0.422693  0.000478  0.000477
0.563646  0.000463  0.434959  0.000467  0.000466
0.519433  0.000477  0.397224  0.000480  0.082387
0.506352  0.000468  0.492238  0.000471  0.000471
0.497132  0.000491  0.501403  0.000487  0.000487
0.412963  0.000467  0.585631  0.000469  0.000469
0.440333  0.000454  0.506755  0.000457  0.052001
0.503098  0.000461  0.319423  0.176555  0.000464
0.596456  0.000478  0.311199  0.000480  0.091386
0.000459  0.226766  0.771853  0.000459  0.000462
0.000466  0.168493  0.830107  0.000467  0.000467
0.000470  0.204572  0.794015  0.000470  0.000472
0.000438  0.000438  0.998248  0.000439  0.000438
0.000453  0.232415  0.766224  0.000453  0.000454
0.000462  0.197477  0.801136  0.000462  0.000463
0.000646  0.899314  0.000646  0.000646  0.098748
0.000613  0.997548  0.000613  0.000612  0.000614
0.000631  0.997472  0.000631  0.000632  0.000633
0.000613  0.997549  0.000612  0.000612  0.000614
0.000582  0.997669  0.000583  0.000582  0.000584
0.000539  0.145289  0.000538  0.000537  0.853097
0.000554  0.997782  0.000554  0.000553  0.000556
0.000594  0.683541  0.000594  0.000595  0.314676
0.000600  0.804304  0.000602  0.000599  0.193895
0.000512  0.266708  0.000513  0.000513  0.731754
0.000499  0.225955  0.253323  0.000499  0.519724
0.000511  0.403745  0.000511  0.000511  0.594722
0.348336  0.000462  0.000466  0.650270  0.000465
0.203946  0.000451  0.000454  0.794695  0.000454
0.000469  0.000471  0.000469  0.998122  0.000469
0.000474  0.000471  0.000472  0.998111  0.000472
0.288100  0.000474  0.000476  0.710474  0.000476
0.000469  0.000464  0.000468  0.998133  0.000466
0.000451  0.000446  0.000450  0.998205  0.000448
0.000467  0.000462  0.000466  0.998140  0.000465
0.000471  0.000466  0.000470  0.998125  0.000468
0.000469  0.000466  0.000468  0.998130  0.000467
0.000453  0.000450  0.000454  0.998192  0.000451
0.000461  0.000459  0.000459  0.998164  0.000458
0.000478  0.000473  0.000477  0.998097  0.000475
0.150549  0.000473  0.000477  0.848025  0.000476
0.998168  0.000455  0.000459  0.000460  0.000458
0.998161  0.000457  0.000460  0.000461  0.000460
0.998176  0.000455  0.000457  0.000455  0.000457
0.998174  0.000454  0.000458  0.000458  0.000456
0.998177  0.000453  0.000456  0.000458  0.000455
0.998143  0.000462  0.000465  0.000466  0.000465
0.998171  0.000457  0.000456  0.000458  0.000457
0.998176  0.000455  0.000456  0.000458  0.000456
0.998161  0.000458  0.000460  0.000462  0.000460
0.998154  0.000460  0.000461  0.000463  0.000462
0.998161  0.000457  0.000460  0.000462  0.000460
0.998201  0.000447  0.000450  0.000452  0.000450
0.998175  0.000454  0.000457  0.000458  0.000456
0.998154  0.000460  0.000461  0.000462  0.000463
0.998179  0.000454  0.000456  0.000456  0.000455
0.998169  0.000455  0.000458  0.000460  0.000458
0.998202  0.000447  0.000450  0.000452  0.000450
0.998205  0.000447  0.000450  0.000450  0.000448
0.998186  0.000451  0.000454  0.000456  0.000453
0.928221  0.000451  0.000454  0.070421  0.000453
0.998180  0.000454  0.000454  0.000456  0.000456
0.000592  0.997631  0.000591  0.000593  0.000593
0.000514  0.349555  0.182826  0.000513  0.466593
0.000600  0.997607  0.000596  0.000600  0.000597
0.000498  0.000496  0.193494  0.000498  0.805014
0.000609  0.997561  0.000610  0.000610  0.000611
0.000627  0.997495  0.000626  0.000625  0.000627
0.000551  0.567474  0.000550  0.000550  0.430876
0.000566  0.511171  0.000565  0.000566  0.487132
0.000599  0.997603  0.000599  0.000599  0.000601
0.000600  0.744786  0.000601  0.000599  0.253415
0.000678  0.997290  0.000678  0.000676  0.000679
0.000646  0.997411  0.000648  0.000646  0.000649
0.000599  0.997605  0.000598  0.000599  0.000599
0.615880  0.000469  0.000473  0.372274  0.010905
0.998174  0.000454  0.000458  0.000457  0.000458
0.491562  0.000459  0.000462  0.507057  0.000461
0.998165  0.000457  0.000460  0.000459  0.000459
0.998148  0.000461  0.000464  0.000465  0.000463
0.998187  0.000451  0.000454  0.000455  0.000453
0.775661  0.000468  0.035150  0.188250  0.000471
0.792962  0.000459  0.000460  0.205659  0.000459
0.570991  0.000457  0.000458  0.427635  0.000458
0.998157  0.000459  0.000462  0.000463  0.000460
0.998157  0.000458  0.000462  0.000463  0.000461
0.779138  0.000448  0.000452  0.219511  0.000451
0.934203  0.000462  0.064406  0.000465  0.000464
0.998121  0.000467  0.000471  0.000471  0.000470
0.710620  0.000459  0.028607  0.259852  0.000462
0.674799  0.000469  0.000473  0.323788  0.000472
0.912294  0.000468  0.000468  0.000469  0.086301
0.600614  0.000461  0.000464  0.397999  0.000463
0.666230  0.000457  0.000460  0.332395  0.000459
0.865541  0.000462  0.000466  0.133066  0.000465
0.834471  0.000467  0.000470  0.164122  0.000469
0.297479  0.000465  0.000468  0.701121  0.000467
0.369646  0.000459  0.000462  0.628972  0.000460
0.316703  0.000481  0.000483  0.681851  0.000482
0.171818  0.000469  0.000470  0.826772  0.000471
0.273630  0.000457  0.000461  0.724994  0.000459
0.435656  0.000458  0.000462  0.562963  0.000460
0.262332  0.000463  0.000462  0.685184  0.051558
0.281513  0.000462  0.000467  0.717094  0.000465
0.212231  0.000450  0.000454  0.786412  0.000452
0.318439  0.052271  0.000458  0.628374  0.000458
0.274628  0.000456  0.000460  0.723998  0.000458
0.342489  0.000460  0.000464  0.656125  0.000462
0.497834  0.000457  0.000460  0.500791  0.000459
0.382309  0.000474  0.000476  0.616266  0.000475
0.437189  0.000465  0.000468  0.561412  0.000467
0.408521  0.000463  0.000466  0.590086  0.000465
0.229369  0.000460  0.000464  0.769245  0.000462
0.335807  0.000471  0.000474  0.662774  0.000474
0.320045  0.000460  0.000464  0.678568  0.000463
0.000468  0.000464  0.045676  0.952927  0.000466
0.276281  0.000478  0.000482  0.722279  0.000480
0.927299  0.000463  0.000465  0.071308  0.000465
0.998104  0.000472  0.000474  0.000473  0.000476
0.839610  0.000480  0.000483  0.158944  0.000483
0.707436  0.000461  0.000462  0.291179  0.000462
0.998128  0.000466  0.000469  0.000469  0.000469
0.998121  0.000467  0.000470  0.000471  0.000470
0.936501  0.000456  0.000460  0.062122  0.000460
0.998118  0.000470  0.000469  0.000471  0.000472
0.698769  0.000457  0.000462  0.299851  0.000461
0.936021  0.000453  0.000456  0.062614  0.000456
0.750745  0.000462  0.000469  0.234802  0.013523
0.818032  0.000460  0.000464  0.180581  0.000463
0.998115  0.000468  0.000472  0.000473  0.000471
0.795837  0.000464  0.000468  0.202764  0.000467
0.881857  0.000464  0.000468  0.116743  0.000467
0.706678  0.000464  0.000468  0.291924  0.000466
0.998120  0.000468  0.000470  0.000471  0.000471
0.947334  0.000468  0.000472  0.000471  0.051254
0.998087  0.000475  0.000479  0.000480  0.000478
0.998206  0.000447  0.000451  0.000448  0.000448
0.998156  0.000458  0.000462  0.000462  0.000461
0.998183  0.000452  0.000455  0.000456  0.000455
0.998206  0.000446  0.000450  0.000450  0.000448
0.998215  0.000443  0.000447  0.000448  0.000446
0.998214  0.000444  0.000448  0.000448  0.000446
0.866330  0.000447  0.000450  0.132324  0.000449
0.998171  0.000457  0.000457  0.000458  0.000457
0.998215  0.000444  0.000447  0.000448  0.000446
0.998197  0.000448  0.000452  0.000453  0.000451
0.998190  0.000452  0.000452  0.000452  0.000454
0.998186  0.000453  0.000454  0.000454  0.000452
0.998191  0.000449  0.000453  0.000454  0.000452
0.998198  0.000448  0.000451  0.000452  0.000451
0.957906  0.000456  0.040717  0.000461  0.000460
0.998186  0.000450  0.000455  0.000455  0.000454
0.998207  0.000445  0.000449  0.000450  0.000448
0.998206  0.000445  0.000450  0.000450  0.000449
0.957390  0.041245  0.000454  0.000455  0.000455
0.797958  0.032791  0.000452  0.168348  0.000451
0.998213  0.000444  0.000448  0.000448  0.000447
0.000487  0.000484  0.000486  0.000486  0.998057
0.000461  0.000459  0.000462  0.000461  0.998156
0.000487  0.000486  0.000487  0.000487  0.998053
0.000470  0.000468  0.057777  0.000470  0.940814
0.000469  0.000465  0.323856  0.000469  0.674742
0.000516  0.081901  0.000515  0.000515  0.916552
0.000450  0.000447  0.196798  0.000450  0.801854
0.000492  0.057976  0.000493  0.000492  0.940547
0.000450  0.000447  0.172525  0.000450  0.826128
0.000467  0.000463  0.216999  0.000467  0.781605
0.000476  0.000471  0.000476  0.000476  0.998102
0.000479  0.000476  0.000479  0.000479  0.998086
0.000473  0.000470  0.000473  0.000472  0.998112
0.000520  0.141409  0.000520  0.000520  0.857032
0.000478  0.000476  0.000477  0.000478  0.998090
0.000484  0.000483  0.000483  0.000484  0.998066
0.000469  0.000465  0.293281  0.000469  0.705317
0.000482  0.000481  0.000483  0.000482  0.998072
0.000467  0.000466  0.000468  0.000468  0.998131
0.000476  0.000477  0.000476  0.000476  0.998094
0.000479  0.000476  0.247572  0.000479  0.750994
0.000534  0.337440  0.000533  0.000534  0.660959
0.537556  0.074110  0.000462  0.387411  0.000462
0.614898  0.000448  0.000448  0.383758  0.000449
0.545672  0.000463  0.000462  0.212435  0.240967
0.507518  0.000454  0.000453  0.491119  0.000455
0.645774  0.000448  0.000452  0.352876  0.000451
0.553787  0.000452  0.000456  0.444851  0.000455
0.577489  0.000453  0.000455  0.421149  0.000454
0.436168  0.165528  0.000484  0.397337  0.000483
0.863330  0.000452  0.000456  0.135307  0.000455
0.815875  0.000451  0.000453  0.182768  0.000453
0.752451  0.000460  0.000460  0.000461  0.246170
0.790890  0.000455  0.000457  0.207741  0.000457
0.680121  0.000462  0.000464  0.261295  0.057658
0.637601  0.000456  0.000458  0.361028  0.000458
0.599478  0.000446  0.000448  0.399182  0.000447
0.404212  0.044333  0.000466  0.550523  0.000465
0.936563  0.000442  0.000446  0.062104  0.000445
0.787948  0.061629  0.000450  0.149523  0.000450
0.859007  0.000445  0.000446  0.000447  0.139656
0.754778  0.000442  0.000446  0.243889  0.000445
0.522781  0.000448  0.475868  0.000452  0.000450
0.485464  0.000464  0.398034  0.000466  0.115572
0.573902  0.000446  0.424752  0.000450  0.000449
0.477111  0.000457  0.521512  0.000460  0.000460
0.609629  0.000452  0.389008  0.000457  0.000455
0.531064  0.000444  0.467597  0.000448  0.000447
0.574758  0.000455  0.423871  0.000458  0.000458
0.375439  0.000447  0.623214  0.000450  0.000449
0.466495  0.000455  0.532134  0.000458  0.000457
0.613737  0.000454  0.384894  0.000458  0.000457
0.497556  0.000450  0.501086  0.000454  0.000453
0.737203  0.000448  0.261446  0.000452  0.000451
0.541931  0.000454  0.456700  0.000459  0.000457
0.536539  0.000448  0.462110  0.000453  0.000451
0.356924  0.000468  0.484692  0.157451  0.000465
0.392386  0.000455  0.405151  0.000454  0.201554
0.521918  0.000456  0.476707  0.000461  0.000459
0.737309  0.000461  0.261303  0.000465  0.000463
0.573881  0.000452  0.424758  0.000454  0.000455
0.437025  0.000452  0.561613  0.000456  0.000454
