0.000322  0.903126  0.000322  0.000322  0.095262  0.000322  0.000322
0.000325  0.863684  0.000325  0.000325  0.134690  0.000325  0.000325
0.000318  0.998092  0.000318  0.000318  0.000318  0.000318  0.000318
0.000324  0.998057  0.000324  0.000323  0.000324  0.000324  0.000324
0.000324  0.878928  0.119452  0.000324  0.000324  0.000324  0.000324
0.000324  0.998057  0.000324  0.000324  0.000324  0.000324  0.000324
0.000324  0.923915  0.000324  0.000324  0.074466  0.000324  0.000324
0.000322  0.998065  0.000323  0.000322  0.000323  0.000322  0.000323
0.000325  0.998048  0.000325  0.000325  0.000325  0.000325  0.000325
0.000319  0.998083  0.000320  0.000319  0.000320  0.000319  0.000320
0.000409  0.000409  0.066455  0.931501  0.000409  0.000409  0.000409
0.000395  0.000395  0.000395  0.836777  0.000395  0.161247  0.000395
0.000385  0.000385  0.000385  0.588780  0.000385  0.409296  0.000385
0.000439  0.000439  0.000439  0.997368  0.000439  0.000439  0.000439
0.000430  0.000430  0.000430  0.997418  0.000430  0.000431  0.000430
0.000402  0.000402  0.000402  0.645790  0.000402  0.352201  0.000402
0.000360  0.000360  0.000360  0.531501  0.000360  0.466701  0.000360
0.000341  0.000341  0.092071  0.000341  0.236993  0.669573  0.000341
0.000444  0.000444  0.000444  0.997336  0.000444  0.000444  0.000444
0.000356  0.000356  0.000356  0.566348  0.000356  0.370308  0.061919
0.000377  0.000377  0.000377  0.823438  0.000377  0.174679  0.000377
0.000407  0.000407  0.000407  0.997561  0.000406  0.000407  0.000407
0.000349  0.000349  0.050902  0.127134  0.000349  0.820568  0.000349
0.000395  0.000395  0.000395  0.464246  0.000395  0.533778  0.000395
0.000369  0.000369  0.000369  0.460314  0.000369  0.537842  0.000369
0.000356  0.000356  0.000356  0.055209  0.000356  0.943011  0.000356
0.000346  0.000346  0.000346  0.000346  0.000346  0.997926  0.000346
0.000338  0.000338  0.000338  0.000338  0.000338  0.997974  0.000338
0.000320  0.998083  0.000320  0.000319  0.000320  0.000319  0.000320
0.000321  0.998074  0.000321  0.000321  0.000321  0.000321  0.000321
0.000397  0.000397  0.000397  0.845213  0.000397  0.152800  0.000397
0.000406  0.000406  0.000406  0.902991  0.000406  0.094977  0.000406
0.000402  0.000402  0.000402  0.997589  0.000402  0.000402  0.000402
0.000404  0.000404  0.000404  0.997574  0.000404  0.000404  0.000404
0.000331  0.000332  0.000331  0.163113  0.000332  0.734700  0.100861
0.000341  0.000341  0.000341  0.000341  0.000341  0.997955  0.000341
0.000358  0.000358  0.000358  0.450655  0.000358  0.547556  0.000358
0.000341  0.000341  0.000341  0.214812  0.000341  0.783484  0.000341
0.000371  0.000371  0.000371  0.436950  0.000371  0.561196  0.000371
0.000411  0.000411  0.000411  0.997536  0.000411  0.000411  0.000411
0.000379  0.000379  0.000379  0.406910  0.000379  0.591197  0.000378
0.000361  0.000361  0.000361  0.401988  0.000361  0.596205  0.000361
0.000324  0.613300  0.145599  0.000324  0.000324  0.000324  0.239805
0.000325  0.916838  0.000325  0.000325  0.000325  0.081535  0.000325
0.000318  0.872907  0.000318  0.000318  0.000318  0.000318  0.125503
0.000327  0.998039  0.000327  0.000326  0.000326  0.000327  0.000327
0.000325  0.952384  0.000325  0.045989  0.000325  0.000326  0.000325
0.000320  0.998083  0.000320  0.000319  0.000320  0.000319  0.000320
0.000322  0.998066  0.000323  0.000322  0.000322  0.000322  0.000322
0.000335  0.770133  0.000335  0.000335  0.000335  0.000334  0.228194
0.000325  0.998048  0.000325  0.000325  0.000325  0.000325  0.000325
0.000329  0.998030  0.000328  0.000328  0.000328  0.000328  0.000328
0.000324  0.998056  0.000324  0.000324  0.000324  0.000324  0.000324
0.000328  0.998030  0.000328  0.000328  0.000328  0.000328  0.000328
0.000325  0.998048  0.000325  0.000325  0.000325  0.000325  0.000325
0.000324  0.998057  0.000324  0.000324  0.000324  0.000324  0.000324
0.000317  0.755954  0.000317  0.000316  0.242462  0.000317  0.000317
0.000324  0.998057  0.000324  0.000324  0.000324  0.000324  0.000324
0.000320  0.998083  0.000320  0.000319  0.000320  0.000320  0.000320
0.000322  0.998066  0.000322  0.000322  0.000322  0.000322  0.000322
0.000321  0.998074  0.000321  0.000321  0.000321  0.000321  0.000321
0.000325  0.998048  0.000325  0.000325  0.000325  0.000325  0.000325
0.000324  0.998057  0.000324  0.000323  0.000324  0.000324  0.000324
0.000318  0.000318  0.998092  0.000318  0.000318  0.000318  0.000318
0.000319  0.000320  0.998084  0.000319  0.000319  0.000319  0.000320
0.000321  0.000321  0.998075  0.000321  0.000321  0.000321  0.000321
0.000324  0.000324  0.998058  0.000323  0.000324  0.000324  0.000324
0.000325  0.000325  0.998049  0.000325  0.000325  0.000325  0.000325
0.000324  0.000324  0.998057  0.000324  0.000324  0.000324  0.000324
0.000317  0.000317  0.998100  0.000316  0.000317  0.000317  0.000317
0.000315  0.000315  0.998109  0.000315  0.000315  0.000315  0.000315
0.000317  0.000317  0.998101  0.000316  0.000317  0.000317  0.000317
0.000318  0.000318  0.998092  0.000318  0.000318  0.000318  0.000318
0.000319  0.000320  0.998084  0.000319  0.000319  0.000319  0.000319
0.000331  0.000331  0.998013  0.000331  0.000331  0.000331  0.000331
0.000317  0.000317  0.998101  0.000316  0.000317  0.000317  0.000317
0.000318  0.000318  0.998092  0.000318  0.000318  0.000318  0.000318
0.000319  0.000320  0.998084  0.000319  0.000320  0.000319  0.000319
0.000319  0.000320  0.998084  0.000319  0.000319  0.000319  0.000319
0.000319  0.000320  0.998084  0.000319  0.000319  0.000319  0.000319
0.000322  0.000322  0.998066  0.000322  0.000322  0.000322  0.000322
0.000317  0.000317  0.998101  0.000316  0.000317  0.000317  0.000317
0.000319  0.000320  0.998084  0.000319  0.000319  0.000319  0.000319
0.000319  0.666549  0.209710  0.000319  0.000320  0.000319  0.122464
0.000322  0.772120  0.226269  0.000322  0.000322  0.000322  0.000322
0.000321  0.815507  0.000321  0.000321  0.000321  0.000321  0.182888
0.000324  0.741915  0.116855  0.000324  0.000324  0.000324  0.139934
0.000341  0.921747  0.000341  0.076549  0.000341  0.000341  0.000341
0.000318  0.998092  0.000318  0.000318  0.000318  0.000318  0.000318
0.000324  0.998057  0.000324  0.000324  0.000324  0.000324  0.000324
0.000322  0.998066  0.000323  0.000322  0.000322  0.000322  0.000322
0.000322  0.998066  0.000322  0.000322  0.000322  0.000322  0.000322
0.000327  0.998040  0.000327  0.000326  0.000327  0.000327  0.000327
0.000318  0.851999  0.000318  0.000318  0.000318  0.000318  0.146410
0.000331  0.998012  0.000331  0.000331  0.000331  0.000331  0.000331
0.000318  0.998092  0.000318  0.000318  0.000318  0.000318  0.000318
0.000318  0.998092  0.000318  0.000318  0.000318  0.000318  0.000318
0.000321  0.998075  0.000321  0.000321  0.000321  0.000321  0.000321
0.000321  0.998075  0.000321  0.000321  0.000321  0.000321  0.000321
0.000315  0.998109  0.000315  0.000315  0.000315  0.000315  0.000315
0.000328  0.998030  0.000328  0.000328  0.000328  0.000328  0.000328
0.000321  0.918350  0.000321  0.000321  0.000321  0.000321  0.080045
0.000318  0.998091  0.000318  0.000318  0.000318  0.000318  0.000318
0.000325  0.947215  0.000325  0.000325  0.000325  0.051158  0.000325
0.000322  0.998066  0.000322  0.000322  0.000322  0.000322  0.000322
0.000325  0.998048  0.000325  0.000325  0.000325  0.000325  0.000325
0.000321  0.821010  0.000321  0.000321  0.000321  0.000321  0.177385
0.000324  0.998057  0.000324  0.000324  0.000324  0.000324  0.000324
0.000322  0.998066  0.000322  0.000322  0.000322  0.000322  0.000322
0.000322  0.998065  0.000323  0.000323  0.000322  0.000323  0.000322
0.000320  0.998083  0.000320  0.000319  0.000320  0.000320  0.000320
0.000321  0.998075  0.000321  0.000321  0.000321  0.000321  0.000321
0.000320  0.900280  0.098122  0.000320  0.000320  0.000320  0.000320
0.000327  0.817878  0.000327  0.000327  0.000327  0.000327  0.180488
0.000322  0.998065  0.000323  0.000322  0.000322  0.000322  0.000322
0.000315  0.998109  0.000315  0.000315  0.000315  0.000315  0.000315
0.000321  0.998074  0.000321  0.000321  0.000321  0.000321  0.000321
0.000319  0.998083  0.000320  0.000319  0.000320  0.000319  0.000320
0.000315  0.998109  0.000315  0.000315  0.000315  0.000315  0.000315
0.000322  0.998066  0.000322  0.000322  0.000322  0.000322  0.000322
0.000321  0.998073  0.000321  0.000321  0.000321  0.000321  0.000321
0.000318  0.753717  0.000318  0.000318  0.000318  0.000318  0.244691
0.000322  0.998066  0.000322  0.000322  0.000322  0.000322  0.000322
0.998141  0.000310  0.000310  0.000309  0.000310  0.000310  0.000310
0.998100  0.000317  0.000317  0.000316  0.000317  0.000317  0.000317
0.998066  0.000322  0.000322  0.000322  0.000322  0.000322  0.000322
0.998100  0.000317  0.000317  0.000316  0.000317  0.000317  0.000317
0.998142  0.000310  0.000310  0.000309  0.000310  0.000310  0.000310
0.998109  0.000315  0.000315  0.000315  0.000315  0.000315  0.000315
0.998109  0.000315  0.000315  0.000315  0.000315  0.000315  0.000315
0.998117  0.000314  0.000314  0.000313  0.000314  0.000314  0.000314
0.998109  0.000315  0.000315  0.000315  0.000315  0.000315  0.000315
0.998100  0.000317  0.000317  0.000316  0.000317  0.000317  0.000317
0.998083  0.000320  0.000320  0.000319  0.000320  0.000319  0.000320
0.998133  0.000311  0.000311  0.000311  0.000311  0.000311  0.000311
0.877824  0.000325  0.000325  0.000325  0.000325  0.120550  0.000325
0.998083  0.000320  0.000320  0.000319  0.000320  0.000320  0.000320
0.998049  0.000325  0.000325  0.000325  0.000325  0.000325  0.000325
0.000327  0.000327  0.000327  0.000327  0.998039  0.000327  0.000327
0.000327  0.000327  0.000327  0.000327  0.862423  0.000327  0.135943
0.000339  0.000339  0.000339  0.061363  0.749843  0.000339  0.187436
0.000321  0.000321  0.000321  0.000321  0.998074  0.000321  0.000321
0.000334  0.000335  0.000335  0.000334  0.853160  0.000334  0.145168
0.000363  0.000363  0.000363  0.088272  0.761138  0.149137  0.000363
0.000324  0.000324  0.000324  0.000324  0.880904  0.000324  0.117476
0.000343  0.000343  0.196809  0.000342  0.634943  0.000343  0.166877
0.000331  0.000331  0.000331  0.000331  0.998012  0.000331  0.000331
0.000322  0.000322  0.000323  0.000322  0.998065  0.000322  0.000322
0.000349  0.000349  0.000349  0.371453  0.626801  0.000349  0.000349
0.000330  0.000330  0.148406  0.000330  0.782626  0.067649  0.000330
0.000333  0.000333  0.000333  0.000333  0.998002  0.000333  0.000333
0.000325  0.000325  0.000325  0.000325  0.998048  0.000325  0.000325
0.000335  0.000335  0.000335  0.000334  0.709090  0.138488  0.151084
0.000328  0.303704  0.000328  0.000328  0.694654  0.000328  0.000328
0.000339  0.000339  0.000339  0.000339  0.959579  0.038724  0.000339
0.000327  0.000327  0.000327  0.000327  0.929547  0.068819  0.000327
0.131804  0.000318  0.230692  0.000318  0.636231  0.000318  0.000318
0.000324  0.000324  0.000324  0.000324  0.998057  0.000324  0.000324
0.000334  0.000335  0.189681  0.000334  0.808647  0.000335  0.000335
0.538229  0.000321  0.000321  0.000321  0.000321  0.460167  0.000321
0.721149  0.000325  0.000325  0.000325  0.000325  0.277223  0.000325
0.662505  0.000328  0.000328  0.000328  0.000328  0.335853  0.000328
0.767502  0.000305  0.000305  0.000304  0.000305  0.230975  0.000305
0.671067  0.000317  0.000317  0.071244  0.000317  0.256422  0.000317
0.692213  0.000322  0.000322  0.000323  0.000322  0.306175  0.000322
0.000450  0.000450  0.000450  0.887003  0.000450  0.110748  0.000450
0.000428  0.000428  0.000428  0.997431  0.000428  0.000428  0.000428
0.000444  0.000444  0.000444  0.997338  0.000444  0.000444  0.000444
0.000430  0.000430  0.000430  0.997417  0.000430  0.000431  0.000430
0.000408  0.000408  0.000408  0.997549  0.000408  0.000409  0.000408
0.000375  0.000375  0.000375  0.162571  0.000375  0.835556  0.000375
0.000387  0.000387  0.000387  0.870466  0.000387  0.127601  0.000387
0.000416  0.000416  0.000416  0.699377  0.000416  0.298544  0.000416
0.000419  0.000418  0.000418  0.794444  0.000418  0.203464  0.000418
0.000358  0.000358  0.000358  0.282295  0.000358  0.715916  0.000358
0.174710  0.000348  0.093456  0.196883  0.000347  0.533908  0.000347
0.000356  0.000356  0.000356  0.406672  0.000356  0.591547  0.000356
0.000325  0.998048  0.000325  0.000325  0.000325  0.000325  0.000325
0.000317  0.998099  0.000317  0.000317  0.000317  0.000317  0.000317
0.000327  0.706895  0.192294  0.000327  0.099504  0.000327  0.000327
0.000330  0.998021  0.000330  0.000330  0.000330  0.000330  0.000330
0.000333  0.998003  0.000333  0.000333  0.000333  0.000333  0.000333
0.000327  0.998040  0.000327  0.000326  0.000327  0.000327  0.000327
0.000314  0.998116  0.000314  0.000314  0.000314  0.000314  0.000314
0.000325  0.884944  0.113429  0.000325  0.000325  0.000325  0.000325
0.000328  0.830293  0.168066  0.000328  0.000328  0.000328  0.000328
0.000327  0.707219  0.291147  0.000327  0.000327  0.000327  0.000327
0.000315  0.998108  0.000315  0.000315  0.000315  0.000315  0.000315
0.000321  0.836136  0.162260  0.000321  0.000321  0.000321  0.000321
0.000333  0.753364  0.000333  0.000333  0.000333  0.000333  0.244972
0.000333  0.803331  0.000333  0.000333  0.000333  0.000333  0.195005
0.000321  0.998075  0.000321  0.000321  0.000321  0.000321  0.000321
0.000322  0.998066  0.000322  0.000322  0.000322  0.000322  0.000322
0.000318  0.998091  0.000318  0.000318  0.000318  0.000318  0.000318
0.000319  0.998083  0.000320  0.000319  0.000320  0.000319  0.000320
0.000319  0.998084  0.000320  0.000319  0.000320  0.000319  0.000320
0.000325  0.998049  0.000325  0.000325  0.000325  0.000325  0.000325
0.000319  0.877714  0.000320  0.000319  0.000320  0.000319  0.120689
0.000319  0.998083  0.000320  0.000319  0.000320  0.000319  0.000320
0.000322  0.998066  0.000322  0.000322  0.000322  0.000322  0.000322
0.000322  0.998066  0.000322  0.000322  0.000322  0.000322  0.000322
0.000322  0.998066  0.000322  0.000322  0.000322  0.000322  0.000322
0.000315  0.998109  0.000315  0.000315  0.000315  0.000315  0.000315
0.000319  0.998083  0.000320  0.000319  0.000320  0.000319  0.000320
0.000322  0.943891  0.000322  0.000322  0.054497  0.000323  0.000322
0.000318  0.998091  0.000318  0.000318  0.000318  0.000318  0.000318
0.000321  0.998075  0.000321  0.000320  0.000321  0.000321  0.000321
0.000315  0.998109  0.000315  0.000315  0.000315  0.000315  0.000315
0.000314  0.998117  0.000314  0.000314  0.000314  0.000314  0.000314
0.000318  0.998092  0.000318  0.000318  0.000318  0.000318  0.000318
0.000317  0.998100  0.000317  0.000316  0.000317  0.000317  0.000317
0.000318  0.998091  0.000318  0.000318  0.000318  0.000318  0.000318
0.000413  0.000413  0.000414  0.997519  0.000413  0.000414  0.000413
0.000358  0.000358  0.000358  0.382375  0.280072  0.336122  0.000358
0.000416  0.000416  0.000416  0.997504  0.000416  0.000416  0.000416
0.000346  0.296219  0.000346  0.000346  0.000346  0.702053  0.000346
0.000426  0.000426  0.000426  0.997446  0.000426  0.000426  0.000426
0.000436  0.000436  0.000436  0.915579  0.000436  0.082240  0.000436
0.000385  0.000385  0.000385  0.612125  0.000385  0.385952  0.000385
0.000395  0.000395  0.000395  0.542860  0.000395  0.455164  0.000395
0.000420  0.000420  0.000420  0.997478  0.000420  0.000421  0.000420
0.000418  0.000418  0.000418  0.759219  0.000418  0.238690  0.000418
0.000474  0.000474  0.000473  0.997159  0.000473  0.000474  0.000473
0.000455  0.000455  0.000455  0.997271  0.000455  0.000455  0.000455
0.000418  0.000418  0.000418  0.997490  0.000418  0.000418  0.000418
0.000328  0.742726  0.210064  0.000328  0.045897  0.000328  0.000328
0.000318  0.998091  0.000318  0.000318  0.000318  0.000318  0.000318
0.000322  0.702031  0.000323  0.000322  0.000322  0.000322  0.296357
0.000320  0.998083  0.000320  0.000319  0.000320  0.000320  0.000320
0.000324  0.998057  0.000324  0.000324  0.000324  0.000324  0.000324
0.000317  0.998100  0.000317  0.000316  0.000317  0.000317  0.000317
0.000329  0.998030  0.000328  0.000328  0.000328  0.000328  0.000328
0.000321  0.850695  0.147700  0.000321  0.000321  0.000321  0.000321
0.000320  0.832641  0.165762  0.000319  0.000319  0.000320  0.000320
0.000322  0.998066  0.000322  0.000322  0.000323  0.000322  0.000322
0.000322  0.998066  0.000322  0.000322  0.000322  0.000322  0.000322
0.000315  0.871343  0.000315  0.000315  0.000315  0.000315  0.127080
0.000324  0.957082  0.000324  0.000324  0.041298  0.000324  0.000324
0.000328  0.998030  0.000328  0.000328  0.000328  0.000328  0.000328
0.000322  0.727418  0.150382  0.000322  0.120911  0.000322  0.000322
0.000328  0.836007  0.162351  0.000328  0.000328  0.000328  0.000328
0.000327  0.785382  0.000327  0.000327  0.212984  0.000327  0.000327
0.000324  0.697081  0.301299  0.000324  0.000324  0.000324  0.000324
0.000321  0.930483  0.067912  0.000321  0.000321  0.000321  0.000321
0.000325  0.998048  0.000325  0.000325  0.000325  0.000325  0.000325
0.000328  0.998030  0.000328  0.000328  0.000328  0.000328  0.000328
0.000327  0.666104  0.234952  0.000327  0.000327  0.000327  0.097637
0.000322  0.732264  0.266124  0.000322  0.000322  0.000322  0.000323
0.000338  0.730115  0.000338  0.000337  0.000338  0.000337  0.268197
0.000328  0.630585  0.224935  0.000328  0.000328  0.000328  0.143167
0.000321  0.806374  0.192021  0.000321  0.000321  0.000321  0.000321
0.000322  0.998066  0.000323  0.000322  0.000322  0.000322  0.000322
0.000322  0.576207  0.331561  0.000323  0.000323  0.000323  0.090942
0.000325  0.773948  0.224426  0.000325  0.000325  0.000325  0.000325
0.000317  0.793305  0.205111  0.000316  0.000317  0.000317  0.000317
0.000319  0.681295  0.124870  0.054241  0.138635  0.000320  0.000320
0.000321  0.865126  0.133270  0.000321  0.000321  0.000321  0.000321
0.000324  0.998057  0.000324  0.000323  0.000324  0.000324  0.000324
0.000321  0.998074  0.000321  0.000321  0.000321  0.000321  0.000321
0.000333  0.818149  0.000333  0.000333  0.000333  0.000333  0.180187
0.000327  0.823443  0.174923  0.000327  0.000327  0.000327  0.000327
0.000325  0.750266  0.194242  0.000325  0.000325  0.000325  0.054191
0.000324  0.664284  0.116267  0.000324  0.000324  0.000324  0.218153
0.000331  0.886041  0.112302  0.000331  0.000331  0.000331  0.000331
0.000324  0.790813  0.069364  0.000324  0.000324  0.000324  0.138528
0.000325  0.650533  0.347841  0.000325  0.000325  0.000325  0.000325
0.000336  0.748690  0.249631  0.000336  0.000336  0.000336  0.000336
0.000325  0.998048  0.000325  0.000325  0.000325  0.000325  0.000325
0.000330  0.998021  0.000330  0.000330  0.000330  0.000330  0.000330
0.000337  0.997975  0.000338  0.000337  0.000338  0.000337  0.000338
0.000322  0.998065  0.000322  0.000322  0.000322  0.000322  0.000322
0.000327  0.998039  0.000327  0.000326  0.000327  0.000327  0.000327
0.000328  0.998030  0.000328  0.000328  0.000328  0.000328  0.000328
0.000321  0.998074  0.000321  0.000321  0.000321  0.000321  0.000321
0.000328  0.998030  0.000328  0.000328  0.000328  0.000329  0.000328
0.000322  0.998066  0.000322  0.000322  0.000322  0.000322  0.000322
0.000318  0.998092  0.000318  0.000318  0.000318  0.000318  0.000318
0.018212  0.980168  0.000324  0.000324  0.000324  0.000324  0.000324
0.000324  0.998057  0.000324  0.000323  0.000324  0.000324  0.000324
0.000330  0.998022  0.000330  0.000329  0.000330  0.000330  0.000330
0.000327  0.998040  0.000327  0.000326  0.000327  0.000327  0.000327
0.000327  0.998040  0.000327  0.000326  0.000327  0.000327  0.000327
0.000327  0.998040  0.000327  0.000326  0.000327  0.000327  0.000327
0.000328  0.998030  0.000328  0.000328  0.000328  0.000328  0.000328
0.000328  0.918384  0.079974  0.000328  0.000328  0.000328  0.000328
0.000334  0.997994  0.000334  0.000334  0.000334  0.000334  0.000334
0.000313  0.998124  0.000313  0.000312  0.000313  0.000313  0.000313
0.000322  0.998066  0.000322  0.000322  0.000322  0.000322  0.000322
0.000318  0.998092  0.000318  0.000318  0.000318  0.000318  0.000318
0.000314  0.998117  0.000314  0.000314  0.000314  0.000314  0.000314
0.000313  0.998125  0.000313  0.000312  0.000313  0.000312  0.000313
0.000313  0.998125  0.000313  0.000312  0.000313  0.000312  0.000313
0.000314  0.998116  0.000314  0.000314  0.000314  0.000314  0.000314
0.000319  0.998083  0.000320  0.000319  0.000320  0.000319  0.000320
0.000312  0.998125  0.000313  0.000312  0.000313  0.000312  0.000313
0.000315  0.998108  0.000315  0.000315  0.000315  0.000315  0.000315
0.000315  0.998108  0.000315  0.000315  0.000315  0.000316  0.000315
0.000317  0.998100  0.000317  0.000317  0.000317  0.000317  0.000317
0.000317  0.998100  0.000317  0.000316  0.000317  0.000317  0.000317
0.000315  0.998108  0.000315  0.000315  0.000315  0.000315  0.000315
0.000321  0.000321  0.000321  0.000321  0.998074  0.000321  0.000321
0.000317  0.998100  0.000317  0.000316  0.000317  0.000317  0.000317
0.000314  0.998117  0.000314  0.000314  0.000314  0.000314  0.000314
0.000314  0.998117  0.000314  0.000314  0.000314  0.000314  0.000314
0.000317  0.803707  0.000317  0.000317  0.000317  0.000317  0.194709
0.000315  0.915788  0.000315  0.034227  0.000315  0.000315  0.048724
0.000313  0.998125  0.000313  0.000312  0.000313  0.000313  0.000313
0.000339  0.000339  0.000339  0.000339  0.000339  0.997965  0.000339
0.000322  0.000322  0.000322  0.000322  0.000322  0.998066  0.000322
0.000341  0.000341  0.000341  0.000341  0.000341  0.997956  0.000341
0.000328  0.000328  0.000328  0.000328  0.000328  0.998030  0.000328
0.095465  0.000327  0.000327  0.000326  0.000327  0.902901  0.000327
0.000359  0.000360  0.000360  0.116829  0.000360  0.881373  0.000360
0.000314  0.000314  0.000314  0.000314  0.000314  0.998116  0.000314
0.000344  0.000344  0.000344  0.073084  0.000344  0.925196  0.000344
0.048133  0.000314  0.000314  0.000314  0.000314  0.950298  0.000314
0.000325  0.000325  0.046612  0.000325  0.000325  0.951762  0.000325
0.000331  0.000331  0.000331  0.000331  0.000331  0.998012  0.000331
0.000334  0.000334  0.000334  0.000334  0.000334  0.997994  0.000334
0.000330  0.000330  0.000330  0.000330  0.000330  0.998021  0.000330
0.000363  0.000363  0.000363  0.169792  0.000363  0.828392  0.000363
0.000333  0.000333  0.000333  0.000333  0.000333  0.998002  0.000333
0.000337  0.000338  0.000338  0.000338  0.000338  0.997974  0.000338
0.000327  0.000327  0.067889  0.000326  0.000327  0.930477  0.000327
0.000337  0.000337  0.000337  0.000337  0.000337  0.997976  0.000337
0.000327  0.000327  0.000327  0.000327  0.000327  0.998040  0.000327
0.000333  0.000333  0.000333  0.000333  0.000333  0.998003  0.000333
0.000335  0.000335  0.000335  0.000334  0.000335  0.997993  0.000334
0.000373  0.000373  0.000373  0.364968  0.000373  0.633169  0.000373
0.000322  0.000322  0.000322  0.000322  0.000322  0.000322  0.998066
0.000312  0.000313  0.000313  0.000312  0.000313  0.000312  0.998125
0.000322  0.000322  0.000322  0.000322  0.000322  0.081964  0.916424
0.000315  0.000315  0.000315  0.000315  0.000315  0.000315  0.998109
0.000315  0.000315  0.000315  0.000315  0.000315  0.000315  0.998109
0.000318  0.000318  0.000318  0.000318  0.000318  0.000318  0.998092
0.000318  0.000318  0.000318  0.000318  0.000318  0.000318  0.998092
0.000337  0.000337  0.000337  0.000338  0.000337  0.000337  0.997975
0.000318  0.000318  0.000318  0.000318  0.000318  0.000318  0.998092
0.000317  0.000317  0.000317  0.000316  0.000317  0.000317  0.998100
0.000321  0.000321  0.000321  0.000321  0.000321  0.106766  0.891630
0.000318  0.000318  0.000318  0.000318  0.000318  0.000318  0.998092
0.000324  0.000324  0.000324  0.000323  0.000324  0.000324  0.998057
0.000319  0.000320  0.000320  0.000319  0.000320  0.000319  0.998083
0.000313  0.000313  0.000313  0.000312  0.000313  0.000312  0.998125
0.000325  0.000325  0.000325  0.000325  0.000325  0.000325  0.998049
0.000311  0.000311  0.000311  0.000311  0.000311  0.000311  0.998133
0.000314  0.000314  0.000314  0.000314  0.000314  0.000314  0.998117
0.000311  0.000311  0.000311  0.000311  0.000311  0.000311  0.998133
0.000311  0.000311  0.000311  0.000311  0.000311  0.000311  0.998133
0.000315  0.000315  0.000315  0.000315  0.998109  0.000315  0.000315
0.000325  0.000325  0.000325  0.000325  0.998048  0.000325  0.000325
0.000314  0.000314  0.000314  0.000313  0.998117  0.000314  0.000314
0.000321  0.000321  0.000321  0.000321  0.998074  0.000321  0.000321
0.000318  0.000318  0.000318  0.000318  0.998092  0.000318  0.000318
0.000313  0.000313  0.000313  0.000312  0.998125  0.000313  0.000313
0.000319  0.000320  0.000320  0.000319  0.998083  0.000319  0.000320
0.000314  0.000314  0.000314  0.000314  0.998117  0.000314  0.000314
0.000319  0.000320  0.000320  0.000319  0.998083  0.000319  0.000320
0.000319  0.000320  0.000319  0.000319  0.998084  0.000319  0.000319
0.000317  0.000317  0.000317  0.000316  0.998100  0.000317  0.000317
0.000315  0.000315  0.000315  0.000315  0.998109  0.000315  0.000315
0.000319  0.000320  0.000320  0.000319  0.998083  0.000319  0.000320
0.000315  0.000315  0.000315  0.000315  0.998109  0.000315  0.000315
0.000325  0.000325  0.000325  0.000325  0.998048  0.000325  0.000325
0.000317  0.000317  0.000317  0.000317  0.871646  0.126771  0.000317
0.000321  0.000321  0.000321  0.000321  0.998075  0.000321  0.000321
0.000324  0.000324  0.000324  0.000323  0.998057  0.000324  0.000324
0.000317  0.000317  0.000317  0.000316  0.998100  0.000317  0.000317
0.000318  0.000318  0.000318  0.000318  0.998092  0.000318  0.000318
