0.000204  0.000204  0.000204  0.000204  0.000204  0.890156  0.000204  0.000204  0.000204  0.108005  0.000204
0.000206  0.000206  0.000206  0.000206  0.147800  0.850344  0.000206  0.000206  0.000206  0.000206  0.000206
0.000202  0.000202  0.000202  0.000202  0.248827  0.749359  0.000202  0.000202  0.000202  0.000202  0.000202
0.000205  0.000205  0.000205  0.000205  0.000205  0.997948  0.000205  0.000205  0.000205  0.000205  0.000205
0.000205  0.000205  0.000205  0.000205  0.208551  0.789601  0.000205  0.000205  0.000205  0.000205  0.000205
0.000205  0.000205  0.000205  0.000205  0.000205  0.997948  0.000205  0.000205  0.000205  0.000205  0.000205
0.000205  0.115793  0.000205  0.000205  0.000205  0.882360  0.000205  0.000205  0.000205  0.000205  0.000205
0.000204  0.000204  0.000204  0.115647  0.000204  0.882514  0.000204  0.000204  0.000204  0.000204  0.000204
0.000206  0.000206  0.000206  0.000206  0.000206  0.997938  0.000206  0.000206  0.000206  0.000206  0.000206
0.000202  0.000202  0.000202  0.000202  0.000202  0.997975  0.000202  0.000202  0.000202  0.000202  0.000202
0.000259  0.000259  0.000259  0.000259  0.000259  0.000259  0.000259  0.000259  0.050239  0.000259  0.947430
0.528143  0.000250  0.000250  0.000250  0.000250  0.000250  0.000250  0.000250  0.000250  0.000250  0.469602
0.997562  0.000244  0.000244  0.000244  0.000244  0.000244  0.000244  0.000244  0.000244  0.000244  0.000244
0.000278  0.000278  0.000278  0.000278  0.000278  0.000278  0.000278  0.000278  0.000278  0.000278  0.997220
0.000273  0.000273  0.000273  0.000273  0.000273  0.000273  0.000273  0.000273  0.000273  0.000273  0.997270
0.997453  0.000255  0.000255  0.000255  0.000255  0.000255  0.000255  0.000255  0.000255  0.000255  0.000255
0.997721  0.000228  0.000228  0.000228  0.000228  0.000228  0.000228  0.000228  0.000228  0.000228  0.000228
0.000216  0.261547  0.000216  0.135868  0.000216  0.000216  0.600857  0.000216  0.000216  0.000216  0.000216
0.183806  0.000281  0.000281  0.000281  0.000281  0.000281  0.000281  0.000281  0.000281  0.000281  0.813660
0.997744  0.000226  0.000226  0.000226  0.000226  0.000226  0.000226  0.000226  0.000226  0.000226  0.000226
0.000239  0.000239  0.000239  0.000239  0.000239  0.000239  0.183655  0.000239  0.000239  0.000239  0.814197
0.535784  0.000258  0.000258  0.000258  0.000258  0.000258  0.000258  0.000258  0.000258  0.000258  0.461898
0.641021  0.000221  0.000221  0.000221  0.000221  0.000221  0.356988  0.000221  0.000221  0.000221  0.000221
0.936900  0.000250  0.000250  0.000250  0.000250  0.000250  0.060846  0.000250  0.000250  0.000250  0.000250
0.780492  0.000234  0.000234  0.000234  0.000234  0.000234  0.132519  0.000234  0.000234  0.000234  0.085119
0.268424  0.000226  0.000226  0.000226  0.000226  0.000226  0.729546  0.000226  0.000226  0.000226  0.000226
0.000219  0.000219  0.000219  0.000219  0.000219  0.000219  0.997809  0.000219  0.000219  0.000219  0.000219
0.000214  0.000214  0.000214  0.000214  0.000214  0.000214  0.997861  0.000214  0.000214  0.000214  0.000214
0.000202  0.000202  0.070441  0.000202  0.927737  0.000202  0.000202  0.000202  0.000202  0.000202  0.000202
0.000203  0.000203  0.000203  0.093888  0.904282  0.000203  0.000203  0.000203  0.000203  0.000203  0.000203
0.437808  0.000252  0.000252  0.000252  0.000252  0.000252  0.000252  0.000252  0.000252  0.000252  0.559926
0.301818  0.000258  0.000258  0.000258  0.000258  0.000258  0.000258  0.000258  0.000258  0.000258  0.695864
0.000255  0.000255  0.000255  0.000255  0.000255  0.000255  0.000255  0.000255  0.000255  0.000255  0.997453
0.409474  0.000256  0.000256  0.000256  0.000256  0.000256  0.000256  0.000256  0.000256  0.000256  0.588221
0.507175  0.000210  0.000210  0.000210  0.000210  0.000210  0.490936  0.000210  0.000210  0.000210  0.000210
0.070521  0.000216  0.000216  0.000216  0.000216  0.000216  0.927535  0.000216  0.000216  0.000216  0.000216
0.997733  0.000227  0.000227  0.000227  0.000227  0.000227  0.000227  0.000227  0.000227  0.000227  0.000227
0.638818  0.000216  0.000216  0.000216  0.000216  0.000216  0.359239  0.000216  0.000216  0.000216  0.000216
0.761524  0.000235  0.000235  0.000235  0.000235  0.000235  0.236362  0.000235  0.000235  0.000235  0.000235
0.000261  0.000261  0.000261  0.000261  0.000261  0.000261  0.000261  0.000261  0.000261  0.000261  0.997395
0.997601  0.000240  0.000240  0.000240  0.000240  0.000240  0.000240  0.000240  0.000240  0.000240  0.000240
0.889671  0.000229  0.000229  0.000229  0.000229  0.000229  0.108268  0.000229  0.000229  0.000229  0.000229
0.000205  0.000205  0.502146  0.172627  0.000205  0.131140  0.000205  0.192651  0.000205  0.000205  0.000205
0.000206  0.000206  0.823069  0.000206  0.000206  0.175076  0.000206  0.000206  0.000206  0.000206  0.000206
0.000202  0.000202  0.605550  0.000202  0.000202  0.277962  0.000202  0.114875  0.000202  0.000202  0.000202
0.000207  0.072908  0.484203  0.000207  0.000207  0.441232  0.000207  0.000207  0.000207  0.000207  0.000207
0.024128  0.000206  0.804994  0.000206  0.000206  0.169229  0.000206  0.000206  0.000206  0.000206  0.000206
0.000202  0.000202  0.566657  0.000202  0.431520  0.000202  0.000202  0.000202  0.000202  0.000202  0.000202
0.000204  0.000204  0.607921  0.074386  0.000204  0.316059  0.000204  0.000204  0.000204  0.000204  0.000204
0.000212  0.000212  0.852185  0.145908  0.000212  0.000212  0.000212  0.000212  0.000212  0.000212  0.000212
0.000206  0.000206  0.841077  0.000206  0.000206  0.157068  0.000206  0.000206  0.000206  0.000206  0.000206
0.000208  0.000208  0.858302  0.000208  0.000208  0.139826  0.000208  0.000208  0.000208  0.000208  0.000208
0.000205  0.000205  0.646840  0.000205  0.000205  0.351313  0.000205  0.000205  0.000205  0.000205  0.000205
0.000208  0.000208  0.717250  0.000208  0.000208  0.280877  0.000208  0.000208  0.000208  0.000208  0.000208
0.000206  0.000206  0.997938  0.000206  0.000206  0.000206  0.000206  0.000206  0.000206  0.000206  0.000206
0.000205  0.000205  0.825201  0.000205  0.000205  0.172952  0.000205  0.000205  0.000205  0.000205  0.000205
0.000201  0.234453  0.447361  0.000201  0.316580  0.000201  0.000201  0.000201  0.000201  0.000201  0.000201
0.000205  0.000205  0.676987  0.000205  0.000205  0.321166  0.000205  0.000205  0.000205  0.000205  0.000205
0.000202  0.000202  0.834601  0.000202  0.000202  0.163577  0.000202  0.000202  0.000202  0.000202  0.000202
0.000204  0.000204  0.800186  0.000204  0.000204  0.197975  0.000204  0.000204  0.000204  0.000204  0.000204
0.000203  0.000203  0.758148  0.000203  0.000203  0.240021  0.000203  0.000203  0.000203  0.000203  0.000203
0.000206  0.000206  0.784426  0.000206  0.000206  0.213718  0.000206  0.000206  0.000206  0.000206  0.000206
0.000205  0.000205  0.705177  0.000205  0.000205  0.292976  0.000205  0.000205  0.000205  0.000205  0.000205
0.000202  0.000202  0.000202  0.997984  0.000202  0.000202  0.000202  0.000202  0.000202  0.000202  0.000202
0.000202  0.000202  0.000202  0.997975  0.000202  0.000202  0.000202  0.000202  0.000202  0.000202  0.000202
0.000203  0.000203  0.000203  0.997966  0.000203  0.000203  0.000203  0.000203  0.000203  0.000203  0.000203
0.000205  0.000205  0.000205  0.997948  0.000205  0.000205  0.000205  0.000205  0.000205  0.000205  0.000205
0.000206  0.000206  0.000206  0.997938  0.000206  0.000206  0.000206  0.000206  0.000206  0.000206  0.000206
0.000205  0.000205  0.000205  0.997948  0.000205  0.000205  0.000205  0.000205  0.000205  0.000205  0.000205
0.000201  0.000201  0.000201  0.997993  0.000201  0.000201  0.000201  0.000201  0.000201  0.000201  0.000201
0.000200  0.000200  0.000200  0.998002  0.000200  0.000200  0.000200  0.000200  0.000200  0.000200  0.000200
0.000201  0.000201  0.000201  0.997993  0.000201  0.000201  0.000201  0.000201  0.000201  0.000201  0.000201
0.000202  0.000202  0.000202  0.997984  0.000202  0.000202  0.000202  0.000202  0.000202  0.000202  0.000202
0.000202  0.000202  0.000202  0.997975  0.000202  0.000202  0.000202  0.000202  0.000202  0.000202  0.000202
0.000210  0.000210  0.000210  0.997900  0.000210  0.000210  0.000210  0.000210  0.000210  0.000210  0.000210
0.000201  0.000201  0.000201  0.997993  0.000201  0.000201  0.000201  0.000201  0.000201  0.000201  0.000201
0.000202  0.000202  0.000202  0.997984  0.000202  0.000202  0.000202  0.000202  0.000202  0.000202  0.000202
0.000202  0.000202  0.000202  0.997975  0.000202  0.000202  0.000202  0.000202  0.000202  0.000202  0.000202
0.000202  0.000202  0.000202  0.997975  0.000202  0.000202  0.000202  0.000202  0.000202  0.000202  0.000202
0.000202  0.000202  0.000202  0.997975  0.000202  0.000202  0.000202  0.000202  0.000202  0.000202  0.000202
0.000204  0.000204  0.000204  0.997957  0.000204  0.000204  0.000204  0.000204  0.000204  0.000204  0.000204
0.000201  0.000201  0.000201  0.997993  0.000201  0.000201  0.000201  0.000201  0.000201  0.000201  0.000201
0.000202  0.000202  0.000202  0.997975  0.000202  0.000202  0.000202  0.000202  0.000202  0.000202  0.000202
0.000202  0.000202  0.000202  0.310552  0.000202  0.687626  0.000202  0.000202  0.000202  0.000202  0.000202
0.000204  0.000204  0.000204  0.000204  0.000204  0.997957  0.000204  0.000204  0.000204  0.000204  0.000204
0.000203  0.000203  0.000203  0.117771  0.000203  0.880398  0.000203  0.000203  0.000203  0.000203  0.000203
0.000205  0.000205  0.000205  0.000205  0.000205  0.997948  0.000205  0.000205  0.000205  0.000205  0.000205
0.000216  0.000216  0.000216  0.000216  0.000216  0.997840  0.000216  0.000216  0.000216  0.000216  0.000216
0.000202  0.000202  0.000202  0.000202  0.000202  0.997984  0.000202  0.000202  0.000202  0.000202  0.000202
0.000205  0.000205  0.000205  0.000205  0.000205  0.997948  0.000205  0.000205  0.000205  0.000205  0.000205
0.000204  0.000204  0.000204  0.000204  0.000204  0.997957  0.000204  0.000204  0.000204  0.000204  0.000204
0.000204  0.000204  0.000204  0.000204  0.000204  0.997957  0.000204  0.000204  0.000204  0.000204  0.000204
0.000207  0.000207  0.000207  0.000207  0.000207  0.997929  0.000207  0.000207  0.000207  0.000207  0.000207
0.000202  0.000202  0.000202  0.000202  0.000202  0.997984  0.000202  0.000202  0.000202  0.000202  0.000202
0.000210  0.000210  0.000210  0.000210  0.000210  0.997900  0.000210  0.000210  0.000210  0.000210  0.000210
0.000202  0.000202  0.000202  0.000202  0.000202  0.786948  0.000202  0.000202  0.000202  0.211237  0.000202
0.000202  0.000202  0.000202  0.000202  0.000202  0.997984  0.000202  0.000202  0.000202  0.000202  0.000202
0.000203  0.000203  0.000203  0.000203  0.000203  0.997966  0.000203  0.000203  0.000203  0.000203  0.000203
0.000203  0.000203  0.000203  0.000203  0.000203  0.997966  0.000203  0.000203  0.000203  0.000203  0.000203
0.000200  0.000200  0.000200  0.000200  0.000200  0.998002  0.000200  0.000200  0.000200  0.000200  0.000200
0.000208  0.000208  0.000208  0.000208  0.000208  0.997919  0.000208  0.000208  0.000208  0.000208  0.000208
0.000203  0.000203  0.000203  0.000203  0.000203  0.997966  0.000203  0.000203  0.000203  0.000203  0.000203
0.000202  0.000202  0.000202  0.000202  0.000202  0.997984  0.000202  0.000202  0.000202  0.000202  0.000202
0.000206  0.000206  0.997938  0.000206  0.000206  0.000206  0.000206  0.000206  0.000206  0.000206  0.000206
0.000204  0.000204  0.997957  0.000204  0.000204  0.000204  0.000204  0.000204  0.000204  0.000204  0.000204
0.000206  0.000206  0.997938  0.000206  0.000206  0.000206  0.000206  0.000206  0.000206  0.000206  0.000206
0.000203  0.000203  0.997966  0.000203  0.000203  0.000203  0.000203  0.000203  0.000203  0.000203  0.000203
0.000205  0.000205  0.997948  0.000205  0.000205  0.000205  0.000205  0.000205  0.000205  0.000205  0.000205
0.000204  0.000204  0.997957  0.000204  0.000204  0.000204  0.000204  0.000204  0.000204  0.000204  0.000204
0.000204  0.000204  0.997957  0.000204  0.000204  0.000204  0.000204  0.000204  0.000204  0.000204  0.000204
0.000202  0.000202  0.997975  0.000202  0.000202  0.000202  0.000202  0.000202  0.000202  0.000202  0.000202
0.000203  0.000203  0.997966  0.000203  0.000203  0.000203  0.000203  0.000203  0.000203  0.000203  0.000203
0.000202  0.000202  0.997975  0.000202  0.000202  0.000202  0.000202  0.000202  0.000202  0.000202  0.000202
0.000207  0.000207  0.997929  0.000207  0.000207  0.000207  0.000207  0.000207  0.000207  0.000207  0.000207
0.000204  0.000204  0.997957  0.000204  0.000204  0.000204  0.000204  0.000204  0.000204  0.000204  0.000204
0.000200  0.000200  0.998002  0.000200  0.000200  0.000200  0.000200  0.000200  0.000200  0.000200  0.000200
0.000203  0.000203  0.997966  0.000203  0.000203  0.000203  0.000203  0.000203  0.000203  0.000203  0.000203
0.000202  0.000202  0.997975  0.000202  0.000202  0.000202  0.000202  0.000202  0.000202  0.000202  0.000202
0.000200  0.000200  0.864700  0.000200  0.000200  0.000200  0.000200  0.000200  0.000200  0.133502  0.000200
0.000204  0.000204  0.997957  0.000204  0.000204  0.000204  0.000204  0.000204  0.000204  0.000204  0.000204
0.000203  0.000203  0.997966  0.000203  0.000203  0.000203  0.000203  0.000203  0.000203  0.000203  0.000203
0.000202  0.000202  0.997984  0.000202  0.000202  0.000202  0.000202  0.000202  0.000202  0.000202  0.000202
0.000204  0.000204  0.997957  0.000204  0.000204  0.000204  0.000204  0.000204  0.000204  0.000204  0.000204
0.000196  0.000196  0.000196  0.000196  0.000196  0.000196  0.000196  0.000196  0.998036  0.000196  0.000196
0.000201  0.000201  0.000201  0.000201  0.000201  0.000201  0.000201  0.000201  0.997993  0.000201  0.000201
0.000204  0.000204  0.000204  0.000204  0.000204  0.000204  0.000204  0.000204  0.997957  0.000204  0.000204
0.000201  0.000201  0.000201  0.000201  0.000201  0.000201  0.000201  0.000201  0.997993  0.000201  0.000201
0.000196  0.000196  0.000196  0.000196  0.000196  0.000196  0.000196  0.000196  0.998036  0.000196  0.000196
0.000200  0.000200  0.000200  0.000200  0.000200  0.000200  0.000200  0.000200  0.998002  0.000200  0.000200
0.000200  0.000200  0.000200  0.000200  0.000200  0.000200  0.000200  0.000200  0.998002  0.000200  0.000200
0.000199  0.000199  0.000199  0.000199  0.000199  0.000199  0.000199  0.000199  0.998011  0.000199  0.000199
0.000200  0.000200  0.000200  0.000200  0.000200  0.000200  0.000200  0.000200  0.998002  0.000200  0.000200
0.000201  0.000201  0.000201  0.000201  0.000201  0.000201  0.000201  0.000201  0.997993  0.000201  0.000201
0.000202  0.000202  0.000202  0.000202  0.000202  0.000202  0.000202  0.000202  0.997975  0.000202  0.000202
0.000197  0.000197  0.000197  0.000197  0.000197  0.000197  0.000197  0.000197  0.998028  0.000197  0.000197
0.000206  0.000206  0.000206  0.000206  0.000206  0.000206  0.000206  0.000206  0.997938  0.000206  0.000206
0.000202  0.000202  0.000202  0.000202  0.000202  0.000202  0.000202  0.000202  0.997975  0.000202  0.000202
0.000206  0.000206  0.000206  0.000206  0.000206  0.000206  0.000206  0.000206  0.997938  0.000206  0.000206
0.000207  0.936273  0.000207  0.000207  0.000207  0.000207  0.000207  0.000207  0.061863  0.000207  0.000207
0.000207  0.834852  0.000207  0.000207  0.000207  0.000207  0.000207  0.000207  0.000207  0.163284  0.000207
0.000215  0.643431  0.000215  0.000215  0.000215  0.000215  0.000215  0.254178  0.100671  0.000215  0.000215
0.000203  0.837254  0.000203  0.000203  0.160915  0.000203  0.000203  0.000203  0.000203  0.000203  0.000203
0.000212  0.798097  0.000212  0.000212  0.000212  0.000212  0.000212  0.199995  0.000212  0.000212  0.000212
0.000230  0.747418  0.000230  0.000230  0.000230  0.000230  0.150034  0.000230  0.000230  0.000230  0.100706
0.000205  0.810424  0.000205  0.086006  0.000205  0.000205  0.000205  0.000205  0.101928  0.000205  0.000205
0.000217  0.582962  0.000217  0.201387  0.000217  0.000217  0.000217  0.213915  0.000217  0.000217  0.000217
0.000210  0.850896  0.000210  0.000210  0.000210  0.000210  0.000210  0.000210  0.000210  0.147214  0.000210
0.000204  0.768743  0.000204  0.000204  0.000204  0.000204  0.000204  0.000204  0.000204  0.229418  0.000204
0.000221  0.625947  0.000221  0.000221  0.000221  0.000221  0.000221  0.000221  0.000221  0.000221  0.372062
0.000209  0.722916  0.000209  0.170933  0.000209  0.104479  0.000209  0.000209  0.000209  0.000209  0.000209
0.000211  0.578102  0.000211  0.000211  0.000211  0.000211  0.000211  0.000211  0.000211  0.419999  0.000211
0.000206  0.784493  0.000206  0.000206  0.000206  0.000206  0.000206  0.000206  0.000206  0.213652  0.000206
0.000212  0.493671  0.000212  0.000212  0.000212  0.000212  0.153711  0.000212  0.000212  0.350923  0.000212
0.000208  0.661928  0.229659  0.000208  0.000208  0.106749  0.000208  0.000208  0.000208  0.000208  0.000208
0.000215  0.000215  0.000215  0.000215  0.462981  0.000215  0.000215  0.000215  0.331279  0.204020  0.000215
0.000207  0.752257  0.000207  0.000207  0.183052  0.000207  0.000207  0.000207  0.063034  0.000207  0.000207
0.000202  0.000202  0.000202  0.353102  0.000202  0.000202  0.000202  0.000202  0.337259  0.308026  0.000202
0.000205  0.727122  0.000205  0.152647  0.000205  0.000205  0.000205  0.000205  0.000205  0.118589  0.000205
0.000212  0.646247  0.000212  0.000212  0.351845  0.000212  0.000212  0.000212  0.000212  0.000212  0.000212
0.000203  0.070877  0.000203  0.000203  0.000203  0.000203  0.927292  0.000203  0.000203  0.000203  0.000203
0.000206  0.209415  0.000206  0.000206  0.000206  0.000206  0.788729  0.000206  0.000206  0.000206  0.000206
0.000208  0.153535  0.000208  0.000208  0.000208  0.000208  0.844592  0.000208  0.000208  0.000208  0.000208
0.000193  0.193487  0.000193  0.167184  0.000193  0.000193  0.637784  0.000193  0.000193  0.000193  0.000193
0.000201  0.153351  0.000201  0.000201  0.000201  0.000201  0.795927  0.000201  0.000201  0.000201  0.049116
0.000204  0.000204  0.000204  0.145590  0.000204  0.000204  0.852572  0.000204  0.000204  0.000204  0.000204
0.000285  0.000285  0.000285  0.000285  0.000285  0.000285  0.149505  0.000285  0.000285  0.000285  0.847930
0.000271  0.000271  0.000271  0.000271  0.000271  0.000271  0.000271  0.000271  0.000271  0.000271  0.997286
0.000281  0.000281  0.000281  0.000281  0.000281  0.000281  0.000281  0.000281  0.000281  0.000281  0.997185
0.000273  0.000273  0.000273  0.000273  0.000273  0.000273  0.000273  0.000273  0.000273  0.000273  0.997270
0.000259  0.000259  0.000259  0.000259  0.000259  0.000259  0.000259  0.000259  0.000259  0.000259  0.997410
0.390842  0.000237  0.000237  0.000237  0.000237  0.000237  0.607021  0.000237  0.000237  0.000237  0.000237
0.000245  0.000245  0.000245  0.000245  0.000245  0.000245  0.000245  0.000245  0.000245  0.000245  0.997549
0.662340  0.000264  0.000264  0.000264  0.000264  0.000264  0.000264  0.000264  0.000264  0.000264  0.335289
0.000265  0.000265  0.000265  0.000265  0.000265  0.000265  0.243095  0.000265  0.000265  0.000265  0.754519
0.673852  0.000227  0.000227  0.000227  0.000227  0.000227  0.324107  0.000227  0.000227  0.000227  0.000227
0.393790  0.000220  0.000220  0.000220  0.000220  0.000220  0.604229  0.000220  0.000220  0.000220  0.000220
0.793333  0.000226  0.000226  0.000226  0.000226  0.000226  0.204637  0.000226  0.000226  0.000226  0.000226
0.000206  0.000206  0.778196  0.000206  0.000206  0.219949  0.000206  0.000206  0.000206  0.000206  0.000206
0.000201  0.097736  0.813243  0.000201  0.000201  0.000201  0.000201  0.087415  0.000201  0.000201  0.000201
0.000207  0.167484  0.684353  0.146506  0.000207  0.000207  0.000207  0.000207  0.000207  0.000207  0.000207
0.000209  0.000209  0.755499  0.000209  0.000209  0.242620  0.000209  0.000209  0.000209  0.000209  0.000209
0.000211  0.000211  0.750076  0.000211  0.000211  0.248025  0.000211  0.000211  0.000211  0.000211  0.000211
0.000207  0.000207  0.738291  0.000207  0.000207  0.259845  0.000207  0.000207  0.000207  0.000207  0.000207
0.000199  0.071043  0.927167  0.000199  0.000199  0.000199  0.000199  0.000199  0.000199  0.000199  0.000199
0.000206  0.000206  0.625892  0.231563  0.140896  0.000206  0.000206  0.000206  0.000206  0.000206  0.000206
0.000208  0.000208  0.780719  0.217409  0.000208  0.000208  0.000208  0.000208  0.000208  0.000208  0.000208
0.000207  0.033376  0.719278  0.245689  0.000207  0.000207  0.000207  0.000207  0.000207  0.000207  0.000207
0.000200  0.000200  0.768774  0.000200  0.000200  0.229427  0.000200  0.000200  0.000200  0.000200  0.000200
0.000203  0.000203  0.451963  0.201756  0.000203  0.344653  0.000203  0.000203  0.000203  0.000203  0.000203
0.000211  0.000211  0.758845  0.112717  0.000211  0.126751  0.000211  0.000211  0.000211  0.000211  0.000211
0.000211  0.000211  0.821115  0.000211  0.000211  0.000211  0.000211  0.176987  0.000211  0.000211  0.000211
0.000203  0.000203  0.000203  0.000203  0.997966  0.000203  0.000203  0.000203  0.000203  0.000203  0.000203
0.000204  0.000204  0.000204  0.000204  0.997957  0.000204  0.000204  0.000204  0.000204  0.000204  0.000204
0.000202  0.000202  0.000202  0.000202  0.997984  0.000202  0.000202  0.000202  0.000202  0.000202  0.000202
0.000202  0.000202  0.000202  0.000202  0.997975  0.000202  0.000202  0.000202  0.000202  0.000202  0.000202
0.000202  0.000202  0.000202  0.000202  0.997975  0.000202  0.000202  0.000202  0.000202  0.000202  0.000202
0.000206  0.000206  0.000206  0.000206  0.997938  0.000206  0.000206  0.000206  0.000206  0.000206  0.000206
0.000202  0.000202  0.000202  0.000202  0.997975  0.000202  0.000202  0.000202  0.000202  0.000202  0.000202
0.000202  0.000202  0.000202  0.000202  0.997975  0.000202  0.000202  0.000202  0.000202  0.000202  0.000202
0.000204  0.000204  0.000204  0.000204  0.997957  0.000204  0.000204  0.000204  0.000204  0.000204  0.000204
0.000204  0.000204  0.000204  0.000204  0.997957  0.000204  0.000204  0.000204  0.000204  0.000204  0.000204
0.000204  0.000204  0.000204  0.000204  0.997957  0.000204  0.000204  0.000204  0.000204  0.000204  0.000204
0.000200  0.000200  0.000200  0.000200  0.998002  0.000200  0.000200  0.000200  0.000200  0.000200  0.000200
0.000202  0.000202  0.000202  0.000202  0.997975  0.000202  0.000202  0.000202  0.000202  0.000202  0.000202
0.000204  0.000204  0.000204  0.000204  0.997957  0.000204  0.000204  0.000204  0.000204  0.000204  0.000204
0.000202  0.000202  0.000202  0.000202  0.997984  0.000202  0.000202  0.000202  0.000202  0.000202  0.000202
0.000203  0.000203  0.000203  0.000203  0.997966  0.000203  0.000203  0.000203  0.000203  0.000203  0.000203
0.000200  0.000200  0.000200  0.000200  0.998002  0.000200  0.000200  0.000200  0.000200  0.000200  0.000200
0.000199  0.000199  0.000199  0.000199  0.998011  0.000199  0.000199  0.000199  0.000199  0.000199  0.000199
0.000202  0.000202  0.000202  0.000202  0.997984  0.000202  0.000202  0.000202  0.000202  0.000202  0.000202
0.000201  0.000201  0.142950  0.000201  0.855244  0.000201  0.000201  0.000201  0.000201  0.000201  0.000201
0.000202  0.000202  0.000202  0.000202  0.997984  0.000202  0.000202  0.000202  0.000202  0.000202  0.000202
0.304464  0.000262  0.000262  0.000262  0.000262  0.000262  0.000262  0.000262  0.000262  0.000262  0.693178
0.819674  0.000227  0.000227  0.000227  0.000227  0.000227  0.000227  0.000227  0.000227  0.178285  0.000227
0.176139  0.000264  0.000264  0.000264  0.000264  0.000264  0.000264  0.000264  0.000264  0.000264  0.821490
0.200148  0.000219  0.000219  0.228439  0.000219  0.000219  0.527309  0.000219  0.042570  0.000219  0.000219
0.997302  0.000270  0.000270  0.000270  0.000270  0.000270  0.000270  0.000270  0.000270  0.000270  0.000270
0.420511  0.000276  0.000276  0.000276  0.000276  0.000276  0.000276  0.000276  0.000276  0.000276  0.577002
0.997563  0.000244  0.000244  0.000244  0.000244  0.000244  0.000244  0.000244  0.000244  0.000244  0.000244
0.997495  0.000250  0.000250  0.000250  0.000250  0.000250  0.000250  0.000250  0.000250  0.000250  0.000250
0.000267  0.000267  0.000267  0.000267  0.000267  0.000267  0.000267  0.000267  0.000267  0.000267  0.997334
0.617364  0.000265  0.000265  0.000265  0.000265  0.000265  0.000265  0.000265  0.000265  0.000265  0.380251
0.000300  0.000300  0.000300  0.000300  0.000300  0.000300  0.000300  0.000300  0.000300  0.000300  0.996999
0.000289  0.000289  0.000289  0.000289  0.000289  0.000289  0.000289  0.000289  0.000289  0.000289  0.997114
0.000265  0.000265  0.000265  0.000265  0.000265  0.000265  0.000265  0.000265  0.000265  0.000265  0.997349
0.000208  0.030398  0.000208  0.275830  0.535878  0.156438  0.000208  0.000208  0.000208  0.000208  0.000208
0.000202  0.000202  0.000202  0.000202  0.836834  0.161352  0.000202  0.000202  0.000202  0.000202  0.000202
0.000204  0.000204  0.000204  0.333263  0.377565  0.000204  0.000204  0.158928  0.000204  0.128813  0.000204
0.000202  0.000202  0.000202  0.187858  0.810320  0.000202  0.000202  0.000202  0.000202  0.000202  0.000202
0.000205  0.000205  0.000205  0.143021  0.855132  0.000205  0.000205  0.000205  0.000205  0.000205  0.000205
0.000201  0.000201  0.000201  0.000201  0.682853  0.315341  0.000201  0.000201  0.000201  0.000201  0.000201
0.000208  0.052128  0.000208  0.200178  0.746030  0.000208  0.000208  0.000208  0.000208  0.000208  0.000208
0.000203  0.052312  0.000203  0.259738  0.686323  0.000203  0.000203  0.000203  0.000203  0.000203  0.000203
0.000202  0.000202  0.000202  0.262715  0.735463  0.000202  0.000202  0.000202  0.000202  0.000202  0.000202
0.000204  0.000204  0.000204  0.000204  0.819389  0.178772  0.000204  0.000204  0.000204  0.000204  0.000204
0.000204  0.000204  0.000204  0.094701  0.903460  0.000204  0.000204  0.000204  0.000204  0.000204  0.000204
0.000200  0.000200  0.000200  0.173914  0.520949  0.000200  0.000200  0.000200  0.000200  0.303539  0.000200
0.000205  0.030170  0.000205  0.098175  0.870013  0.000205  0.000205  0.000205  0.000205  0.000205  0.000205
0.000208  0.099141  0.000208  0.000208  0.898987  0.000208  0.000208  0.000208  0.000208  0.000208  0.000208
0.000204  0.106720  0.000204  0.239556  0.652090  0.000204  0.000204  0.000204  0.000204  0.000204  0.000204
0.000208  0.000208  0.000208  0.295969  0.702159  0.000208  0.000208  0.000208  0.000208  0.000208  0.000208
0.000207  0.000207  0.000207  0.000207  0.900047  0.000207  0.000207  0.098089  0.000207  0.000207  0.000207
0.000205  0.000205  0.000205  0.393101  0.605052  0.000205  0.000205  0.000205  0.000205  0.000205  0.000205
0.000203  0.000203  0.170556  0.207441  0.620375  0.000203  0.000203  0.000203  0.000203  0.000203  0.000203
0.000206  0.000206  0.000206  0.219481  0.612486  0.000206  0.000206  0.000206  0.000206  0.166383  0.000206
0.000208  0.000208  0.000208  0.116532  0.881596  0.000208  0.000208  0.000208  0.000208  0.000208  0.000208
0.000207  0.000207  0.000207  0.639814  0.000207  0.000207  0.000207  0.000207  0.000207  0.358322  0.000207
0.000204  0.000204  0.000204  0.505640  0.492521  0.000204  0.000204  0.000204  0.000204  0.000204  0.000204
0.000214  0.000214  0.456827  0.256014  0.000214  0.000214  0.000214  0.000214  0.000214  0.285448  0.000214
0.000208  0.000208  0.335020  0.433045  0.230270  0.000208  0.000208  0.000208  0.000208  0.000208  0.000208
0.000203  0.000203  0.000203  0.514884  0.483286  0.000203  0.000203  0.000203  0.000203  0.000203  0.000203
0.000204  0.000204  0.236737  0.237614  0.524014  0.000204  0.000204  0.000204  0.000204  0.000204  0.000204
0.000204  0.000204  0.430994  0.362735  0.000204  0.000204  0.000204  0.204636  0.000204  0.000204  0.000204
0.000206  0.000206  0.000206  0.565287  0.432858  0.000206  0.000206  0.000206  0.000206  0.000206  0.000206
0.000201  0.000201  0.378327  0.425158  0.000201  0.000201  0.000201  0.000201  0.000201  0.194909  0.000201
0.000202  0.132039  0.477293  0.270130  0.000202  0.000202  0.000202  0.000202  0.000202  0.119121  0.000202
0.000203  0.000203  0.000203  0.488524  0.509645  0.000203  0.000203  0.000203  0.000203  0.000203  0.000203
0.000205  0.000205  0.000205  0.410679  0.587474  0.000205  0.000205  0.000205  0.000205  0.000205  0.000205
0.000203  0.000203  0.000203  0.394191  0.447308  0.156875  0.000203  0.000203  0.000203  0.000203  0.000203
0.000211  0.000211  0.000211  0.462421  0.535681  0.000211  0.000211  0.000211  0.000211  0.000211  0.000211
0.000207  0.000207  0.000207  0.374730  0.623406  0.000207  0.000207  0.000207  0.000207  0.000207  0.000207
0.000206  0.000206  0.000206  0.483757  0.514387  0.000206  0.000206  0.000206  0.000206  0.000206  0.000206
0.000205  0.000205  0.470745  0.344316  0.000205  0.000205  0.000205  0.000205  0.000205  0.183297  0.000205
0.000210  0.000210  0.401689  0.274894  0.321737  0.000210  0.000210  0.000210  0.000210  0.000210  0.000210
0.000205  0.000205  0.000205  0.494485  0.503668  0.000205  0.000205  0.000205  0.000205  0.000205  0.000205
0.000206  0.000206  0.000206  0.687166  0.000206  0.000206  0.000206  0.000206  0.000206  0.310978  0.000206
0.000213  0.000213  0.000213  0.530067  0.468016  0.000213  0.000213  0.000213  0.000213  0.000213  0.000213
0.000206  0.000206  0.000206  0.000206  0.997938  0.000206  0.000206  0.000206  0.000206  0.000206  0.000206
0.000209  0.000209  0.000209  0.000209  0.997910  0.000209  0.000209  0.000209  0.000209  0.000209  0.000209
0.000214  0.000214  0.000214  0.000214  0.997861  0.000214  0.000214  0.000214  0.000214  0.000214  0.000214
0.000204  0.000204  0.000204  0.105202  0.892959  0.000204  0.000204  0.000204  0.000204  0.000204  0.000204
0.000207  0.000207  0.000207  0.000207  0.997929  0.000207  0.000207  0.000207  0.000207  0.000207  0.000207
0.000208  0.000208  0.000208  0.000208  0.997919  0.000208  0.000208  0.000208  0.000208  0.000208  0.000208
0.000203  0.000203  0.000203  0.000203  0.997966  0.000203  0.000203  0.000203  0.000203  0.000203  0.000203
0.000208  0.000208  0.000208  0.000208  0.997919  0.000208  0.000208  0.000208  0.000208  0.000208  0.000208
0.000204  0.000204  0.000204  0.000204  0.997957  0.000204  0.000204  0.000204  0.000204  0.000204  0.000204
0.000202  0.000202  0.000202  0.000202  0.997984  0.000202  0.000202  0.000202  0.000202  0.000202  0.000202
0.000205  0.000205  0.000205  0.000205  0.997948  0.000205  0.000205  0.000205  0.000205  0.000205  0.000205
0.000205  0.000205  0.000205  0.000205  0.997948  0.000205  0.000205  0.000205  0.000205  0.000205  0.000205
0.000209  0.000209  0.000209  0.000209  0.689070  0.309049  0.000209  0.000209  0.000209  0.000209  0.000209
0.000207  0.000207  0.000207  0.000207  0.997929  0.000207  0.000207  0.000207  0.000207  0.000207  0.000207
0.000207  0.000207  0.000207  0.000207  0.997929  0.000207  0.000207  0.000207  0.000207  0.000207  0.000207
0.000207  0.000207  0.000207  0.000207  0.890412  0.107724  0.000207  0.000207  0.000207  0.000207  0.000207
0.000208  0.000208  0.000208  0.000208  0.997919  0.000208  0.000208  0.000208  0.000208  0.000208  0.000208
0.000208  0.000208  0.000208  0.000208  0.997919  0.000208  0.000208  0.000208  0.000208  0.000208  0.000208
0.000212  0.000212  0.000212  0.000212  0.753668  0.000212  0.000212  0.000212  0.000212  0.244425  0.000212
0.000198  0.000198  0.000198  0.000198  0.000198  0.000198  0.000198  0.000198  0.000198  0.998019  0.000198
0.000204  0.000204  0.000204  0.000204  0.000204  0.000204  0.000204  0.000204  0.000204  0.997957  0.000204
0.000202  0.000202  0.000202  0.000202  0.000202  0.000202  0.000202  0.000202  0.000202  0.997984  0.000202
0.000199  0.000199  0.000199  0.000199  0.000199  0.000199  0.000199  0.000199  0.000199  0.998011  0.000199
0.000198  0.000198  0.000198  0.000198  0.000198  0.000198  0.000198  0.000198  0.000198  0.998019  0.000198
0.000198  0.000198  0.000198  0.000198  0.000198  0.000198  0.000198  0.000198  0.000198  0.998019  0.000198
0.000199  0.000199  0.000199  0.000199  0.000199  0.000199  0.000199  0.000199  0.000199  0.998011  0.000199
0.000202  0.000202  0.000202  0.000202  0.000202  0.000202  0.000202  0.000202  0.000202  0.997975  0.000202
0.000198  0.000198  0.000198  0.000198  0.000198  0.000198  0.000198  0.000198  0.000198  0.998019  0.000198
0.000200  0.000200  0.000200  0.137498  0.000200  0.000200  0.000200  0.000200  0.000200  0.860704  0.000200
0.000200  0.000200  0.000200  0.000200  0.000200  0.000200  0.000200  0.000200  0.000200  0.998002  0.000200
0.000201  0.000201  0.000201  0.000201  0.000201  0.000201  0.000201  0.000201  0.000201  0.997993  0.000201
0.000201  0.000201  0.000201  0.000201  0.000201  0.000201  0.000201  0.000201  0.000201  0.997993  0.000201
0.000200  0.000200  0.000200  0.000200  0.000200  0.000200  0.000200  0.000200  0.000200  0.998002  0.000200
0.000203  0.000203  0.000203  0.000203  0.000203  0.000203  0.000203  0.000203  0.000203  0.997966  0.000203
0.000201  0.000201  0.000201  0.000201  0.000201  0.000201  0.000201  0.000201  0.000201  0.997993  0.000201
0.000199  0.000199  0.000199  0.000199  0.000199  0.000199  0.000199  0.000199  0.000199  0.998011  0.000199
0.000199  0.000199  0.000199  0.000199  0.000199  0.000199  0.000199  0.000199  0.000199  0.998011  0.000199
0.000201  0.000201  0.000201  0.000201  0.000201  0.000201  0.000201  0.000201  0.000201  0.997993  0.000201
0.000200  0.000200  0.000200  0.000200  0.000200  0.000200  0.000200  0.000200  0.000200  0.998002  0.000200
0.000198  0.000198  0.000198  0.000198  0.000198  0.000198  0.000198  0.000198  0.000198  0.998019  0.000198
0.000215  0.000215  0.000215  0.000215  0.000215  0.000215  0.997851  0.000215  0.000215  0.000215  0.000215
0.000204  0.000204  0.000204  0.000204  0.000204  0.000204  0.997957  0.000204  0.000204  0.000204  0.000204
0.000216  0.000216  0.000216  0.000216  0.000216  0.000216  0.997840  0.000216  0.000216  0.000216  0.000216
0.000208  0.000208  0.000208  0.000208  0.000208  0.000208  0.997919  0.000208  0.000208  0.000208  0.000208
0.000207  0.000207  0.000207  0.000207  0.000207  0.000207  0.997929  0.000207  0.000207  0.000207  0.000207
0.441230  0.000228  0.000228  0.000228  0.000228  0.000228  0.556719  0.000228  0.000228  0.000228  0.000228
0.000199  0.000199  0.000199  0.000199  0.000199  0.000199  0.998011  0.000199  0.000199  0.000199  0.000199
0.219860  0.000218  0.000218  0.000218  0.000218  0.000218  0.778177  0.000218  0.000218  0.000218  0.000218
0.000199  0.000199  0.000199  0.000199  0.000199  0.000199  0.998011  0.000199  0.000199  0.000199  0.000199
0.000206  0.000206  0.000206  0.000206  0.000206  0.000206  0.997938  0.000206  0.000206  0.000206  0.000206
0.000210  0.000210  0.000210  0.000210  0.000210  0.000210  0.997900  0.000210  0.000210  0.000210  0.000210
0.000212  0.000212  0.000212  0.000212  0.000212  0.000212  0.997881  0.000212  0.000212  0.000212  0.000212
0.000209  0.000209  0.000209  0.000209  0.000209  0.000209  0.997910  0.000209  0.000209  0.000209  0.000209
0.601768  0.000230  0.000230  0.000230  0.000230  0.000230  0.396160  0.000230  0.000230  0.000230  0.000230
0.000211  0.000211  0.000211  0.000211  0.000211  0.000211  0.997890  0.000211  0.000211  0.000211  0.000211
0.185775  0.000214  0.000214  0.000214  0.000214  0.000214  0.812299  0.000214  0.000214  0.000214  0.000214
0.000207  0.000207  0.000207  0.000207  0.000207  0.000207  0.997929  0.000207  0.000207  0.000207  0.000207
0.000214  0.000214  0.000214  0.000214  0.000214  0.000214  0.997861  0.000214  0.000214  0.000214  0.000214
0.000207  0.000207  0.000207  0.000207  0.000207  0.000207  0.997929  0.000207  0.000207  0.000207  0.000207
0.161915  0.000211  0.000211  0.000211  0.000211  0.000211  0.836187  0.000211  0.000211  0.000211  0.000211
0.000212  0.000212  0.000212  0.000212  0.000212  0.000212  0.997881  0.000212  0.000212  0.000212  0.000212
0.838861  0.000236  0.000236  0.000236  0.000236  0.000236  0.159014  0.000236  0.000236  0.000236  0.000236
0.000204  0.000204  0.000204  0.000204  0.000204  0.000204  0.000204  0.997957  0.000204  0.000204  0.000204
0.000198  0.000198  0.000198  0.000198  0.000198  0.000198  0.000198  0.998019  0.000198  0.000198  0.000198
0.000204  0.000204  0.000204  0.000204  0.000204  0.000204  0.000204  0.997957  0.000204  0.000204  0.000204
0.000200  0.000200  0.000200  0.000200  0.000200  0.000200  0.000200  0.998002  0.000200  0.000200  0.000200
0.000200  0.000200  0.000200  0.000200  0.000200  0.000200  0.000200  0.998002  0.000200  0.000200  0.000200
0.000202  0.000202  0.000202  0.000202  0.000202  0.000202  0.000202  0.997984  0.000202  0.000202  0.000202
0.000202  0.000202  0.000202  0.000202  0.000202  0.000202  0.000202  0.997984  0.000202  0.000202  0.000202
0.000214  0.000214  0.000214  0.000214  0.000214  0.000214  0.000214  0.997861  0.000214  0.000214  0.000214
0.000202  0.000202  0.000202  0.000202  0.000202  0.000202  0.000202  0.997984  0.000202  0.000202  0.000202
0.000201  0.000201  0.000201  0.000201  0.000201  0.000201  0.000201  0.997993  0.000201  0.000201  0.000201
0.000203  0.000203  0.000203  0.000203  0.000203  0.000203  0.000203  0.997966  0.000203  0.000203  0.000203
0.000202  0.000202  0.000202  0.000202  0.000202  0.000202  0.000202  0.997984  0.000202  0.000202  0.000202
0.000205  0.000205  0.000205  0.000205  0.000205  0.000205  0.000205  0.997948  0.000205  0.000205  0.000205
0.000202  0.000202  0.000202  0.000202  0.000202  0.000202  0.000202  0.997975  0.000202  0.000202  0.000202
0.000198  0.000198  0.000198  0.000198  0.000198  0.000198  0.000198  0.998019  0.000198  0.000198  0.000198
0.000206  0.000206  0.000206  0.000206  0.000206  0.000206  0.000206  0.997938  0.000206  0.000206  0.000206
0.000197  0.000197  0.000197  0.000197  0.000197  0.000197  0.000197  0.998028  0.000197  0.000197  0.000197
0.000199  0.000199  0.000199  0.000199  0.000199  0.000199  0.000199  0.998011  0.000199  0.000199  0.000199
0.000197  0.000197  0.000197  0.000197  0.000197  0.000197  0.000197  0.998028  0.000197  0.000197  0.000197
0.000197  0.000197  0.000197  0.000197  0.000197  0.000197  0.000197  0.998028  0.000197  0.000197  0.000197
0.000200  0.998002  0.000200  0.000200  0.000200  0.000200  0.000200  0.000200  0.000200  0.000200  0.000200
0.000206  0.997938  0.000206  0.000206  0.000206  0.000206  0.000206  0.000206  0.000206  0.000206  0.000206
0.000199  0.998011  0.000199  0.000199  0.000199  0.000199  0.000199  0.000199  0.000199  0.000199  0.000199
0.000203  0.997966  0.000203  0.000203  0.000203  0.000203  0.000203  0.000203  0.000203  0.000203  0.000203
0.000202  0.997984  0.000202  0.000202  0.000202  0.000202  0.000202  0.000202  0.000202  0.000202  0.000202
0.000198  0.998019  0.000198  0.000198  0.000198  0.000198  0.000198  0.000198  0.000198  0.000198  0.000198
0.000202  0.997975  0.000202  0.000202  0.000202  0.000202  0.000202  0.000202  0.000202  0.000202  0.000202
0.000199  0.998011  0.000199  0.000199  0.000199  0.000199  0.000199  0.000199  0.000199  0.000199  0.000199
0.000202  0.997975  0.000202  0.000202  0.000202  0.000202  0.000202  0.000202  0.000202  0.000202  0.000202
0.000202  0.997975  0.000202  0.000202  0.000202  0.000202  0.000202  0.000202  0.000202  0.000202  0.000202
0.000201  0.997993  0.000201  0.000201  0.000201  0.000201  0.000201  0.000201  0.000201  0.000201  0.000201
0.000200  0.998002  0.000200  0.000200  0.000200  0.000200  0.000200  0.000200  0.000200  0.000200  0.000200
0.000202  0.997975  0.000202  0.000202  0.000202  0.000202  0.000202  0.000202  0.000202  0.000202  0.000202
0.000200  0.998002  0.000200  0.000200  0.000200  0.000200  0.000200  0.000200  0.000200  0.000200  0.000200
0.000206  0.997938  0.000206  0.000206  0.000206  0.000206  0.000206  0.000206  0.000206  0.000206  0.000206
0.000201  0.872303  0.000201  0.000201  0.000201  0.000201  0.125891  0.000201  0.000201  0.000201  0.000201
0.000203  0.997966  0.000203  0.000203  0.000203  0.000203  0.000203  0.000203  0.000203  0.000203  0.000203
