0.953687  0.000887  0.045425
0.965721  0.000898  0.033380
0.998282  0.000826  0.000892
0.998195  0.000849  0.000956
0.979753  0.019330  0.000917
0.998154  0.000911  0.000935
0.998135  0.000882  0.000983
0.998158  0.000914  0.000927
0.998216  0.000865  0.000919
0.998246  0.000849  0.000905
0.001499  0.947707  0.050794
0.001284  0.997390  0.001326
0.001147  0.750285  0.248568
0.001277  0.997490  0.001233
0.001145  0.997725  0.001131
0.133275  0.865493  0.001232
0.065215  0.690824  0.243961
0.233360  0.024109  0.742531
0.001226  0.997545  0.001229
0.258886  0.740054  0.001060
0.001416  0.997306  0.001277
0.001139  0.997689  0.001172
0.144878  0.367959  0.487164
0.001177  0.692350  0.306473
0.001096  0.652120  0.346784
0.001051  0.268608  0.730342
0.001011  0.150489  0.848500
0.000983  0.181350  0.817667
0.998241  0.000862  0.000898
0.998228  0.000863  0.000909
0.001184  0.997624  0.001192
0.001177  0.997634  0.001189
0.001111  0.997744  0.001145
0.001204  0.997571  0.001225
0.107400  0.300706  0.591894
0.001000  0.183623  0.815377
0.001051  0.646999  0.351949
0.001001  0.444690  0.554309
0.001077  0.603906  0.395018
0.001041  0.997854  0.001105
0.001086  0.598926  0.399988
0.001025  0.596141  0.402834
0.847990  0.011397  0.140613
0.896555  0.000920  0.102525
0.998113  0.000970  0.000916
0.998170  0.000873  0.000957
0.929767  0.045307  0.024927
0.998237  0.000848  0.000915
0.998211  0.000860  0.000929
0.968931  0.030084  0.000984
0.998216  0.000862  0.000922
0.998118  0.000894  0.000988
0.988497  0.010572  0.000931
0.998166  0.000888  0.000946
0.998205  0.000864  0.000931
0.998204  0.000866  0.000930
0.906499  0.000862  0.092639
0.998198  0.000884  0.000918
0.998229  0.000848  0.000923
0.998226  0.000856  0.000918
0.998211  0.000855  0.000934
0.998214  0.000863  0.000923
0.998222  0.000860  0.000918
0.998201  0.000862  0.000936
0.998226  0.000854  0.000920
0.998120  0.000942  0.000938
0.998179  0.000882  0.000940
0.998137  0.000899  0.000965
0.941448  0.057599  0.000953
0.998228  0.000860  0.000913
0.998220  0.000849  0.000931
0.998223  0.000851  0.000926
0.998121  0.000949  0.000930
0.998223  0.000854  0.000923
0.998144  0.000891  0.000965
0.998210  0.000855  0.000935
0.998230  0.000849  0.000921
0.998226  0.000853  0.000921
0.950997  0.000875  0.048128
0.998198  0.000864  0.000938
0.998198  0.000868  0.000934
0.998175  0.000876  0.000948
0.998236  0.000847  0.000916
0.998242  0.000855  0.000902
0.998226  0.000866  0.000908
0.998228  0.000864  0.000909
0.998063  0.001024  0.000913
0.905487  0.093543  0.000970
0.998260  0.000848  0.000892
0.998224  0.000863  0.000912
0.998232  0.000855  0.000912
0.998242  0.000855  0.000903
0.998219  0.000866  0.000914
0.962718  0.036373  0.000909
0.998187  0.000881  0.000933
0.998255  0.000850  0.000896
0.998222  0.000877  0.000901
0.998246  0.000851  0.000903
0.998239  0.000852  0.000909
0.998283  0.000842  0.000876
0.998176  0.000888  0.000936
0.998229  0.000858  0.000913
0.972950  0.026158  0.000891
0.972230  0.026794  0.000976
0.998216  0.000859  0.000925
0.998153  0.000917  0.000930
0.998104  0.000929  0.000967
0.998154  0.000896  0.000950
0.998179  0.000879  0.000942
0.997984  0.001053  0.000962
0.998163  0.000874  0.000963
0.998206  0.000866  0.000928
0.915325  0.000900  0.083775
0.998141  0.000899  0.000960
0.998181  0.000891  0.000928
0.998261  0.000839  0.000900
0.998053  0.000989  0.000958
0.998246  0.000849  0.000905
0.998256  0.000844  0.000900
0.998160  0.000881  0.000959
0.974656  0.024412  0.000932
0.931500  0.000945  0.067555
0.998182  0.000885  0.000932
0.000928  0.000829  0.998243
0.000923  0.000841  0.998236
0.000951  0.000855  0.998194
0.000920  0.000861  0.998218
0.000911  0.000824  0.998266
0.000927  0.000836  0.998238
0.000908  0.000889  0.998203
0.000925  0.000848  0.998227
0.000919  0.000837  0.998243
0.000940  0.000842  0.998219
0.000945  0.000863  0.998192
0.000908  0.000827  0.998265
0.000937  0.000961  0.998102
0.000944  0.000855  0.998201
0.000959  0.000872  0.998169
0.566385  0.000885  0.432730
0.646253  0.000892  0.352855
0.524425  0.089620  0.385955
0.644456  0.000897  0.354646
0.631903  0.000931  0.367166
0.424342  0.150832  0.424825
0.641241  0.000877  0.357883
0.672046  0.000942  0.327012
0.723897  0.000899  0.275204
0.670572  0.000886  0.328542
0.353690  0.400766  0.245543
0.633342  0.038181  0.328477
0.722890  0.000961  0.276149
0.727434  0.000873  0.271692
0.601521  0.000917  0.397562
0.683774  0.000901  0.315325
0.647305  0.001023  0.351672
0.591443  0.000926  0.407630
0.579647  0.000865  0.419488
0.817708  0.000876  0.181416
0.681512  0.000962  0.317526
0.000911  0.122872  0.876217
0.000967  0.108166  0.890867
0.000951  0.107277  0.891773
0.000998  0.000872  0.998130
0.000912  0.165682  0.833406
0.000941  0.116251  0.882808
0.001473  0.997083  0.001445
0.001214  0.997573  0.001213
0.001178  0.997634  0.001188
0.001145  0.997714  0.001141
0.001096  0.997794  0.001110
0.079019  0.410457  0.510524
0.001082  0.997787  0.001131
0.001285  0.997374  0.001341
0.001207  0.850232  0.148561
0.001031  0.495039  0.503930
0.105050  0.325750  0.569200
0.001055  0.577581  0.421363
0.998201  0.000864  0.000935
0.976349  0.000880  0.022771
0.997977  0.001049  0.000974
0.998139  0.000909  0.000952
0.998162  0.000899  0.000940
0.998210  0.000867  0.000923
0.998257  0.000844  0.000899
0.998215  0.000865  0.000920
0.998203  0.000870  0.000927
0.998164  0.000900  0.000936
0.998241  0.000860  0.000899
0.998084  0.001007  0.000909
0.998149  0.000908  0.000944
0.998150  0.000895  0.000955
0.998248  0.000849  0.000903
0.998245  0.000853  0.000902
0.969327  0.000900  0.029773
0.998247  0.000848  0.000905
0.998304  0.000812  0.000884
0.998216  0.000874  0.000910
0.998090  0.000991  0.000920
0.998234  0.000875  0.000891
0.998238  0.000864  0.000897
0.998224  0.000873  0.000903
0.998265  0.000840  0.000895
0.998296  0.000828  0.000876
0.998247  0.000858  0.000895
0.963424  0.000912  0.035664
0.998219  0.000869  0.000912
0.998250  0.000858  0.000892
0.998321  0.000803  0.000876
0.998267  0.000842  0.000891
0.998257  0.000857  0.000885
0.998230  0.000860  0.000910
0.998093  0.000936  0.000970
0.001171  0.997666  0.001163
0.104332  0.517629  0.378039
0.001304  0.997478  0.001219
0.212682  0.120483  0.666834
0.001207  0.997581  0.001212
0.001301  0.997384  0.001314
0.001127  0.794183  0.204690
0.001172  0.736058  0.262769
0.001123  0.997745  0.001132
0.001457  0.996830  0.001712
0.001334  0.997286  0.001380
0.001084  0.997669  0.001247
0.001203  0.997608  0.001189
0.983804  0.000924  0.015272
0.986560  0.000881  0.012559
0.998187  0.000896  0.000917
0.984913  0.000877  0.014210
0.998229  0.000861  0.000910
0.998239  0.000862  0.000899
0.962544  0.000901  0.036556
0.998170  0.000906  0.000924
0.998154  0.000913  0.000933
0.998240  0.000858  0.000902
0.998223  0.000859  0.000918
0.998267  0.000840  0.000893
0.957465  0.000905  0.041630
0.998176  0.000882  0.000941
0.983719  0.000883  0.015398
0.983639  0.000907  0.015454
0.970349  0.028682  0.000968
0.998211  0.000870  0.000918
0.998224  0.000862  0.000915
0.998221  0.000864  0.000915
0.998173  0.000890  0.000937
0.998186  0.000881  0.000933
0.998214  0.000870  0.000916
0.998101  0.000947  0.000952
0.997948  0.001053  0.000999
0.998149  0.000886  0.000965
0.998214  0.000867  0.000919
0.907880  0.051580  0.040540
0.998191  0.000872  0.000937
0.998233  0.000852  0.000915
0.927109  0.071968  0.000923
0.998229  0.000858  0.000913
0.998227  0.000858  0.000914
0.998219  0.000870  0.000912
0.998152  0.000912  0.000936
0.998198  0.000878  0.000924
0.998192  0.000878  0.000930
0.998200  0.000868  0.000932
0.998160  0.000894  0.000946
0.998203  0.000870  0.000927
0.977387  0.000931  0.021681
0.998098  0.000923  0.000979
0.998194  0.000888  0.000918
0.998163  0.000898  0.000939
0.998143  0.000901  0.000957
0.998142  0.000917  0.000941
0.998189  0.000872  0.000939
0.998117  0.000906  0.000977
0.998232  0.000855  0.000914
0.997950  0.001014  0.001036
0.998228  0.000855  0.000917
0.998225  0.000864  0.000910
0.971212  0.000870  0.027918
0.998215  0.000860  0.000925
0.998201  0.000872  0.000927
0.998212  0.000867  0.000922
0.998206  0.000866  0.000928
0.998202  0.000872  0.000926
0.997971  0.001030  0.000999
0.935562  0.000903  0.063535
0.998150  0.000891  0.000959
0.981262  0.000856  0.017882
0.998220  0.000858  0.000922
0.998246  0.000845  0.000909
0.998275  0.000832  0.000893
0.998266  0.000845  0.000889
0.998290  0.000830  0.000880
0.998197  0.000901  0.000902
0.998162  0.000934  0.000904
0.998287  0.000830  0.000883
0.998269  0.000837  0.000894
0.967112  0.000930  0.031958
0.998215  0.000890  0.000895
0.998262  0.000840  0.000898
0.998261  0.000843  0.000896
0.998197  0.000861  0.000942
0.998243  0.000840  0.000917
0.998277  0.000832  0.000890
0.998267  0.000835  0.000898
0.954205  0.044894  0.000900
0.961226  0.037871  0.000903
0.998239  0.000845  0.000916
0.000998  0.121714  0.877287
0.000916  0.000907  0.998177
0.000982  0.214517  0.784500
0.000954  0.000941  0.998105
0.000972  0.000903  0.998125
0.090280  0.366646  0.543074
0.000921  0.000903  0.998176
0.000980  0.235679  0.763340
0.000947  0.000884  0.998169
0.000969  0.000903  0.998128
0.000979  0.000971  0.998050
0.000972  0.067129  0.931898
0.000985  0.082790  0.916225
0.001053  0.419246  0.579701
0.000994  0.169331  0.829675
0.001000  0.257084  0.741916
0.000953  0.000900  0.998148
0.000940  0.064374  0.934686
0.000944  0.086357  0.912699
0.000965  0.231583  0.767452
0.000951  0.000923  0.998125
0.001092  0.596353  0.402555
0.905911  0.093166  0.000923
0.969793  0.000924  0.029283
0.794236  0.097629  0.108135
0.961506  0.000925  0.037569
0.998265  0.000836  0.000899
0.998237  0.000859  0.000905
0.998240  0.000865  0.000895
0.803147  0.195894  0.000959
0.998237  0.000859  0.000904
0.998257  0.000851  0.000892
0.815765  0.057423  0.126813
0.998156  0.000893  0.000951
0.936636  0.000951  0.062414
0.998187  0.000882  0.000931
0.998236  0.000868  0.000896
0.920438  0.078632  0.000930
0.998297  0.000824  0.000878
0.929749  0.069344  0.000907
0.949975  0.049098  0.000927
0.998293  0.000825  0.000881
0.784582  0.000842  0.214576
0.591687  0.000899  0.407414
0.739528  0.000833  0.259638
0.683456  0.000873  0.315670
0.823075  0.000858  0.176066
0.754473  0.000840  0.244686
0.777826  0.000865  0.221310
0.678801  0.000857  0.320342
0.721869  0.000877  0.277254
0.820019  0.000854  0.179127
0.735799  0.000853  0.263347
0.865640  0.000845  0.133515
0.825118  0.000860  0.174022
0.769897  0.000849  0.229254
0.785545  0.032505  0.181950
0.486399  0.035065  0.478536
0.759589  0.000858  0.239553
0.874855  0.000878  0.124267
0.735545  0.000856  0.263600
0.720639  0.000851  0.278510
