0.000281  0.998030  0.000281  0.000281  0.000281  0.000281  0.000281  0.000281
0.000284  0.869584  0.128712  0.000284  0.000284  0.000284  0.000284  0.000284
0.000278  0.769005  0.000278  0.000278  0.229329  0.000278  0.000278  0.000277
0.000283  0.998022  0.000283  0.000283  0.000283  0.000283  0.000283  0.000283
0.000283  0.813020  0.000283  0.000283  0.185284  0.000283  0.000283  0.000283
0.000283  0.998022  0.000283  0.000283  0.000283  0.000283  0.000283  0.000283
0.000283  0.998021  0.000283  0.000283  0.000283  0.000283  0.000283  0.000283
0.000281  0.886125  0.000281  0.000281  0.000281  0.000281  0.112187  0.000281
0.000284  0.858563  0.000284  0.000284  0.139734  0.000284  0.000284  0.000284
0.000279  0.998048  0.000279  0.000279  0.000279  0.000279  0.000279  0.000279
0.000357  0.000357  0.000357  0.000357  0.000357  0.000357  0.000357  0.997502
0.000345  0.000345  0.000345  0.092576  0.000345  0.000345  0.000345  0.905354
0.000336  0.000336  0.000336  0.000336  0.000336  0.389723  0.000336  0.608263
0.000383  0.000383  0.000383  0.000383  0.000383  0.000383  0.000383  0.997320
0.000376  0.000376  0.000376  0.000376  0.000376  0.000376  0.000376  0.997369
0.000351  0.000351  0.000351  0.000351  0.000351  0.318433  0.000351  0.679463
0.000314  0.000314  0.000314  0.000314  0.000314  0.461443  0.000314  0.536674
0.000298  0.000298  0.000298  0.000297  0.000298  0.997917  0.000298  0.000297
0.000388  0.000388  0.000388  0.000388  0.000388  0.000388  0.000388  0.997287
0.000311  0.000311  0.000311  0.000311  0.000311  0.414906  0.000311  0.583230
0.000329  0.000329  0.000329  0.000329  0.000329  0.157668  0.000329  0.840360
0.000355  0.000355  0.000355  0.000355  0.000355  0.000355  0.000355  0.997517
0.000305  0.000305  0.000305  0.000305  0.000305  0.997867  0.000305  0.000305
0.000345  0.000345  0.000345  0.000345  0.000345  0.527313  0.000345  0.470617
0.000322  0.000322  0.000322  0.000322  0.000322  0.517873  0.000322  0.480195
0.000311  0.000311  0.000311  0.000311  0.000311  0.997825  0.000311  0.000311
0.000302  0.000302  0.000302  0.000302  0.000302  0.997888  0.000302  0.000302
0.000295  0.000295  0.000295  0.000295  0.000295  0.997938  0.000295  0.000295
0.000279  0.657702  0.000279  0.000279  0.340624  0.000279  0.000279  0.000279
0.000280  0.374905  0.000280  0.000280  0.623414  0.000280  0.000280  0.000280
0.000347  0.000347  0.000347  0.000347  0.000347  0.000347  0.000347  0.997572
0.000355  0.000355  0.000355  0.000355  0.000355  0.000355  0.000355  0.997517
0.000351  0.000351  0.000351  0.000351  0.000351  0.000351  0.000351  0.997545
0.000353  0.000353  0.000353  0.000353  0.000353  0.000353  0.000353  0.997531
0.000289  0.000289  0.000289  0.000289  0.128687  0.724029  0.000289  0.145838
0.000297  0.000297  0.000297  0.000297  0.000297  0.997918  0.000297  0.000297
0.000312  0.000312  0.000312  0.000312  0.000312  0.492690  0.000312  0.505437
0.000297  0.000297  0.000297  0.000297  0.000297  0.752526  0.000297  0.245690
0.000324  0.000324  0.000324  0.056550  0.000324  0.449751  0.000324  0.492081
0.000359  0.000359  0.000359  0.000359  0.000359  0.000359  0.000359  0.997490
0.000330  0.000330  0.000330  0.291741  0.000330  0.000331  0.000330  0.706276
0.000315  0.000315  0.000315  0.311483  0.000315  0.000316  0.000315  0.686624
0.000283  0.068351  0.838578  0.000283  0.000283  0.091657  0.000283  0.000283
0.000284  0.179970  0.750451  0.000284  0.000284  0.068159  0.000284  0.000284
0.000278  0.206385  0.791949  0.000278  0.000278  0.000278  0.000278  0.000278
0.142300  0.303200  0.553073  0.000285  0.000285  0.000285  0.000285  0.000285
0.000284  0.000284  0.933791  0.000284  0.000284  0.064505  0.000284  0.000284
0.000279  0.000279  0.768881  0.000279  0.229446  0.000279  0.000279  0.000279
0.000281  0.200054  0.798258  0.000281  0.000281  0.000281  0.000281  0.000281
0.000292  0.000292  0.997957  0.000292  0.000292  0.000292  0.000292  0.000292
0.000284  0.136968  0.861329  0.000284  0.000284  0.000284  0.000284  0.000284
0.000287  0.039314  0.958966  0.000287  0.000287  0.000287  0.000287  0.000286
0.000283  0.239480  0.758824  0.000283  0.000283  0.000283  0.000283  0.000283
0.000287  0.267978  0.730303  0.000287  0.000287  0.000287  0.000287  0.000286
0.000284  0.000284  0.998013  0.000284  0.000284  0.000284  0.000284  0.000284
0.000283  0.133616  0.864688  0.000283  0.000283  0.000283  0.000283  0.000283
0.274949  0.000276  0.484638  0.000276  0.239030  0.000276  0.000276  0.000276
0.000283  0.238817  0.759487  0.000283  0.000283  0.000283  0.000283  0.000283
0.000279  0.088733  0.909594  0.000279  0.000279  0.000279  0.000279  0.000279
0.000281  0.114875  0.883437  0.000281  0.000281  0.000281  0.000281  0.000281
0.000280  0.162432  0.835887  0.000280  0.000280  0.000280  0.000280  0.000280
0.000284  0.169077  0.829220  0.000284  0.000284  0.000284  0.000284  0.000284
0.000283  0.161844  0.836461  0.000283  0.000283  0.000283  0.000283  0.000283
0.000278  0.000278  0.000278  0.000278  0.000278  0.000278  0.998057  0.000277
0.000279  0.000279  0.000279  0.000279  0.000279  0.000279  0.998048  0.000279
0.000280  0.000280  0.000280  0.000280  0.000280  0.000280  0.998039  0.000280
0.000283  0.000283  0.000283  0.000283  0.000283  0.000283  0.998022  0.000283
0.000284  0.000284  0.000284  0.000284  0.000284  0.000284  0.998013  0.000284
0.000283  0.000283  0.000283  0.000283  0.000283  0.000283  0.998022  0.000283
0.000276  0.000276  0.000276  0.000276  0.000276  0.000276  0.998065  0.000276
0.000275  0.000275  0.000275  0.000275  0.000275  0.000275  0.998074  0.000275
0.000276  0.000276  0.000276  0.000276  0.000276  0.000276  0.998065  0.000276
0.000278  0.000278  0.000278  0.000278  0.000278  0.000278  0.998057  0.000277
0.000279  0.000279  0.000279  0.000279  0.000279  0.000279  0.998048  0.000279
0.000289  0.000289  0.000289  0.000289  0.000289  0.000289  0.997976  0.000289
0.000276  0.000276  0.000276  0.000276  0.000276  0.000276  0.998065  0.000276
0.000278  0.000278  0.000278  0.000278  0.000278  0.000278  0.998057  0.000278
0.000279  0.000279  0.000279  0.000279  0.000279  0.000279  0.998048  0.000279
0.000279  0.000279  0.000279  0.000279  0.000279  0.000279  0.998048  0.000279
0.000279  0.000279  0.000279  0.000279  0.000279  0.000279  0.998048  0.000279
0.000281  0.000281  0.000281  0.000281  0.000281  0.000281  0.998031  0.000281
0.000276  0.000276  0.000276  0.000276  0.000276  0.000276  0.998065  0.000276
0.000279  0.000279  0.000279  0.000279  0.000279  0.000279  0.998048  0.000279
0.146156  0.709077  0.000279  0.000279  0.000279  0.000279  0.143373  0.000279
0.000281  0.998030  0.000281  0.000281  0.000281  0.000281  0.000281  0.000281
0.147893  0.850426  0.000280  0.000280  0.000280  0.000280  0.000280  0.000280
0.000283  0.998021  0.000283  0.000283  0.000283  0.000283  0.000283  0.000283
0.000297  0.972953  0.000297  0.000297  0.000297  0.000297  0.000297  0.025263
0.000278  0.998057  0.000278  0.000278  0.000278  0.000278  0.000278  0.000277
0.000283  0.998021  0.000283  0.000283  0.000283  0.000283  0.000283  0.000283
0.000281  0.998030  0.000281  0.000281  0.000281  0.000281  0.000281  0.000281
0.000281  0.998030  0.000281  0.000281  0.000281  0.000281  0.000281  0.000281
0.000285  0.998004  0.000285  0.000285  0.000285  0.000285  0.000285  0.000285
0.000278  0.998056  0.000278  0.000278  0.000278  0.000278  0.000278  0.000278
0.000289  0.900183  0.000289  0.000289  0.098082  0.000289  0.000289  0.000289
0.000278  0.647693  0.000278  0.000278  0.350641  0.000278  0.000278  0.000278
0.000278  0.998057  0.000278  0.000278  0.000278  0.000278  0.000278  0.000277
0.000280  0.998039  0.000280  0.000280  0.000280  0.000280  0.000280  0.000280
0.000280  0.998039  0.000280  0.000280  0.000280  0.000280  0.000280  0.000280
0.000275  0.998074  0.000275  0.000275  0.000275  0.000275  0.000275  0.000275
0.000287  0.997994  0.000287  0.000287  0.000287  0.000287  0.000287  0.000286
0.000280  0.835885  0.162434  0.000280  0.000280  0.000280  0.000280  0.000280
0.000278  0.998057  0.000278  0.000278  0.000278  0.000278  0.000278  0.000278
0.000284  0.000284  0.954541  0.000284  0.000284  0.043756  0.000284  0.000284
0.000281  0.000281  0.998031  0.000281  0.000281  0.000281  0.000281  0.000281
0.000284  0.000284  0.998013  0.000284  0.000284  0.000284  0.000284  0.000284
0.000280  0.000280  0.998039  0.000280  0.000280  0.000280  0.000280  0.000280
0.000283  0.000283  0.998022  0.000283  0.000283  0.000283  0.000283  0.000283
0.000281  0.000281  0.998030  0.000281  0.000281  0.000281  0.000281  0.000281
0.000281  0.000281  0.998030  0.000281  0.000281  0.000281  0.000281  0.000281
0.000279  0.000279  0.998048  0.000279  0.000279  0.000279  0.000279  0.000279
0.000280  0.000280  0.998039  0.000280  0.000280  0.000280  0.000280  0.000280
0.000279  0.000279  0.998048  0.000279  0.000279  0.000279  0.000279  0.000279
0.000285  0.000285  0.998004  0.000285  0.000285  0.000285  0.000285  0.000285
0.000281  0.000281  0.998030  0.000281  0.000281  0.000281  0.000281  0.000281
0.000275  0.000275  0.998074  0.000275  0.000275  0.000275  0.000275  0.000275
0.000280  0.000280  0.998039  0.000280  0.000280  0.000280  0.000280  0.000280
0.000279  0.000279  0.998048  0.000279  0.000279  0.000279  0.000279  0.000279
0.000275  0.000275  0.998074  0.000275  0.000275  0.000275  0.000275  0.000275
0.000281  0.000281  0.998030  0.000281  0.000281  0.000281  0.000281  0.000281
0.000280  0.000280  0.998039  0.000280  0.000280  0.000280  0.000280  0.000280
0.000278  0.000278  0.998056  0.000278  0.000278  0.000278  0.000278  0.000278
0.000281  0.000281  0.998030  0.000281  0.000281  0.000281  0.000281  0.000281
0.000270  0.000270  0.000270  0.998107  0.000270  0.000270  0.000270  0.000270
0.000276  0.000276  0.000276  0.998065  0.000276  0.000276  0.000276  0.000276
0.000281  0.000281  0.000281  0.998031  0.000281  0.000281  0.000281  0.000281
0.000276  0.000276  0.000276  0.998065  0.000276  0.000276  0.000276  0.000276
0.000270  0.000270  0.000270  0.998107  0.000270  0.000270  0.000270  0.000270
0.000275  0.000275  0.000275  0.998074  0.000275  0.000275  0.000275  0.000275
0.000275  0.000275  0.000275  0.998074  0.000275  0.000275  0.000275  0.000275
0.000274  0.000274  0.000274  0.998082  0.000274  0.000274  0.000274  0.000274
0.000275  0.000275  0.000275  0.998074  0.000275  0.000275  0.000275  0.000275
0.000276  0.000276  0.000276  0.998065  0.000276  0.000276  0.000276  0.000276
0.000279  0.000279  0.000279  0.998048  0.000279  0.000279  0.000279  0.000279
0.000272  0.000272  0.000272  0.998099  0.000272  0.000272  0.000272  0.000272
0.000284  0.000284  0.000284  0.998012  0.000284  0.000284  0.000284  0.000284
0.000279  0.000279  0.000279  0.998048  0.000279  0.000279  0.000279  0.000279
0.000284  0.000284  0.000284  0.998013  0.000284  0.000284  0.000284  0.000284
0.998003  0.000285  0.000285  0.000285  0.000285  0.000285  0.000285  0.000285
0.998003  0.000285  0.000285  0.000285  0.000285  0.000285  0.000285  0.000285
0.955880  0.000296  0.000296  0.042344  0.000296  0.000296  0.000296  0.000296
0.998039  0.000280  0.000280  0.000280  0.000280  0.000280  0.000280  0.000280
0.997957  0.000292  0.000292  0.000292  0.000292  0.000292  0.000292  0.000292
0.839086  0.000317  0.000317  0.000317  0.000317  0.000317  0.000317  0.159012
0.998021  0.000283  0.000283  0.000283  0.000283  0.000283  0.000283  0.000283
0.758705  0.000299  0.239501  0.000299  0.000299  0.000299  0.000299  0.000299
0.997976  0.000289  0.000289  0.000289  0.000289  0.000289  0.000289  0.000289
0.998030  0.000281  0.000281  0.000281  0.000281  0.000281  0.000281  0.000281
0.615433  0.000305  0.000305  0.000305  0.000305  0.000305  0.000305  0.382739
0.871944  0.126329  0.000288  0.000288  0.000288  0.000288  0.000288  0.000288
0.881808  0.116449  0.000291  0.000291  0.000291  0.000291  0.000291  0.000290
0.998012  0.000284  0.000284  0.000284  0.000284  0.000284  0.000284  0.000284
0.726948  0.000292  0.000292  0.085042  0.186551  0.000292  0.000292  0.000292
0.792598  0.000287  0.205683  0.000287  0.000287  0.000287  0.000287  0.000286
0.877844  0.120380  0.000296  0.000296  0.000296  0.000296  0.000296  0.000296
0.917072  0.000285  0.000285  0.081216  0.000285  0.000285  0.000285  0.000285
0.000278  0.311522  0.362035  0.325054  0.000278  0.000278  0.000278  0.000278
0.834885  0.163419  0.000283  0.000283  0.000283  0.000283  0.000283  0.000283
0.871146  0.000292  0.000292  0.000292  0.000292  0.000292  0.127103  0.000292
0.000280  0.000280  0.000280  0.828552  0.000280  0.000280  0.000280  0.169767
0.000284  0.000284  0.000284  0.905818  0.000284  0.000284  0.000284  0.092478
0.000287  0.000287  0.000287  0.883577  0.000287  0.000287  0.000287  0.114704
0.000266  0.000266  0.000266  0.998139  0.000266  0.000266  0.000266  0.000266
0.000276  0.000276  0.000276  0.818513  0.000276  0.000276  0.000276  0.179828
0.000281  0.000281  0.000281  0.890420  0.000281  0.000281  0.000281  0.107892
0.000393  0.000393  0.000393  0.000393  0.000393  0.000393  0.000393  0.997251
0.000374  0.000374  0.000374  0.000374  0.000374  0.000374  0.000374  0.997384
0.000387  0.000387  0.000387  0.000387  0.000387  0.000388  0.000388  0.997288
0.000376  0.000376  0.000376  0.000376  0.000376  0.000376  0.000376  0.997369
0.000357  0.000357  0.000357  0.000357  0.000357  0.000357  0.000357  0.997504
0.000327  0.000327  0.000327  0.000327  0.000327  0.845176  0.000327  0.152862
0.000338  0.000337  0.000337  0.000337  0.000337  0.000338  0.000337  0.997638
0.000363  0.000363  0.000363  0.071153  0.000363  0.000363  0.000363  0.926669
0.000365  0.000365  0.000365  0.143502  0.000365  0.000365  0.000365  0.854308
0.000312  0.000312  0.000312  0.370375  0.000312  0.000312  0.000312  0.627751
0.000303  0.000303  0.000303  0.314047  0.000303  0.432001  0.000303  0.252436
0.000311  0.000311  0.000311  0.074877  0.000311  0.471995  0.000311  0.451574
0.000284  0.164518  0.833779  0.000284  0.000284  0.000284  0.000284  0.000284
0.000276  0.111233  0.887108  0.000276  0.000276  0.000276  0.000276  0.000276
0.000285  0.324872  0.673417  0.000285  0.000285  0.000285  0.000285  0.000285
0.000288  0.407167  0.591106  0.000288  0.000288  0.000288  0.000288  0.000288
0.000291  0.318950  0.679307  0.000290  0.000291  0.000290  0.000291  0.000290
0.000285  0.188878  0.809410  0.000285  0.000285  0.000285  0.000285  0.000285
0.000274  0.000274  0.998082  0.000274  0.000274  0.000274  0.000274  0.000274
0.000284  0.000284  0.998012  0.000284  0.000284  0.000284  0.000284  0.000284
0.000287  0.000287  0.997994  0.000286  0.000287  0.000286  0.000287  0.000286
0.000285  0.337670  0.660618  0.000285  0.000285  0.000285  0.000285  0.000285
0.154937  0.000275  0.843412  0.000275  0.000275  0.000275  0.000275  0.000275
0.000280  0.329050  0.669269  0.000280  0.000280  0.000280  0.000280  0.000280
0.000290  0.000291  0.997967  0.000291  0.000291  0.000290  0.000291  0.000290
0.138985  0.000291  0.859272  0.000291  0.000291  0.000290  0.000291  0.000290
0.000280  0.000280  0.000280  0.000280  0.998039  0.000280  0.000280  0.000280
0.000281  0.000281  0.000281  0.000281  0.998031  0.000281  0.000281  0.000281
0.000278  0.000278  0.000278  0.000278  0.998057  0.000278  0.000278  0.000278
0.000279  0.000279  0.000279  0.000279  0.998048  0.000279  0.000279  0.000279
0.000279  0.000279  0.000279  0.000279  0.998048  0.000279  0.000279  0.000279
0.000284  0.000284  0.000284  0.000284  0.998013  0.000284  0.000284  0.000284
0.000279  0.000279  0.000279  0.000279  0.998048  0.000279  0.000279  0.000279
0.000279  0.000279  0.000279  0.000279  0.998048  0.000279  0.000279  0.000279
0.000281  0.000281  0.000281  0.000281  0.998031  0.000281  0.000281  0.000281
0.000281  0.000281  0.000281  0.000281  0.998030  0.000281  0.000281  0.000281
0.000281  0.000281  0.000281  0.000281  0.998031  0.000281  0.000281  0.000281
0.000275  0.000275  0.000275  0.000275  0.998074  0.000275  0.000275  0.000275
0.000279  0.000279  0.000279  0.000279  0.998048  0.000279  0.000279  0.000279
0.000281  0.000281  0.000281  0.000281  0.972816  0.025496  0.000281  0.000281
0.000278  0.000278  0.000278  0.000278  0.998057  0.000278  0.000278  0.000278
0.000280  0.000280  0.000280  0.000280  0.998039  0.000280  0.000280  0.000280
0.000275  0.000275  0.000275  0.000275  0.998074  0.000275  0.000275  0.000275
0.000274  0.000274  0.000274  0.000274  0.998082  0.000274  0.000274  0.000274
0.000278  0.000278  0.000278  0.000278  0.998057  0.000278  0.000278  0.000277
0.000276  0.000276  0.115471  0.000276  0.882871  0.000276  0.000276  0.000276
0.000278  0.000278  0.000278  0.000278  0.998057  0.000278  0.000278  0.000278
0.000361  0.000361  0.000361  0.000361  0.000361  0.000361  0.000361  0.997474
0.233607  0.000312  0.000312  0.000312  0.000312  0.372300  0.000312  0.392532
0.000363  0.000363  0.000363  0.000363  0.000363  0.000363  0.000363  0.997459
0.000302  0.213905  0.000302  0.000302  0.000302  0.784285  0.000302  0.000302
0.000372  0.000372  0.000372  0.000372  0.000372  0.000372  0.000372  0.997399
0.000381  0.000381  0.000381  0.000381  0.000381  0.000381  0.000381  0.997336
0.000336  0.000336  0.000336  0.000336  0.000336  0.364351  0.000336  0.633635
0.000345  0.000345  0.000345  0.000345  0.000345  0.429078  0.000345  0.568852
0.000367  0.000367  0.000367  0.000367  0.000367  0.000367  0.000367  0.997431
0.000365  0.000365  0.000365  0.125870  0.000365  0.000365  0.000365  0.871939
0.000413  0.000413  0.000413  0.000413  0.000413  0.000413  0.000413  0.997107
0.000397  0.000397  0.000397  0.000397  0.000397  0.000397  0.000397  0.997219
0.000365  0.000365  0.000365  0.000365  0.000365  0.000365  0.000365  0.997445
0.224518  0.000287  0.000287  0.000287  0.595263  0.000287  0.178786  0.000286
0.000278  0.297722  0.000278  0.000278  0.700612  0.000278  0.000278  0.000278
0.318561  0.000281  0.000281  0.000281  0.486321  0.000281  0.193712  0.000281
0.000279  0.210472  0.000279  0.000279  0.787855  0.000279  0.000279  0.000279
0.000283  0.000283  0.000283  0.000283  0.883018  0.000283  0.115286  0.000283
0.000276  0.353374  0.000276  0.000276  0.644967  0.000276  0.000276  0.000276
0.000287  0.354500  0.000287  0.000287  0.643781  0.000287  0.000287  0.000286
0.000280  0.256110  0.000280  0.000280  0.541233  0.000280  0.201256  0.000280
0.360154  0.272501  0.000279  0.000279  0.365951  0.000279  0.000279  0.000279
0.000281  0.405877  0.000281  0.000281  0.592435  0.000281  0.000281  0.000281
0.000281  0.000281  0.000281  0.000281  0.945392  0.000281  0.052919  0.000281
0.000275  0.000275  0.269862  0.000275  0.728487  0.000275  0.000275  0.000275
0.000283  0.000283  0.000283  0.051649  0.946655  0.000283  0.000283  0.000283
0.000287  0.234225  0.000287  0.000287  0.764056  0.000287  0.000287  0.000286
0.197498  0.000281  0.000281  0.000281  0.594323  0.000281  0.206771  0.000281
0.000287  0.000287  0.000287  0.000287  0.732909  0.000287  0.265372  0.000286
0.339210  0.000285  0.000285  0.000285  0.659078  0.000285  0.000285  0.000285
0.000283  0.000283  0.000283  0.000283  0.652036  0.000283  0.346268  0.000283
0.094675  0.000280  0.372503  0.000280  0.531422  0.000280  0.000280  0.000280
0.000284  0.000284  0.000284  0.000284  0.820378  0.000284  0.177919  0.000284
0.000287  0.176612  0.000287  0.000287  0.821669  0.000287  0.000287  0.000286
0.000285  0.000285  0.883773  0.000285  0.114516  0.000285  0.000285  0.000285
0.000281  0.000281  0.799291  0.000281  0.199020  0.000281  0.000281  0.000281
0.142317  0.000295  0.855916  0.000295  0.000295  0.000295  0.000295  0.000295
0.000287  0.000287  0.997994  0.000287  0.000287  0.000287  0.000287  0.000287
0.000280  0.000280  0.998039  0.000280  0.000280  0.000280  0.000280  0.000280
0.000281  0.000281  0.951886  0.000281  0.046426  0.000281  0.000281  0.000281
0.217406  0.000281  0.780906  0.000281  0.000281  0.000281  0.000281  0.000281
0.000284  0.000284  0.921401  0.000284  0.000284  0.000284  0.076895  0.000284
0.000276  0.000276  0.998065  0.000276  0.000276  0.000276  0.000276  0.000276
0.226999  0.000279  0.771327  0.000279  0.000279  0.000279  0.000279  0.000279
0.000280  0.000280  0.998039  0.000280  0.000280  0.000280  0.000280  0.000280
0.000283  0.000283  0.998022  0.000283  0.000283  0.000283  0.000283  0.000283
0.000280  0.000280  0.744872  0.000280  0.253447  0.000280  0.000280  0.000280
0.000291  0.000291  0.868658  0.000291  0.129599  0.000290  0.000291  0.000290
0.197064  0.120883  0.680627  0.000285  0.000285  0.000285  0.000285  0.000285
0.079461  0.000284  0.918835  0.000284  0.000284  0.000284  0.000284  0.000284
0.109964  0.000283  0.888340  0.000283  0.000283  0.000283  0.000283  0.000283
0.000289  0.000289  0.997976  0.000289  0.000289  0.000289  0.000289  0.000289
0.160828  0.000283  0.837477  0.000283  0.000283  0.000283  0.000283  0.000283
0.000284  0.000284  0.998012  0.000284  0.000284  0.000284  0.000284  0.000284
0.000293  0.000293  0.997947  0.000293  0.000293  0.000293  0.000293  0.000293
0.000284  0.000284  0.000284  0.000284  0.998012  0.000284  0.000284  0.000284
0.000288  0.000288  0.000288  0.000288  0.997985  0.000288  0.000288  0.000288
0.000295  0.000295  0.128301  0.000295  0.869932  0.000295  0.000295  0.000295
0.000281  0.000281  0.375270  0.000281  0.623042  0.000281  0.000281  0.000281
0.000285  0.000285  0.000285  0.000285  0.998003  0.000285  0.000285  0.000285
0.000287  0.000287  0.000287  0.000287  0.997994  0.000287  0.000287  0.000286
0.000280  0.000280  0.000280  0.000280  0.998039  0.000280  0.000280  0.000280
0.000287  0.000287  0.000287  0.000287  0.997994  0.000287  0.000287  0.000286
0.000281  0.000281  0.346003  0.000281  0.652308  0.000281  0.000281  0.000281
0.000278  0.000278  0.000278  0.000278  0.998057  0.000278  0.000278  0.000278
0.000283  0.000283  0.258743  0.000283  0.739560  0.000283  0.000283  0.000283
0.000283  0.000283  0.000283  0.000283  0.998021  0.000283  0.000283  0.000283
0.000288  0.295454  0.000288  0.000288  0.702819  0.000288  0.000288  0.000288
0.000285  0.000285  0.155377  0.000285  0.842912  0.000285  0.000285  0.000285
0.000285  0.000285  0.142909  0.000285  0.855380  0.000285  0.000285  0.000285
0.000285  0.000285  0.393878  0.000285  0.604410  0.000285  0.000285  0.000285
0.000287  0.000287  0.048651  0.000287  0.949630  0.000287  0.000287  0.000286
0.000287  0.000287  0.000287  0.000287  0.997994  0.000287  0.000287  0.000286
0.000292  0.138839  0.000292  0.000292  0.859410  0.000292  0.000292  0.000292
0.000273  0.000273  0.000273  0.000273  0.998090  0.000273  0.000273  0.000273
0.000281  0.000281  0.000281  0.000281  0.998030  0.000281  0.000281  0.000281
0.000278  0.000278  0.000278  0.000278  0.998057  0.000278  0.000278  0.000277
0.000274  0.000274  0.000274  0.000274  0.998082  0.000274  0.000274  0.000274
0.000273  0.000273  0.000273  0.000273  0.998090  0.000273  0.000273  0.000273
0.000273  0.000273  0.000273  0.000273  0.998091  0.000273  0.000273  0.000273
0.000274  0.114007  0.000274  0.000274  0.884349  0.000274  0.000274  0.000274
0.000279  0.000279  0.000279  0.000279  0.998048  0.000279  0.000279  0.000279
0.000273  0.000273  0.000273  0.000273  0.998091  0.000273  0.000273  0.000273
0.000275  0.000275  0.000275  0.000275  0.998074  0.000275  0.000275  0.000275
0.000275  0.000275  0.000275  0.000275  0.998074  0.000275  0.000275  0.000275
0.000276  0.000276  0.000276  0.000276  0.998065  0.000276  0.000276  0.000276
0.000276  0.000276  0.000276  0.000276  0.998065  0.000276  0.000276  0.000276
0.000275  0.000275  0.000275  0.000275  0.998074  0.000275  0.000275  0.000275
0.000280  0.154740  0.000280  0.000280  0.843580  0.000280  0.000280  0.000280
0.000276  0.000276  0.000276  0.000277  0.998065  0.000276  0.000277  0.000276
0.000274  0.000274  0.000274  0.000274  0.998082  0.000274  0.000274  0.000274
0.000274  0.000274  0.000274  0.000274  0.998082  0.000274  0.000274  0.000274
0.000276  0.191568  0.000276  0.000276  0.806773  0.000277  0.000276  0.000277
0.000275  0.000275  0.197655  0.000275  0.772281  0.000275  0.000275  0.028689
0.000273  0.000273  0.000273  0.000273  0.998090  0.000273  0.000273  0.000273
0.000296  0.000296  0.000296  0.000296  0.000296  0.997928  0.000296  0.000296
0.000281  0.000281  0.000281  0.000281  0.000281  0.998030  0.000281  0.000281
0.000297  0.000297  0.000297  0.000297  0.000297  0.997918  0.000297  0.000297
0.000287  0.000287  0.000287  0.000287  0.000287  0.997994  0.000287  0.000286
0.000285  0.000285  0.000285  0.157206  0.000285  0.841083  0.000285  0.000285
0.000314  0.000314  0.000314  0.000314  0.000314  0.882375  0.000314  0.115742
0.000274  0.000274  0.000274  0.102334  0.000274  0.896022  0.000274  0.000274
0.000300  0.000300  0.000300  0.580914  0.000300  0.000300  0.000300  0.417284
0.000274  0.000274  0.000274  0.105459  0.000274  0.892897  0.000274  0.000274
0.000284  0.000284  0.000284  0.145653  0.000284  0.852643  0.000284  0.000284
0.000289  0.000289  0.000289  0.000289  0.000289  0.997976  0.000289  0.000289
0.000292  0.000292  0.000292  0.000292  0.000292  0.997957  0.000292  0.000292
0.000288  0.000288  0.000288  0.000288  0.000288  0.997985  0.000288  0.000288
0.000317  0.000317  0.000317  0.000317  0.000317  0.819422  0.000317  0.178676
0.000291  0.000291  0.000291  0.000291  0.000291  0.997966  0.000291  0.000291
0.000295  0.000295  0.000295  0.000295  0.000295  0.997938  0.000295  0.000295
0.000285  0.000285  0.000285  0.147142  0.000285  0.851147  0.000285  0.000285
0.000295  0.000295  0.000295  0.000295  0.000295  0.997938  0.000295  0.000295
0.000285  0.000285  0.000285  0.000285  0.000285  0.998004  0.000285  0.000285
0.000291  0.000290  0.000290  0.000290  0.000291  0.997966  0.000290  0.000291
0.000292  0.000292  0.000292  0.134254  0.000292  0.863995  0.000292  0.000292
0.000325  0.000325  0.000325  0.000325  0.000325  0.599107  0.000325  0.398942
0.934720  0.000281  0.000281  0.000281  0.000281  0.000281  0.000281  0.063592
0.820381  0.000273  0.000273  0.000273  0.000273  0.000273  0.177982  0.000273
0.701381  0.000281  0.000281  0.000281  0.000281  0.184594  0.112618  0.000281
0.778818  0.000275  0.000275  0.000275  0.000275  0.000275  0.219531  0.000275
0.998073  0.000275  0.000275  0.000275  0.000275  0.000275  0.000275  0.000275
0.530551  0.000278  0.000278  0.000278  0.467783  0.000278  0.000278  0.000278
0.377636  0.000278  0.000278  0.000278  0.620698  0.000278  0.000278  0.000278
0.864106  0.000295  0.000295  0.000295  0.000295  0.000295  0.000295  0.134126
0.273338  0.000278  0.000278  0.000278  0.724996  0.000278  0.000278  0.000278
0.219496  0.000276  0.000276  0.000276  0.778846  0.000276  0.000276  0.000276
0.795820  0.000280  0.000280  0.000280  0.000280  0.202499  0.000280  0.000280
0.253660  0.000278  0.000278  0.000278  0.744675  0.000278  0.000278  0.000278
0.341544  0.000283  0.000283  0.000283  0.656760  0.000283  0.000283  0.000283
0.480437  0.000279  0.000279  0.000279  0.517890  0.000279  0.000279  0.000279
0.366166  0.000273  0.000273  0.000273  0.632197  0.000273  0.000273  0.000273
0.998012  0.000284  0.000284  0.000284  0.000284  0.000284  0.000284  0.000284
0.092675  0.000272  0.000272  0.000272  0.905695  0.000272  0.000272  0.000271
0.000274  0.000274  0.000274  0.000274  0.779394  0.041730  0.177506  0.000274
0.283124  0.000272  0.000272  0.000272  0.640874  0.074644  0.000272  0.000272
0.294858  0.000272  0.000272  0.000272  0.703513  0.000272  0.000272  0.000271
0.998074  0.000275  0.000275  0.000275  0.000275  0.000275  0.000275  0.000275
0.998012  0.000284  0.000284  0.000284  0.000284  0.000284  0.000284  0.000284
0.998082  0.000274  0.000274  0.000274  0.000274  0.000274  0.000274  0.000274
0.998039  0.000280  0.000280  0.000280  0.000280  0.000280  0.000280  0.000280
0.998057  0.000278  0.000278  0.000278  0.000278  0.000278  0.000278  0.000278
0.998091  0.000273  0.000273  0.000273  0.000273  0.000273  0.000273  0.000273
0.998048  0.000279  0.000279  0.000279  0.000279  0.000279  0.000279  0.000279
0.998082  0.000274  0.000274  0.000274  0.000274  0.000274  0.000274  0.000274
0.998048  0.000279  0.000279  0.000279  0.000279  0.000279  0.000279  0.000279
0.998048  0.000279  0.000279  0.000279  0.000279  0.000279  0.000279  0.000279
0.998065  0.000276  0.000276  0.000276  0.000276  0.000276  0.000276  0.000276
0.998074  0.000275  0.000275  0.000275  0.000275  0.000275  0.000275  0.000275
0.998048  0.000279  0.000279  0.000279  0.000279  0.000279  0.000279  0.000279
0.998074  0.000275  0.000275  0.000275  0.000275  0.000275  0.000275  0.000275
0.998013  0.000284  0.000284  0.000284  0.000284  0.000284  0.000284  0.000284
0.998065  0.000276  0.000276  0.000276  0.000276  0.000277  0.000276  0.000277
0.998039  0.000280  0.000280  0.000280  0.000280  0.000280  0.000280  0.000280
0.998022  0.000283  0.000283  0.000283  0.000283  0.000283  0.000283  0.000283
0.998065  0.000276  0.000276  0.000276  0.000276  0.000276  0.000276  0.000276
0.998057  0.000278  0.000278  0.000278  0.000278  0.000278  0.000278  0.000278
