0.080152  0.000379  0.695255  0.223458  0.000379  0.000378
0.099593  0.000382  0.550799  0.348463  0.000382  0.000381
0.000374  0.000373  0.998133  0.000374  0.000374  0.000372
0.000380  0.000380  0.724190  0.274290  0.000380  0.000379
0.000380  0.000380  0.687785  0.310693  0.000381  0.000381
0.000381  0.000380  0.845531  0.152948  0.000380  0.000380
0.117696  0.000380  0.743522  0.137642  0.000380  0.000379
0.000379  0.000379  0.629377  0.369109  0.000379  0.000378
0.000382  0.000382  0.797512  0.200961  0.000382  0.000381
0.089180  0.000375  0.670838  0.238858  0.000375  0.000374
0.067058  0.000480  0.000480  0.000480  0.000480  0.931021
0.132013  0.000464  0.000464  0.000464  0.000464  0.866130
0.000452  0.284708  0.000452  0.000452  0.000452  0.713484
0.000515  0.000515  0.000515  0.000515  0.000515  0.997425
0.000505  0.000505  0.000505  0.000505  0.000504  0.997478
0.000472  0.245535  0.000472  0.000472  0.000472  0.752577
0.000422  0.178798  0.181972  0.000422  0.000422  0.637963
0.000401  0.723159  0.275239  0.000400  0.000400  0.000401
0.000521  0.000521  0.000521  0.000521  0.000521  0.997395
0.000418  0.000418  0.291282  0.000418  0.000418  0.707045
0.000442  0.142159  0.000443  0.000442  0.000443  0.856071
0.000477  0.000477  0.000477  0.000477  0.000477  0.997615
0.000410  0.657641  0.000410  0.000410  0.000410  0.340718
0.000464  0.364503  0.000464  0.000464  0.000464  0.633640
0.000433  0.385087  0.000434  0.000433  0.000433  0.613179
0.000418  0.793076  0.000418  0.000418  0.000418  0.205252
0.000406  0.918590  0.000406  0.000406  0.000406  0.079785
0.000397  0.896212  0.000396  0.000396  0.000396  0.102202
0.000375  0.000375  0.747397  0.251103  0.000375  0.000374
0.000377  0.000377  0.679424  0.319070  0.000377  0.000376
0.000467  0.000467  0.000467  0.000467  0.000467  0.997663
0.000478  0.000478  0.000478  0.000478  0.000478  0.997611
0.000472  0.000472  0.000472  0.000471  0.000471  0.997642
0.000475  0.000475  0.000475  0.000475  0.000475  0.997625
0.000389  0.588003  0.155674  0.000389  0.000389  0.255156
0.000400  0.890804  0.000400  0.000400  0.000400  0.107595
0.000420  0.414811  0.000420  0.000420  0.000420  0.583509
0.000400  0.622545  0.000400  0.000400  0.000400  0.375854
0.000435  0.444855  0.000435  0.000435  0.000435  0.553404
0.000481  0.000482  0.000481  0.000481  0.000481  0.997593
0.000445  0.443702  0.000444  0.000444  0.000444  0.554520
0.000424  0.449619  0.000424  0.000424  0.000424  0.548685
0.000380  0.052966  0.174291  0.538634  0.233347  0.000381
0.136153  0.000383  0.564498  0.298202  0.000382  0.000382
0.000374  0.000374  0.507676  0.367871  0.123333  0.000373
0.000384  0.000384  0.524208  0.474258  0.000384  0.000383
0.000382  0.000382  0.441698  0.516039  0.000382  0.041116
0.000375  0.000375  0.723991  0.274509  0.000375  0.000374
0.000379  0.000378  0.488501  0.509986  0.000379  0.000377
0.000393  0.000393  0.139418  0.740346  0.119058  0.000393
0.000382  0.000382  0.595996  0.402477  0.000382  0.000381
0.000386  0.000386  0.386455  0.612003  0.000386  0.000385
0.000380  0.000380  0.531824  0.466654  0.000380  0.000381
0.000386  0.000385  0.580603  0.417855  0.000386  0.000385
0.000382  0.000382  0.423862  0.574611  0.000382  0.000381
0.000380  0.000380  0.528318  0.470162  0.000381  0.000379
0.241036  0.000372  0.584001  0.173848  0.000372  0.000371
0.000380  0.000380  0.483459  0.515021  0.000380  0.000379
0.000375  0.000375  0.466061  0.532439  0.000375  0.000374
0.000379  0.000378  0.496592  0.501895  0.000379  0.000377
0.000377  0.000377  0.496047  0.502446  0.000377  0.000376
0.000382  0.000382  0.594302  0.404171  0.000382  0.000381
0.000380  0.000380  0.477312  0.521169  0.000380  0.000379
0.000373  0.000373  0.000374  0.998134  0.000374  0.000372
0.000375  0.000375  0.000375  0.998126  0.000375  0.000374
0.000377  0.000377  0.000377  0.998117  0.000377  0.000376
0.000380  0.000380  0.000380  0.998100  0.000380  0.000379
0.000382  0.000382  0.000382  0.998092  0.000382  0.000381
0.000380  0.000380  0.000380  0.891708  0.106771  0.000381
0.000372  0.000372  0.000372  0.998142  0.000372  0.000371
0.000370  0.000370  0.000370  0.998151  0.000370  0.000369
0.000372  0.000372  0.000372  0.998142  0.000372  0.000371
0.000373  0.000373  0.000374  0.998134  0.000374  0.000373
0.000375  0.000375  0.000375  0.998126  0.000375  0.000374
0.000389  0.000389  0.000389  0.998057  0.000389  0.000388
0.000372  0.000372  0.000372  0.998142  0.000372  0.000371
0.000373  0.000373  0.000374  0.998134  0.000374  0.000372
0.000375  0.000375  0.000375  0.998126  0.000375  0.000374
0.000375  0.000376  0.000375  0.998124  0.000375  0.000375
0.000375  0.000375  0.000375  0.998126  0.000375  0.000374
0.000379  0.000378  0.000379  0.998107  0.000380  0.000378
0.000372  0.000372  0.000372  0.998142  0.000372  0.000371
0.000375  0.000375  0.000375  0.998126  0.000375  0.000374
0.000376  0.000375  0.309726  0.688774  0.000376  0.000374
0.000379  0.000378  0.528626  0.469861  0.000379  0.000378
0.000377  0.000377  0.454167  0.544326  0.000377  0.000376
0.000380  0.000380  0.547971  0.328918  0.121972  0.000379
0.000400  0.000400  0.778448  0.141547  0.000400  0.078805
0.000374  0.000373  0.796327  0.202179  0.000374  0.000373
0.000380  0.000380  0.757409  0.241071  0.000380  0.000379
0.000379  0.000378  0.635478  0.363009  0.000379  0.000377
0.000379  0.000378  0.767859  0.230629  0.000379  0.000377
0.000384  0.000383  0.854711  0.143755  0.000384  0.000383
0.000374  0.000374  0.682870  0.315634  0.000374  0.000375
0.000389  0.000389  0.717892  0.280554  0.000389  0.000388
0.000374  0.000373  0.740421  0.258085  0.000374  0.000373
0.000374  0.000373  0.998133  0.000374  0.000374  0.000373
0.000377  0.000377  0.806912  0.191582  0.000377  0.000376
0.000377  0.000377  0.998116  0.000377  0.000377  0.000376
0.000370  0.000370  0.785790  0.212730  0.000370  0.000369
0.000386  0.000385  0.773181  0.225278  0.000386  0.000385
0.000377  0.000377  0.560189  0.438304  0.000377  0.000376
0.000374  0.000373  0.826239  0.172266  0.000374  0.000374
0.000382  0.033351  0.965119  0.000382  0.000382  0.000382
0.000379  0.000378  0.652134  0.346353  0.000378  0.000377
0.000382  0.000382  0.632159  0.366313  0.000382  0.000381
0.000377  0.000377  0.469332  0.529125  0.000378  0.000411
0.000380  0.000380  0.689878  0.308601  0.000380  0.000380
0.000379  0.000379  0.651885  0.346601  0.000379  0.000378
0.000379  0.000379  0.532769  0.465716  0.000379  0.000379
0.000375  0.000375  0.692333  0.306167  0.000375  0.000374
0.000377  0.000377  0.609817  0.388677  0.000377  0.000376
0.000375  0.036641  0.781120  0.181114  0.000375  0.000375
0.000384  0.000384  0.295803  0.702662  0.000384  0.000383
0.000379  0.000378  0.613474  0.385013  0.000379  0.000378
0.000370  0.000370  0.851211  0.147310  0.000370  0.000369
0.000377  0.000377  0.584406  0.414087  0.000377  0.000377
0.000375  0.000375  0.747719  0.250782  0.000375  0.000374
0.000370  0.000370  0.998150  0.000371  0.000370  0.000369
0.000379  0.000379  0.584097  0.414389  0.000379  0.000378
0.000377  0.000377  0.755376  0.243116  0.000377  0.000378
0.000374  0.000375  0.355826  0.487110  0.155941  0.000374
0.000379  0.000379  0.671829  0.326658  0.000379  0.000378
0.000364  0.873540  0.000364  0.125005  0.000364  0.000363
0.000372  0.998141  0.000372  0.000372  0.000372  0.000371
0.000379  0.998108  0.000379  0.000379  0.000379  0.000377
0.000372  0.998141  0.000372  0.000372  0.000372  0.000371
0.000364  0.998181  0.000364  0.000364  0.000364  0.000363
0.000371  0.998149  0.000371  0.000371  0.000370  0.000369
0.000370  0.998148  0.000370  0.000370  0.000371  0.000370
0.000369  0.998157  0.000369  0.000369  0.000369  0.000367
0.000370  0.998150  0.000370  0.000370  0.000370  0.000369
0.000372  0.898050  0.000372  0.100463  0.000372  0.000371
0.000375  0.866953  0.000375  0.131547  0.000375  0.000374
0.000366  0.998174  0.000366  0.000366  0.000365  0.000364
0.000382  0.998090  0.000382  0.000382  0.000382  0.000382
0.000375  0.998124  0.000375  0.000376  0.000375  0.000374
0.000382  0.998091  0.000382  0.000382  0.000382  0.000381
0.915750  0.082716  0.000384  0.000384  0.000384  0.000383
0.822641  0.000384  0.000384  0.000384  0.175824  0.000383
0.536159  0.190598  0.000398  0.000398  0.272048  0.000398
0.877056  0.068265  0.000377  0.000377  0.053548  0.000377
0.793463  0.000393  0.000393  0.000393  0.204965  0.000392
0.728657  0.131153  0.000427  0.000427  0.000427  0.138910
0.790773  0.091791  0.000381  0.000381  0.116296  0.000379
0.437448  0.158006  0.000402  0.315470  0.088271  0.000401
0.796556  0.000389  0.000389  0.201888  0.000389  0.000388
0.773038  0.027607  0.000379  0.198220  0.000379  0.000378
0.503064  0.000410  0.105900  0.000410  0.000410  0.389805
0.589248  0.117205  0.131207  0.161564  0.000387  0.000388
0.640644  0.000391  0.357792  0.000391  0.000391  0.000390
0.854543  0.000382  0.000382  0.143929  0.000382  0.000381
0.426453  0.233574  0.338795  0.000393  0.000393  0.000392
0.637786  0.059979  0.301078  0.000386  0.000386  0.000385
0.607475  0.099522  0.291808  0.000398  0.000398  0.000398
0.768734  0.156440  0.000384  0.000384  0.073674  0.000383
0.332400  0.268916  0.139885  0.258052  0.000374  0.000373
0.712703  0.000380  0.000381  0.285777  0.000381  0.000379
0.597857  0.075707  0.325258  0.000393  0.000393  0.000392
0.000377  0.903149  0.000377  0.000377  0.000376  0.095344
0.000382  0.923393  0.000382  0.000383  0.000382  0.075077
0.000386  0.930104  0.000386  0.000386  0.000385  0.068354
0.000358  0.862208  0.000358  0.136361  0.000358  0.000357
0.000372  0.858243  0.000372  0.000372  0.000372  0.140269
0.000379  0.920551  0.000379  0.000379  0.000379  0.077934
0.000528  0.065180  0.000528  0.000528  0.000528  0.932708
0.000503  0.000503  0.000503  0.000502  0.000503  0.997487
0.000520  0.000520  0.000520  0.000520  0.000520  0.997399
0.000504  0.000505  0.000505  0.000505  0.000505  0.997477
0.000479  0.000479  0.000479  0.000479  0.000478  0.997606
0.000440  0.672553  0.000440  0.000440  0.000440  0.325687
0.000454  0.000454  0.000454  0.000454  0.000454  0.997730
0.000488  0.174830  0.000488  0.000488  0.000488  0.823218
0.000491  0.176349  0.000491  0.000491  0.000491  0.821686
0.000420  0.537285  0.000420  0.000420  0.000420  0.461034
0.000408  0.563465  0.145202  0.000408  0.000408  0.290108
0.000418  0.472495  0.000418  0.000418  0.000418  0.525832
0.000382  0.000382  0.381752  0.616721  0.000382  0.000381
0.000372  0.000372  0.000372  0.862349  0.136163  0.000371
0.081595  0.000384  0.000384  0.916870  0.000384  0.000384
0.000387  0.000387  0.202622  0.795830  0.000387  0.000387
0.000391  0.000391  0.322043  0.676395  0.000391  0.000390
0.000384  0.000383  0.000384  0.998082  0.000384  0.000383
0.000369  0.000368  0.000369  0.998157  0.000369  0.000368
0.000382  0.000382  0.000382  0.998091  0.000382  0.000381
0.000386  0.000385  0.000386  0.998074  0.000386  0.000384
0.000384  0.000384  0.000384  0.958560  0.039905  0.000383
0.098535  0.000370  0.000371  0.899984  0.000371  0.000369
0.000377  0.000376  0.000377  0.998115  0.000377  0.000377
0.000391  0.000391  0.000391  0.882583  0.115854  0.000390
0.000391  0.000391  0.000391  0.818311  0.180126  0.000390
0.000377  0.000376  0.998118  0.000377  0.000377  0.000376
0.000378  0.000378  0.998109  0.000378  0.000379  0.000377
0.000373  0.000374  0.998133  0.000373  0.000373  0.000373
0.000375  0.000375  0.998125  0.000375  0.000375  0.000374
0.000375  0.000375  0.998126  0.000375  0.000375  0.000374
0.000382  0.000382  0.998091  0.000382  0.000382  0.000381
0.000375  0.000375  0.998125  0.000375  0.000375  0.000375
0.000375  0.000375  0.998126  0.000375  0.000375  0.000374
0.000378  0.000378  0.998109  0.000378  0.000378  0.000377
0.000379  0.000378  0.998106  0.000379  0.000379  0.000379
0.000378  0.000378  0.998109  0.000379  0.000379  0.000377
0.000370  0.000370  0.998151  0.000370  0.000370  0.000369
0.000375  0.000375  0.998126  0.000375  0.000375  0.000374
0.000379  0.000379  0.998106  0.000378  0.000379  0.000379
0.000373  0.000374  0.998133  0.000374  0.000373  0.000373
0.000377  0.000376  0.998118  0.000377  0.000377  0.000375
0.000370  0.000370  0.998151  0.000370  0.000370  0.000369
0.000369  0.000369  0.998157  0.000369  0.000369  0.000368
0.000373  0.000373  0.998135  0.000373  0.000374  0.000372
0.000372  0.000372  0.932689  0.065824  0.000372  0.000371
0.000373  0.000374  0.998133  0.000374  0.000374  0.000373
0.000485  0.000485  0.000485  0.000486  0.000485  0.997574
0.355349  0.129458  0.000420  0.000420  0.000420  0.513933
0.000489  0.000489  0.000489  0.000489  0.000489  0.997555
0.000406  0.661425  0.172623  0.084005  0.000406  0.081135
0.000499  0.000500  0.000500  0.000500  0.000500  0.997502
0.000512  0.000513  0.000513  0.000512  0.000512  0.997438
0.000452  0.241528  0.000452  0.000452  0.000452  0.756665
0.000464  0.291437  0.000464  0.000464  0.000464  0.706705
0.000493  0.000493  0.000493  0.000493  0.000493  0.997536
0.000492  0.187956  0.000491  0.000491  0.000491  0.810079
0.000556  0.000556  0.000556  0.000555  0.000555  0.997221
0.000533  0.000534  0.000533  0.000533  0.000533  0.997334
0.000491  0.000491  0.000491  0.000491  0.000492  0.997543
0.047631  0.000385  0.548152  0.403061  0.000386  0.000385
0.000374  0.000374  0.822271  0.176235  0.000374  0.000373
0.000379  0.000378  0.457193  0.362034  0.179637  0.000378
0.000375  0.000375  0.810421  0.188078  0.000375  0.000375
0.000380  0.000380  0.870990  0.127490  0.000380  0.000379
0.000372  0.000372  0.874399  0.124114  0.000372  0.000371
0.000386  0.000386  0.695992  0.302465  0.000386  0.000385
0.067166  0.000377  0.662417  0.269287  0.000377  0.000376
0.000376  0.000375  0.519560  0.478939  0.000375  0.000375
0.105853  0.000378  0.892634  0.000379  0.000379  0.000378
0.000379  0.000378  0.998108  0.000379  0.000379  0.000378
0.000370  0.000370  0.758656  0.239863  0.000372  0.000369
0.040893  0.000381  0.873461  0.084505  0.000380  0.000380
0.135266  0.000385  0.863193  0.000386  0.000385  0.000384
0.136861  0.000378  0.516017  0.345987  0.000379  0.000378
0.000386  0.000386  0.596436  0.402022  0.000386  0.000385
0.246526  0.000384  0.751938  0.000384  0.000384  0.000384
0.000380  0.000380  0.515139  0.483340  0.000381  0.000379
0.000377  0.000377  0.652090  0.346403  0.000377  0.000376
0.000382  0.000382  0.805505  0.192968  0.000382  0.000381
0.000386  0.000385  0.746172  0.252286  0.000386  0.000385
0.000384  0.000384  0.277813  0.720653  0.000384  0.000383
0.000379  0.000378  0.366965  0.631522  0.000379  0.000378
0.000397  0.000396  0.000397  0.752620  0.245795  0.000395
0.000386  0.000386  0.178708  0.819747  0.000388  0.000386
0.000377  0.000377  0.252219  0.746274  0.000377  0.000376
0.000379  0.000378  0.401564  0.596922  0.000379  0.000378
0.000379  0.000379  0.206841  0.597993  0.194029  0.000379
0.000382  0.000382  0.238054  0.760419  0.000382  0.000381
0.000372  0.000372  0.000372  0.919718  0.078795  0.000371
0.117289  0.000375  0.236439  0.597742  0.000376  0.047780
0.000377  0.000377  0.236752  0.761742  0.000377  0.000376
0.000380  0.000380  0.286444  0.712036  0.000380  0.000379
0.000377  0.000377  0.411618  0.586876  0.000377  0.000376
0.000391  0.000391  0.345880  0.652557  0.000391  0.000390
0.000384  0.000383  0.381422  0.617043  0.000384  0.000383
0.000382  0.000382  0.383352  0.615121  0.000382  0.000381
0.111485  0.000380  0.000381  0.784149  0.103226  0.000379
0.000389  0.000389  0.377321  0.621123  0.000389  0.000388
0.000381  0.000380  0.307740  0.690739  0.000381  0.000379
0.000382  0.000382  0.172701  0.825771  0.000382  0.000381
0.000395  0.000394  0.283038  0.715385  0.000395  0.000394
0.000382  0.000382  0.895068  0.103405  0.000382  0.000381
0.000387  0.000387  0.998064  0.000388  0.000387  0.000386
0.000396  0.000396  0.867669  0.130746  0.000397  0.000395
0.000379  0.000379  0.791226  0.207260  0.000379  0.000378
0.000384  0.000384  0.998082  0.000384  0.000384  0.000383
0.000385  0.000386  0.998073  0.000386  0.000386  0.000385
0.000377  0.000377  0.926901  0.071592  0.000377  0.000376
0.000385  0.000386  0.998072  0.000386  0.000386  0.000385
0.000379  0.000378  0.752113  0.246374  0.000379  0.000377
0.000374  0.000374  0.998133  0.000374  0.000374  0.000373
0.000380  0.019752  0.823440  0.155667  0.000380  0.000379
0.000380  0.000380  0.860759  0.137721  0.000380  0.000379
0.000387  0.000387  0.998065  0.000388  0.000387  0.000386
0.000384  0.000383  0.807291  0.191176  0.000384  0.000383
0.000384  0.000384  0.998082  0.000384  0.000384  0.000383
0.000384  0.000384  0.800005  0.198461  0.000384  0.000382
0.000386  0.000386  0.998073  0.000386  0.000386  0.000385
0.000386  0.064486  0.933972  0.000386  0.000386  0.000385
0.000393  0.000393  0.998037  0.000393  0.000393  0.000392
0.000367  0.000368  0.998165  0.000367  0.000367  0.000367
0.000379  0.000379  0.998107  0.000379  0.000379  0.000378
0.000374  0.000373  0.998133  0.000374  0.000374  0.000372
0.000369  0.000368  0.998157  0.000369  0.000369  0.000367
0.000367  0.000367  0.998167  0.000367  0.000367  0.000366
0.000367  0.000367  0.971284  0.000367  0.027249  0.000366
0.000369  0.000369  0.841387  0.157139  0.000369  0.000368
0.000375  0.000375  0.998125  0.000375  0.000375  0.000375
0.000367  0.000367  0.998166  0.000367  0.000367  0.000366
0.000371  0.000370  0.998148  0.000371  0.000371  0.000369
0.000371  0.000371  0.998148  0.000370  0.000370  0.000370
0.000372  0.000372  0.998140  0.000372  0.000372  0.000372
0.000372  0.000372  0.998142  0.000372  0.000372  0.000371
0.000370  0.000370  0.998150  0.000370  0.000370  0.000369
0.228319  0.000377  0.770175  0.000377  0.000377  0.000376
0.078388  0.000372  0.920125  0.000372  0.000372  0.000371
0.000369  0.000368  0.998158  0.000369  0.000369  0.000367
0.000369  0.000369  0.998158  0.000369  0.000369  0.000367
0.000372  0.000372  0.968197  0.000373  0.000372  0.030314
0.000370  0.000370  0.826934  0.138313  0.000371  0.033642
0.000367  0.000367  0.998166  0.000367  0.000367  0.000366
0.000398  0.936847  0.000398  0.000398  0.061559  0.000399
0.000378  0.998108  0.000378  0.000378  0.000378  0.000378
0.000400  0.886642  0.000400  0.000400  0.000400  0.111758
0.000385  0.998073  0.000386  0.000385  0.000385  0.000385
0.000384  0.998081  0.000384  0.000384  0.000384  0.000383
0.000422  0.570116  0.128466  0.000422  0.000422  0.300152
0.000369  0.998156  0.000369  0.000369  0.000369  0.000368
0.000404  0.797221  0.000404  0.000404  0.000404  0.201164
0.000369  0.998156  0.000369  0.000369  0.000369  0.000368
0.000382  0.998090  0.000382  0.000382  0.000382  0.000381
0.000389  0.998054  0.000389  0.000389  0.000389  0.000389
0.000393  0.998036  0.000393  0.000393  0.000393  0.000393
0.000387  0.943192  0.055258  0.000387  0.000387  0.000388
0.000427  0.638133  0.000427  0.000426  0.000426  0.360161
0.000391  0.905152  0.000391  0.000391  0.000391  0.093284
0.000396  0.821284  0.000397  0.000396  0.000396  0.177130
0.000384  0.998081  0.000384  0.000384  0.000384  0.000383
0.000396  0.998019  0.000396  0.000396  0.000396  0.000397
0.000383  0.998082  0.000384  0.000384  0.000383  0.000384
0.000391  0.832337  0.000391  0.000391  0.000391  0.166099
0.000393  0.998037  0.000393  0.000393  0.000393  0.000392
0.000437  0.470718  0.000438  0.000438  0.000437  0.527532
0.000378  0.000378  0.000378  0.000378  0.998109  0.000378
0.000367  0.000366  0.000367  0.000367  0.998167  0.000366
0.000379  0.000379  0.000379  0.000378  0.998106  0.000379
0.000370  0.000370  0.000370  0.000370  0.998151  0.000369
0.000370  0.000370  0.000370  0.000370  0.998151  0.000369
0.000373  0.000373  0.000374  0.000374  0.998134  0.000372
0.000373  0.000373  0.000374  0.000374  0.998135  0.000372
0.000396  0.000396  0.000396  0.000396  0.998019  0.000397
0.000373  0.000373  0.000374  0.000374  0.998134  0.000372
0.000372  0.000371  0.000372  0.000372  0.998142  0.000371
0.000377  0.000378  0.000377  0.000377  0.998114  0.000377
0.000373  0.000373  0.000374  0.000374  0.998134  0.000372
0.000380  0.000380  0.000380  0.000380  0.998100  0.000379
0.000375  0.000375  0.000375  0.000375  0.998126  0.000374
0.000367  0.000367  0.000367  0.000367  0.998166  0.000366
0.000382  0.000382  0.000382  0.000382  0.998091  0.000381
0.000365  0.000365  0.000366  0.000365  0.998175  0.000364
0.000368  0.000368  0.000369  0.000369  0.998157  0.000368
0.000365  0.000365  0.000366  0.000365  0.998174  0.000365
0.000365  0.000365  0.000366  0.000366  0.998175  0.000364
0.998150  0.000370  0.000370  0.000370  0.000370  0.000369
0.998089  0.000382  0.000382  0.000382  0.000382  0.000382
0.998159  0.000368  0.000369  0.000369  0.000368  0.000367
0.998116  0.000377  0.000377  0.000377  0.000377  0.000376
0.998134  0.000373  0.000374  0.000374  0.000373  0.000372
0.998165  0.000367  0.000367  0.000367  0.000367  0.000366
0.998125  0.000375  0.000375  0.000375  0.000375  0.000374
0.998158  0.000368  0.000369  0.000369  0.000369  0.000368
0.998125  0.000375  0.000375  0.000375  0.000375  0.000374
0.998126  0.000375  0.000375  0.000375  0.000375  0.000374
0.998141  0.000372  0.000372  0.000372  0.000372  0.000371
0.998150  0.000370  0.000371  0.000370  0.000370  0.000369
0.998126  0.000375  0.000375  0.000375  0.000375  0.000374
0.998150  0.000370  0.000370  0.000371  0.000370  0.000369
0.998090  0.000382  0.000382  0.000382  0.000382  0.000382
0.877916  0.078866  0.000372  0.000372  0.000372  0.042103
0.998117  0.000377  0.000377  0.000377  0.000377  0.000376
0.998100  0.000380  0.000380  0.000380  0.000380  0.000379
0.998141  0.000372  0.000372  0.000372  0.000372  0.000371
0.998133  0.000373  0.000374  0.000374  0.000373  0.000372
