0.000378  0.000383  0.659432  0.000379  0.000379  0.339049
0.000381  0.000382  0.582800  0.000382  0.000382  0.415672
0.000372  0.000373  0.778442  0.000374  0.000373  0.220065
0.000379  0.000380  0.706968  0.000380  0.000381  0.291512
0.000382  0.000380  0.669767  0.000380  0.127683  0.201408
0.000380  0.000380  0.860422  0.000380  0.000380  0.138057
0.000379  0.000380  0.875333  0.123147  0.000381  0.000381
0.000378  0.000379  0.933010  0.000379  0.065476  0.000379
0.000381  0.000382  0.998091  0.000382  0.000382  0.000382
0.000374  0.000375  0.689146  0.130442  0.000375  0.179287
0.947308  0.050769  0.000482  0.000481  0.000480  0.000480
0.882444  0.115698  0.000465  0.000465  0.000464  0.000464
0.716245  0.281947  0.000452  0.000452  0.000452  0.000452
0.997424  0.000515  0.000515  0.000515  0.000515  0.000516
0.997477  0.000505  0.000504  0.000505  0.000504  0.000505
0.761430  0.236683  0.000472  0.000472  0.000472  0.000472
0.653341  0.344969  0.000423  0.000422  0.000422  0.000423
0.000401  0.767992  0.000401  0.000401  0.094479  0.136327
0.997396  0.000521  0.000521  0.000521  0.000521  0.000521
0.708759  0.000418  0.000418  0.000418  0.000418  0.289568
0.858525  0.139705  0.000443  0.000442  0.000443  0.000442
0.997615  0.000477  0.000477  0.000477  0.000477  0.000477
0.340781  0.616681  0.000410  0.000410  0.041307  0.000410
0.639646  0.358497  0.000464  0.000464  0.000464  0.000464
0.618840  0.379428  0.000433  0.000433  0.000433  0.000433
0.210305  0.788022  0.000418  0.000418  0.000418  0.000418
0.095420  0.902956  0.000406  0.000406  0.000406  0.000406
0.118570  0.879844  0.000396  0.000397  0.000396  0.000396
0.000374  0.000375  0.791192  0.000375  0.000375  0.207308
0.000376  0.000377  0.998115  0.000377  0.000377  0.000377
0.997664  0.000467  0.000467  0.000467  0.000467  0.000467
0.997612  0.000478  0.000478  0.000478  0.000477  0.000478
0.997642  0.000472  0.000471  0.000471  0.000471  0.000471
0.997625  0.000475  0.000475  0.000475  0.000475  0.000475
0.268562  0.612354  0.117916  0.000389  0.000389  0.000389
0.113462  0.884937  0.000400  0.000400  0.000400  0.000400
0.586612  0.411707  0.000420  0.000420  0.000420  0.000420
0.383563  0.614835  0.000400  0.000400  0.000400  0.000400
0.560897  0.437362  0.000435  0.000435  0.000435  0.000435
0.997593  0.000482  0.000481  0.000481  0.000481  0.000481
0.562125  0.436098  0.000444  0.000445  0.000444  0.000444
0.555673  0.442630  0.000424  0.000424  0.000424  0.000424
0.000381  0.078646  0.000381  0.000381  0.052102  0.868111
0.000382  0.000385  0.000382  0.000382  0.000382  0.998086
0.000373  0.000373  0.305782  0.000374  0.000374  0.692724
0.000383  0.000384  0.417807  0.000384  0.000384  0.580658
0.027079  0.000382  0.000382  0.000382  0.000382  0.971391
0.000374  0.000375  0.193555  0.000375  0.000375  0.804945
0.000378  0.000378  0.234260  0.000379  0.000379  0.764226
0.000393  0.000393  0.000393  0.000393  0.000393  0.998036
0.000381  0.000382  0.000382  0.000382  0.000382  0.998091
0.000385  0.000386  0.000386  0.000386  0.000386  0.998072
0.000380  0.000380  0.211590  0.000380  0.000380  0.786889
0.000385  0.000385  0.201957  0.000386  0.000385  0.796502
0.000381  0.000382  0.000382  0.000382  0.000382  0.998091
0.000379  0.000380  0.000381  0.000380  0.000380  0.998099
0.000371  0.000372  0.265329  0.216936  0.000372  0.516620
0.000379  0.000380  0.108459  0.000380  0.000380  0.890021
0.000374  0.000375  0.000376  0.000375  0.000376  0.998123
0.000377  0.000378  0.000379  0.000379  0.000379  0.998108
0.000376  0.000377  0.000377  0.000377  0.000377  0.998117
0.000381  0.000382  0.152167  0.000382  0.000382  0.846307
0.000379  0.000380  0.164037  0.000380  0.000380  0.834443
0.000372  0.000373  0.000374  0.000373  0.998134  0.000374
0.000374  0.000375  0.000375  0.000375  0.998126  0.000375
0.000376  0.000377  0.000377  0.000377  0.998117  0.000377
0.000379  0.000380  0.000380  0.000380  0.998101  0.000380
0.000381  0.000382  0.000382  0.000382  0.998092  0.000382
0.000380  0.000380  0.000380  0.000380  0.998099  0.000380
0.000371  0.000372  0.000372  0.000372  0.998142  0.000372
0.000369  0.000370  0.000370  0.000370  0.998150  0.000370
0.000371  0.000371  0.000372  0.000372  0.998143  0.000372
0.000372  0.000373  0.000374  0.000373  0.998134  0.000374
0.000374  0.000375  0.000375  0.000375  0.998126  0.000375
0.000388  0.000389  0.000389  0.000389  0.998056  0.000389
0.000370  0.000371  0.000372  0.000372  0.998142  0.000372
0.000372  0.000373  0.000374  0.000373  0.998133  0.000374
0.000374  0.000375  0.000375  0.000375  0.998126  0.000375
0.000374  0.000375  0.000375  0.000375  0.998126  0.000375
0.000374  0.000375  0.000375  0.000375  0.998126  0.000375
0.000377  0.000378  0.000379  0.000379  0.998108  0.000379
0.000371  0.000372  0.000372  0.000372  0.998142  0.000372
0.000374  0.000375  0.000375  0.000375  0.998126  0.000375
0.000374  0.000375  0.584541  0.210729  0.203606  0.000376
0.000378  0.000378  0.675664  0.126996  0.196205  0.000379
0.000376  0.000377  0.709908  0.288585  0.000377  0.000377
0.000381  0.000380  0.770644  0.000381  0.227835  0.000381
0.063694  0.000400  0.000401  0.000400  0.085504  0.849601
0.000373  0.000373  0.998132  0.000374  0.000374  0.000374
0.000379  0.000380  0.874648  0.000381  0.000380  0.123832
0.000378  0.000378  0.916241  0.000379  0.082246  0.000379
0.000377  0.000378  0.719889  0.000379  0.000379  0.278598
0.000383  0.000383  0.857333  0.000384  0.000384  0.141133
0.000374  0.000374  0.619129  0.000374  0.000374  0.379376
0.000388  0.000389  0.905878  0.000389  0.092567  0.000389
0.000373  0.000373  0.841014  0.000374  0.157493  0.000374
0.000373  0.000373  0.840547  0.000374  0.000374  0.157959
0.000376  0.000377  0.998116  0.000377  0.000377  0.000377
0.000376  0.000377  0.998116  0.000377  0.000377  0.000377
0.000369  0.000370  0.998149  0.000370  0.000371  0.000371
0.000385  0.000385  0.942467  0.000386  0.055992  0.000386
0.000376  0.000377  0.563636  0.000377  0.000377  0.434857
0.000374  0.000373  0.643666  0.000374  0.000374  0.354839
0.000383  0.000382  0.000382  0.000382  0.000382  0.998089
0.000377  0.000378  0.000379  0.000378  0.000378  0.998109
0.000381  0.000382  0.000382  0.000382  0.000382  0.998091
0.000376  0.000377  0.000377  0.000377  0.000377  0.998116
0.000379  0.000380  0.000380  0.000380  0.000380  0.998100
0.000377  0.000378  0.000379  0.000378  0.000379  0.998109
0.000378  0.000378  0.000379  0.000379  0.000379  0.998108
0.000374  0.000375  0.000375  0.000375  0.000375  0.998125
0.000376  0.000377  0.000377  0.000377  0.000377  0.998117
0.000375  0.000376  0.000375  0.000376  0.000375  0.998123
0.000383  0.000384  0.000384  0.000384  0.000384  0.998082
0.000378  0.000378  0.000379  0.000379  0.000379  0.998107
0.000369  0.000370  0.000370  0.000370  0.000370  0.998150
0.000376  0.000377  0.000377  0.000377  0.000377  0.998116
0.000374  0.000375  0.000375  0.000375  0.000375  0.998126
0.000369  0.000370  0.171839  0.000370  0.000370  0.826681
0.000378  0.000378  0.000379  0.000379  0.000378  0.998109
0.000376  0.000377  0.000377  0.000377  0.000377  0.998116
0.000374  0.027270  0.000374  0.000374  0.000374  0.971234
0.000378  0.000378  0.000379  0.000378  0.000379  0.998108
0.000363  0.998180  0.000364  0.000364  0.000364  0.000364
0.000371  0.998141  0.000372  0.000372  0.000372  0.000372
0.000377  0.998108  0.000379  0.000379  0.000379  0.000379
0.000371  0.998141  0.000372  0.000372  0.000372  0.000372
0.000363  0.998181  0.000364  0.000364  0.000364  0.000364
0.000369  0.998149  0.000370  0.000371  0.000370  0.000370
0.000370  0.998149  0.000370  0.000370  0.000370  0.000370
0.000367  0.998157  0.000369  0.000369  0.000369  0.000369
0.000369  0.998149  0.000370  0.000370  0.000370  0.000370
0.000371  0.998141  0.000372  0.000372  0.000372  0.000372
0.000374  0.884514  0.000375  0.113985  0.000376  0.000375
0.000364  0.998174  0.000366  0.000366  0.000365  0.000366
0.000382  0.998090  0.000382  0.000382  0.000382  0.000382
0.000374  0.998124  0.000375  0.000375  0.000375  0.000375
0.000381  0.998091  0.000382  0.000382  0.000382  0.000382
0.000383  0.065361  0.000384  0.933105  0.000384  0.000384
0.000383  0.000384  0.000385  0.998079  0.000384  0.000384
0.064052  0.137986  0.000399  0.796767  0.000398  0.000399
0.000377  0.063402  0.000377  0.935089  0.000377  0.000377
0.000392  0.000393  0.121820  0.876609  0.000393  0.000393
0.148093  0.102103  0.000427  0.748525  0.000427  0.000427
0.000379  0.157649  0.000381  0.840830  0.000381  0.000381
0.000402  0.140546  0.000402  0.494229  0.127081  0.237340
0.000388  0.000389  0.090250  0.908193  0.000389  0.000389
0.000378  0.116998  0.000379  0.881487  0.000379  0.000379
0.399998  0.000410  0.000410  0.598361  0.000410  0.000410
0.000388  0.122659  0.000388  0.666472  0.000387  0.209706
0.000391  0.000391  0.341220  0.657217  0.000391  0.000391
0.000381  0.000382  0.131517  0.866955  0.000382  0.000382
0.000392  0.244943  0.300801  0.453078  0.000393  0.000393
0.000385  0.000386  0.000386  0.701714  0.000386  0.296743
0.000398  0.119572  0.166233  0.712999  0.000398  0.000399
0.000383  0.107174  0.077085  0.814590  0.000384  0.000384
0.000373  0.265014  0.000374  0.559959  0.173906  0.000374
0.000379  0.000380  0.134701  0.778360  0.085799  0.000381
0.000392  0.098187  0.266851  0.633784  0.000393  0.000393
0.082585  0.915908  0.000377  0.000377  0.000377  0.000377
0.074445  0.924026  0.000382  0.000382  0.000382  0.000382
0.060111  0.938347  0.000386  0.000386  0.000386  0.000385
0.000357  0.932702  0.000358  0.065866  0.000358  0.000358
0.132358  0.866154  0.000372  0.000372  0.000372  0.000372
0.076547  0.921938  0.000379  0.000379  0.000379  0.000379
0.934028  0.063859  0.000528  0.000528  0.000528  0.000528
0.997487  0.000503  0.000503  0.000503  0.000502  0.000503
0.997399  0.000520  0.000520  0.000520  0.000520  0.000520
0.997477  0.000505  0.000505  0.000504  0.000505  0.000504
0.997606  0.000479  0.000479  0.000479  0.000479  0.000479
0.327845  0.670395  0.000440  0.000440  0.000440  0.000440
0.997731  0.000454  0.000454  0.000454  0.000454  0.000454
0.826063  0.171984  0.000488  0.000488  0.000488  0.000488
0.823782  0.174254  0.000491  0.000491  0.000491  0.000491
0.468871  0.529448  0.000420  0.000420  0.000420  0.000420
0.302608  0.695758  0.000408  0.000408  0.000409  0.000409
0.530994  0.467333  0.000418  0.000418  0.000418  0.000418
0.000381  0.000382  0.204724  0.000382  0.000382  0.793749
0.000371  0.000372  0.000372  0.119542  0.000372  0.878971
0.000384  0.000384  0.000384  0.106824  0.106618  0.785406
0.000387  0.000387  0.000388  0.000387  0.000387  0.998063
0.000390  0.000391  0.173860  0.000391  0.000391  0.824577
0.000383  0.000383  0.000384  0.000384  0.000384  0.998082
0.000368  0.000368  0.000369  0.052047  0.000369  0.946479
0.000381  0.000382  0.000382  0.000383  0.000382  0.998090
0.000384  0.000385  0.000386  0.000386  0.000386  0.998074
0.000383  0.000384  0.000384  0.000388  0.155111  0.843350
0.000369  0.000370  0.000371  0.145061  0.000371  0.853459
0.000376  0.000377  0.000377  0.000377  0.000377  0.998116
0.000390  0.000391  0.000391  0.112480  0.000391  0.885957
0.000390  0.000391  0.000391  0.151245  0.000391  0.847192
0.000376  0.000377  0.998117  0.000377  0.000377  0.000377
0.000377  0.000378  0.998109  0.000379  0.000378  0.000379
0.000373  0.000374  0.998132  0.000373  0.000373  0.000374
0.000374  0.000375  0.998125  0.000375  0.000375  0.000375
0.000374  0.000375  0.998126  0.000375  0.000375  0.000375
0.000381  0.000382  0.998092  0.000382  0.000382  0.000382
0.000375  0.000375  0.998125  0.000375  0.000375  0.000376
0.000374  0.000375  0.998125  0.000375  0.000375  0.000375
0.000377  0.000378  0.998109  0.000378  0.000378  0.000379
0.000378  0.000378  0.998108  0.000379  0.000379  0.000379
0.000377  0.000378  0.998109  0.000378  0.000378  0.000379
0.000369  0.000370  0.998151  0.000370  0.000370  0.000370
0.000374  0.000375  0.998125  0.000375  0.000375  0.000375
0.000378  0.000379  0.998106  0.000379  0.000378  0.000379
0.000373  0.000373  0.998133  0.000373  0.000373  0.000374
0.000375  0.000376  0.998117  0.000377  0.000377  0.000377
0.000369  0.000370  0.998151  0.000370  0.000370  0.000370
0.000368  0.000369  0.998157  0.000369  0.000369  0.000369
0.000372  0.000373  0.998134  0.000373  0.000373  0.000374
0.000371  0.000372  0.998141  0.000372  0.000372  0.000372
0.000373  0.000374  0.998133  0.000373  0.000373  0.000374
0.997573  0.000485  0.000485  0.000485  0.000486  0.000485
0.517040  0.126988  0.000420  0.354712  0.000420  0.000420
0.997555  0.000489  0.000489  0.000489  0.000489  0.000489
0.098757  0.729647  0.000406  0.000406  0.170377  0.000406
0.997502  0.000500  0.000499  0.000500  0.000500  0.000500
0.997438  0.000513  0.000513  0.000512  0.000512  0.000513
0.763851  0.234342  0.000452  0.000452  0.000452  0.000452
0.711339  0.286804  0.000464  0.000464  0.000464  0.000464
0.997536  0.000493  0.000493  0.000493  0.000493  0.000493
0.811480  0.186555  0.000491  0.000492  0.000491  0.000491
0.997221  0.000556  0.000556  0.000556  0.000555  0.000556
0.997335  0.000534  0.000533  0.000533  0.000533  0.000533
0.997544  0.000491  0.000491  0.000491  0.000491  0.000491
0.000385  0.000385  0.698897  0.202565  0.097382  0.000386
0.000373  0.000374  0.998132  0.000374  0.000374  0.000374
0.000378  0.000378  0.729582  0.121907  0.147375  0.000379
0.000375  0.000376  0.998123  0.000375  0.000376  0.000375
0.000379  0.000380  0.998099  0.000381  0.000381  0.000380
0.000371  0.000372  0.998141  0.000372  0.000372  0.000372
0.000385  0.034832  0.881185  0.000386  0.082827  0.000386
0.000376  0.000377  0.679879  0.113412  0.205579  0.000377
0.000375  0.000375  0.628722  0.369777  0.000375  0.000375
0.000378  0.000378  0.906463  0.092024  0.000379  0.000379
0.000378  0.000378  0.998108  0.000379  0.000379  0.000379
0.000369  0.000370  0.998149  0.000370  0.000370  0.000371
0.000380  0.051087  0.947391  0.000381  0.000381  0.000380
0.000384  0.000385  0.858354  0.140105  0.000386  0.000386
0.000378  0.000378  0.673924  0.180732  0.144209  0.000379
0.000385  0.000386  0.791055  0.000386  0.207403  0.000386
0.000384  0.000384  0.712135  0.286329  0.000384  0.000384
0.000379  0.000380  0.771901  0.000380  0.226579  0.000380
0.000376  0.000377  0.666961  0.050172  0.000377  0.281737
0.000381  0.000382  0.875170  0.000382  0.123303  0.000382
0.000385  0.000385  0.869394  0.129064  0.000386  0.000386
0.000383  0.000384  0.000384  0.483485  0.514980  0.000384
0.000378  0.000378  0.000379  0.503613  0.494872  0.000379
0.000396  0.000396  0.687444  0.310971  0.000397  0.000397
0.000385  0.000385  0.000386  0.317917  0.000386  0.680541
0.000376  0.000377  0.293217  0.000377  0.150613  0.555039
0.000378  0.000378  0.000379  0.322606  0.000379  0.675880
0.000379  0.000379  0.000379  0.391498  0.000379  0.606987
0.000381  0.000382  0.000382  0.546938  0.451534  0.000383
0.000371  0.000372  0.000372  0.284837  0.000372  0.713676
0.038206  0.000375  0.160282  0.280428  0.000375  0.520333
0.000376  0.000377  0.000377  0.269885  0.000377  0.728609
0.000379  0.000380  0.000381  0.086240  0.126092  0.786528
0.000376  0.000377  0.606712  0.252322  0.139835  0.000377
0.000390  0.000391  0.659110  0.339327  0.000391  0.000391
0.000383  0.000383  0.534161  0.396363  0.068325  0.000384
0.000381  0.000382  0.526004  0.276539  0.196312  0.000382
0.000379  0.000380  0.000381  0.398767  0.000381  0.599713
0.000388  0.000389  0.000389  0.218814  0.111367  0.668653
0.000380  0.000381  0.000388  0.998090  0.000381  0.000381
0.000381  0.000382  0.000383  0.481747  0.516724  0.000383
0.000394  0.000394  0.000395  0.273461  0.000395  0.724961
0.000381  0.000382  0.998090  0.000382  0.000382  0.000382
0.000386  0.000387  0.998064  0.000387  0.000388  0.000388
0.000395  0.000396  0.872488  0.000396  0.000397  0.125927
0.000378  0.000379  0.697561  0.000379  0.000379  0.300924
0.000383  0.000384  0.998082  0.000384  0.000384  0.000384
0.000385  0.000386  0.998073  0.000385  0.000386  0.000386
0.000376  0.000377  0.895137  0.000377  0.103356  0.000377
0.000385  0.000386  0.998072  0.000386  0.000386  0.000386
0.000377  0.000378  0.663320  0.000379  0.000379  0.335167
0.000373  0.000374  0.998132  0.000374  0.000374  0.000374
0.000380  0.000381  0.666951  0.000381  0.000381  0.331526
0.000379  0.000380  0.930453  0.000380  0.068027  0.000381
0.000386  0.000387  0.998065  0.000387  0.000388  0.000388
0.000383  0.000384  0.921078  0.000384  0.000384  0.077388
0.000383  0.000384  0.729632  0.000384  0.000384  0.268834
0.000382  0.000384  0.670404  0.000384  0.000384  0.328062
0.000385  0.000386  0.950454  0.000386  0.000386  0.048004
0.000385  0.000386  0.891107  0.000386  0.107350  0.000386
0.000392  0.000393  0.917876  0.000393  0.000393  0.080554
0.000367  0.000368  0.998164  0.000367  0.000367  0.000367
0.000377  0.000378  0.998108  0.000379  0.000379  0.000379
0.000372  0.000373  0.998133  0.000374  0.000374  0.000374
0.000367  0.000368  0.998158  0.000369  0.000369  0.000369
0.000366  0.000367  0.998166  0.000367  0.000367  0.000367
0.000366  0.000367  0.998166  0.000367  0.000367  0.000367
0.000368  0.000369  0.998155  0.000369  0.000370  0.000369
0.000375  0.000375  0.998124  0.000375  0.000375  0.000375
0.000366  0.000367  0.998166  0.000367  0.000367  0.000367
0.000369  0.000370  0.998150  0.000370  0.000370  0.000370
0.000370  0.023493  0.975026  0.000371  0.000370  0.000370
0.000372  0.000372  0.998141  0.000372  0.000372  0.000372
0.000371  0.000372  0.998141  0.000372  0.000372  0.000372
0.000369  0.000370  0.998150  0.000370  0.000370  0.000370
0.000376  0.000377  0.765305  0.233188  0.000377  0.000377
0.000371  0.000372  0.998141  0.000372  0.000372  0.000372
0.000367  0.000368  0.998158  0.000369  0.000369  0.000369
0.000367  0.000369  0.998158  0.000369  0.000369  0.000369
0.039575  0.000372  0.958937  0.000372  0.000372  0.000372
0.031569  0.000370  0.966949  0.000370  0.000370  0.000370
0.000366  0.000367  0.998165  0.000367  0.000367  0.000367
0.062726  0.935680  0.000398  0.000398  0.000398  0.000399
0.000378  0.998108  0.000378  0.000378  0.000378  0.000378
0.121078  0.877322  0.000400  0.000400  0.000400  0.000400
0.000385  0.998073  0.000385  0.000385  0.000385  0.000386
0.000383  0.998081  0.000384  0.000384  0.000384  0.000384
0.327604  0.670706  0.000423  0.000422  0.000422  0.000423
0.000368  0.998157  0.000369  0.000369  0.000369  0.000369
0.204850  0.793535  0.000404  0.000404  0.000404  0.000404
0.000368  0.998156  0.000369  0.000369  0.000369  0.000369
0.000381  0.998090  0.000382  0.000382  0.000382  0.000382
0.000389  0.998054  0.000389  0.000389  0.000389  0.000389
0.000393  0.998036  0.000393  0.000393  0.000393  0.000393
0.045421  0.953028  0.000388  0.000388  0.000387  0.000388
0.366664  0.631630  0.000426  0.000427  0.000426  0.000427
0.095822  0.902614  0.000391  0.000391  0.000391  0.000391
0.183566  0.814848  0.000397  0.000396  0.000396  0.000396
0.000383  0.998081  0.000384  0.000384  0.000384  0.000384
0.000397  0.998019  0.000396  0.000396  0.000396  0.000396
0.000384  0.998081  0.000384  0.000383  0.000384  0.000384
0.176953  0.821484  0.000391  0.000391  0.000391  0.000391
0.000392  0.998037  0.000393  0.000393  0.000393  0.000393
0.535247  0.463003  0.000438  0.000438  0.000438  0.000437
0.100767  0.000379  0.897719  0.000379  0.000379  0.000379
0.000367  0.000367  0.998164  0.000367  0.000367  0.000367
0.087478  0.114707  0.796679  0.000379  0.000379  0.000379
0.000370  0.000370  0.817007  0.181512  0.000371  0.000370
0.000369  0.000370  0.998149  0.000370  0.000370  0.000370
0.000373  0.000373  0.822568  0.175938  0.000374  0.000374
0.000373  0.000373  0.998132  0.000374  0.000374  0.000374
0.197697  0.000396  0.800717  0.000397  0.000397  0.000397
0.000373  0.000373  0.998133  0.000374  0.000374  0.000374
0.000371  0.000372  0.998141  0.000372  0.000372  0.000372
0.044963  0.155370  0.798536  0.000377  0.000377  0.000377
0.000374  0.000374  0.998130  0.000374  0.000374  0.000374
0.000380  0.059315  0.939163  0.000380  0.000380  0.000380
0.000375  0.000375  0.873189  0.125310  0.000375  0.000375
0.000367  0.000367  0.998165  0.000367  0.000367  0.000367
0.067264  0.000382  0.651097  0.280492  0.000382  0.000382
0.000364  0.000365  0.998174  0.000365  0.000366  0.000366
0.065441  0.000369  0.933084  0.000369  0.000369  0.000369
0.056800  0.000366  0.941737  0.000366  0.000366  0.000366
0.000364  0.000365  0.998174  0.000366  0.000366  0.000366
0.000369  0.000370  0.000370  0.998150  0.000370  0.000370
0.000382  0.000382  0.000382  0.998090  0.000382  0.000382
0.000367  0.000368  0.000369  0.998159  0.000368  0.000369
0.000376  0.000377  0.000377  0.998116  0.000377  0.000377
0.000372  0.000373  0.000374  0.998134  0.000373  0.000374
0.000366  0.000367  0.000367  0.998166  0.000367  0.000367
0.000374  0.000375  0.000375  0.998125  0.000375  0.000375
0.000368  0.000368  0.000369  0.998158  0.000369  0.000369
0.000374  0.000375  0.000375  0.998125  0.000375  0.000375
0.000374  0.000375  0.000375  0.998126  0.000375  0.000375
0.000371  0.000372  0.000372  0.998142  0.000372  0.000372
0.000369  0.000370  0.000370  0.998150  0.000370  0.000370
0.000374  0.000375  0.000375  0.998125  0.000375  0.000375
0.000369  0.000370  0.000370  0.998150  0.000370  0.000370
0.000382  0.000382  0.000382  0.998091  0.000382  0.000382
0.049400  0.124847  0.000372  0.824638  0.000372  0.000372
0.000376  0.000377  0.000377  0.998117  0.000377  0.000377
0.000379  0.000380  0.000380  0.998100  0.000380  0.000380
0.000371  0.000372  0.000372  0.998141  0.000372  0.000372
0.000372  0.000373  0.000374  0.998134  0.000373  0.000374
