0.439004  0.559782  0.000612  0.000601
0.583313  0.415471  0.000613  0.000604
0.169379  0.829449  0.000593  0.000579
0.387394  0.611406  0.000608  0.000592
0.358867  0.626455  0.000605  0.014073
0.314358  0.684437  0.000606  0.000599
0.342756  0.656037  0.000611  0.000596
0.566420  0.432378  0.000603  0.000599
0.343795  0.655001  0.000607  0.000596
0.538490  0.460329  0.000596  0.000585
0.000772  0.061648  0.000764  0.936816
0.000743  0.097515  0.000745  0.900996
0.000722  0.217803  0.000724  0.780751
0.000830  0.000825  0.000819  0.997527
0.000789  0.000790  0.000788  0.997632
0.000757  0.115715  0.000759  0.882769
0.000674  0.287930  0.000678  0.710718
0.000640  0.257556  0.741158  0.000645
0.000824  0.000820  0.000823  0.997533
0.000668  0.289563  0.000668  0.709101
0.000707  0.114736  0.000708  0.883849
0.000754  0.000756  0.000759  0.997731
0.000657  0.196852  0.407719  0.394771
0.000742  0.256994  0.000746  0.741519
0.000691  0.291866  0.000698  0.706744
0.000670  0.000670  0.691645  0.307016
0.000648  0.000652  0.821481  0.177219
0.000634  0.000635  0.781914  0.216817
0.693132  0.305687  0.000595  0.000587
0.685900  0.312913  0.000599  0.000589
0.000751  0.000750  0.000749  0.997750
0.000762  0.000764  0.000763  0.997711
0.000745  0.000745  0.000749  0.997760
0.000764  0.000765  0.000764  0.997706
0.000622  0.158543  0.534093  0.306742
0.000640  0.000641  0.782279  0.216441
0.000676  0.209211  0.000679  0.789434
0.000641  0.000641  0.518902  0.479817
0.000699  0.229886  0.000708  0.768707
0.000750  0.000751  0.000754  0.997745
0.000708  0.000709  0.352708  0.645875
0.000680  0.201602  0.000690  0.797029
0.543399  0.335111  0.120864  0.000626
0.347245  0.578569  0.073580  0.000606
0.498504  0.500299  0.000596  0.000601
0.737515  0.261274  0.000612  0.000599
0.586508  0.368112  0.000614  0.044767
0.293363  0.705455  0.000599  0.000584
0.685816  0.312990  0.000603  0.000591
0.883809  0.102259  0.000627  0.013305
0.460931  0.537866  0.000607  0.000595
0.698421  0.300355  0.000619  0.000605
0.451209  0.547572  0.000606  0.000613
0.552982  0.445800  0.000615  0.000604
0.626122  0.372675  0.000608  0.000596
0.529971  0.468828  0.000606  0.000595
0.378660  0.532913  0.087842  0.000585
0.549888  0.448911  0.000604  0.000598
0.565603  0.433214  0.000598  0.000585
0.557675  0.441134  0.000602  0.000589
0.550208  0.448601  0.000602  0.000589
0.479277  0.519522  0.000607  0.000595
0.691075  0.307729  0.000604  0.000593
0.998223  0.000598  0.000595  0.000584
0.998221  0.000599  0.000596  0.000585
0.998203  0.000602  0.000600  0.000595
0.998193  0.000608  0.000604  0.000595
0.998184  0.000609  0.000608  0.000598
0.975814  0.000606  0.000606  0.022974
0.998231  0.000596  0.000591  0.000582
0.998241  0.000591  0.000590  0.000577
0.998223  0.000596  0.000596  0.000585
0.998217  0.000598  0.000594  0.000591
0.998210  0.000602  0.000597  0.000591
0.998155  0.000620  0.000618  0.000607
0.998234  0.000593  0.000592  0.000580
0.998224  0.000599  0.000595  0.000583
0.998221  0.000599  0.000596  0.000584
0.963090  0.000599  0.035716  0.000595
0.998217  0.000599  0.000597  0.000586
0.998193  0.000608  0.000603  0.000597
0.998233  0.000592  0.000593  0.000582
0.998223  0.000600  0.000595  0.000583
0.998218  0.000602  0.000595  0.000585
0.998194  0.000612  0.000602  0.000592
0.998206  0.000607  0.000598  0.000589
0.625219  0.373569  0.000603  0.000609
0.216690  0.696011  0.000637  0.086662
0.469559  0.529266  0.000592  0.000583
0.441096  0.557707  0.000603  0.000594
0.515703  0.483106  0.000601  0.000590
0.421792  0.577019  0.000600  0.000590
0.342534  0.656258  0.000609  0.000598
0.351285  0.647513  0.000595  0.000606
0.380653  0.618122  0.000618  0.000607
0.392819  0.606004  0.000593  0.000584
0.190062  0.808755  0.000595  0.000587
0.388554  0.610260  0.000598  0.000587
0.252789  0.746023  0.000599  0.000588
0.377443  0.621393  0.000586  0.000579
0.391407  0.607375  0.000614  0.000604
0.627280  0.371533  0.000599  0.000588
0.289275  0.709530  0.000592  0.000602
0.099651  0.899118  0.000614  0.000618
0.203477  0.795328  0.000604  0.000591
0.192508  0.806279  0.000608  0.000604
0.472335  0.526460  0.000604  0.000600
0.169376  0.829415  0.000608  0.000601
0.169447  0.829351  0.000606  0.000596
0.352436  0.646348  0.000607  0.000608
0.139607  0.859204  0.000601  0.000589
0.305643  0.693166  0.000601  0.000590
0.045368  0.953420  0.000608  0.000604
0.725536  0.273245  0.000614  0.000605
0.250115  0.748680  0.000604  0.000601
0.000593  0.998232  0.000595  0.000580
0.230173  0.768616  0.000605  0.000605
0.069193  0.929623  0.000598  0.000586
0.000593  0.998240  0.000589  0.000579
0.293772  0.705024  0.000607  0.000596
0.000604  0.998180  0.000606  0.000609
0.570726  0.375514  0.053161  0.000599
0.178936  0.819861  0.000606  0.000598
0.000584  0.000584  0.998263  0.000569
0.000594  0.000593  0.998233  0.000580
0.000606  0.000605  0.998200  0.000589
0.000593  0.000593  0.998231  0.000583
0.000582  0.000581  0.998271  0.000566
0.000592  0.000591  0.998240  0.000577
0.000590  0.000589  0.998234  0.000587
0.000590  0.000589  0.998249  0.000572
0.000591  0.000590  0.998241  0.000578
0.000597  0.000595  0.998228  0.000581
0.000602  0.000599  0.998210  0.000589
0.000584  0.000584  0.998262  0.000571
0.000608  0.000609  0.998172  0.000611
0.000602  0.000600  0.998211  0.000588
0.000611  0.000611  0.998185  0.000593
0.000622  0.378658  0.620115  0.000605
0.708896  0.000614  0.289886  0.000604
0.568085  0.000638  0.365964  0.065314
0.668076  0.000605  0.330722  0.000598
0.665797  0.000630  0.332953  0.000620
0.361773  0.095529  0.382386  0.160311
0.672460  0.000609  0.326334  0.000597
0.670840  0.000646  0.327880  0.000634
0.739851  0.000624  0.258913  0.000612
0.676765  0.000607  0.322031  0.000597
0.323144  0.088595  0.182208  0.406053
0.667826  0.000618  0.293692  0.037865
0.548365  0.175516  0.275497  0.000622
0.730478  0.000613  0.268310  0.000598
0.000633  0.510351  0.488397  0.000619
0.618714  0.073276  0.307403  0.000607
0.469960  0.184906  0.344496  0.000638
0.598484  0.000616  0.400292  0.000608
0.000603  0.485692  0.513117  0.000588
0.830141  0.000610  0.168652  0.000597
0.579564  0.114198  0.305613  0.000625
0.000599  0.000597  0.869201  0.129604
0.000615  0.000612  0.886507  0.112267
0.000616  0.000613  0.895013  0.103758
0.105810  0.000571  0.893051  0.000568
0.000593  0.000590  0.836704  0.162113
0.000607  0.000604  0.889484  0.109305
0.000847  0.018785  0.000848  0.979520
0.000799  0.000799  0.000797  0.997605
0.000814  0.000812  0.000815  0.997559
0.000792  0.000793  0.000789  0.997625
0.000750  0.000753  0.000752  0.997745
0.000701  0.452554  0.000712  0.546033
0.000718  0.000720  0.000723  0.997838
0.000788  0.000790  0.000791  0.997631
0.000782  0.000785  0.150904  0.847529
0.000671  0.000669  0.464165  0.534495
0.000652  0.202145  0.458904  0.338299
0.000670  0.000669  0.404448  0.594213
0.713279  0.285517  0.000608  0.000595
0.998215  0.000597  0.000598  0.000589
0.998131  0.000617  0.000616  0.000637
0.760227  0.238547  0.000616  0.000610
0.716337  0.282431  0.000620  0.000613
0.998182  0.000614  0.000607  0.000597
0.998251  0.000590  0.000585  0.000575
0.998190  0.000612  0.000604  0.000594
0.998175  0.000617  0.000610  0.000599
0.998173  0.000615  0.000610  0.000602
0.998242  0.000593  0.000587  0.000578
0.998193  0.000603  0.000596  0.000607
0.998145  0.000625  0.000620  0.000610
0.945594  0.053174  0.000621  0.000611
0.000602  0.998217  0.000596  0.000585
0.000603  0.998212  0.000597  0.000587
0.000595  0.998217  0.000600  0.000588
0.000600  0.998217  0.000599  0.000584
0.000600  0.998226  0.000592  0.000582
0.000611  0.998188  0.000604  0.000597
0.000600  0.998221  0.000592  0.000587
0.000600  0.998221  0.000591  0.000588
0.000603  0.998213  0.000596  0.000588
0.000608  0.998192  0.000600  0.000600
0.000605  0.998210  0.000598  0.000587
0.000590  0.998252  0.000583  0.000574
0.000600  0.998222  0.000594  0.000584
0.000603  0.998194  0.000606  0.000597
0.000596  0.998223  0.000596  0.000585
0.000602  0.998220  0.000595  0.000583
0.000594  0.998245  0.000587  0.000575
0.000590  0.998238  0.000589  0.000583
0.000596  0.998237  0.000589  0.000578
0.095538  0.903285  0.000594  0.000582
0.000596  0.998229  0.000592  0.000583
0.000774  0.000771  0.000770  0.997685
0.000673  0.135918  0.328984  0.534425
0.000783  0.055023  0.000776  0.943417
0.000651  0.243327  0.622665  0.133357
0.000794  0.000793  0.000793  0.997621
0.000818  0.019003  0.000821  0.979358
0.000721  0.152926  0.000726  0.845627
0.000747  0.150629  0.000749  0.847875
0.000772  0.000775  0.000773  0.997681
0.000789  0.103492  0.000795  0.894924
0.000882  0.000885  0.000891  0.997342
0.000831  0.000827  0.000841  0.997501
0.000785  0.000784  0.000782  0.997648
0.638466  0.360297  0.000621  0.000616
0.601973  0.396832  0.000602  0.000593
0.779245  0.219559  0.000601  0.000595
0.528774  0.470024  0.000606  0.000596
0.352349  0.646453  0.000604  0.000595
0.517963  0.480862  0.000591  0.000584
0.517372  0.468979  0.013038  0.000610
0.569975  0.428826  0.000601  0.000598
0.774673  0.224134  0.000599  0.000594
0.552638  0.446172  0.000600  0.000590
0.398350  0.600456  0.000603  0.000592
0.438683  0.560150  0.000588  0.000578
0.325098  0.642840  0.031458  0.000604
0.470645  0.528136  0.000614  0.000604
0.765283  0.233509  0.000609  0.000600
0.642336  0.356429  0.000623  0.000612
0.400852  0.562516  0.036011  0.000622
0.840826  0.157977  0.000604  0.000594
0.512986  0.485825  0.000600  0.000590
0.428256  0.570541  0.000606  0.000596
0.517058  0.481725  0.000613  0.000604
0.998171  0.000616  0.000610  0.000603
0.829802  0.169004  0.000601  0.000593
0.998115  0.000635  0.000628  0.000623
0.998146  0.000619  0.000618  0.000617
0.998200  0.000604  0.000604  0.000592
0.998194  0.000612  0.000603  0.000592
0.728878  0.224827  0.000608  0.045686
0.998181  0.000613  0.000609  0.000597
0.998234  0.000594  0.000591  0.000580
0.825486  0.110574  0.000599  0.063341
0.998212  0.000603  0.000598  0.000587
0.998196  0.000610  0.000603  0.000591
0.998201  0.000606  0.000599  0.000593
0.998140  0.000627  0.000619  0.000614
0.998177  0.000615  0.000609  0.000599
0.900504  0.098290  0.000607  0.000598
0.998194  0.000609  0.000605  0.000592
0.749575  0.249196  0.000619  0.000610
0.998190  0.000610  0.000605  0.000594
0.998163  0.000612  0.000616  0.000609
0.876356  0.122395  0.000629  0.000620
0.099396  0.899396  0.000608  0.000601
0.000621  0.998153  0.000619  0.000607
0.137609  0.861138  0.000632  0.000621
0.148859  0.849933  0.000606  0.000602
0.000615  0.998164  0.000615  0.000606
0.000616  0.998164  0.000616  0.000604
0.000601  0.998184  0.000608  0.000607
0.000620  0.998154  0.000617  0.000610
0.217678  0.781128  0.000604  0.000590
0.000595  0.998218  0.000599  0.000588
0.000606  0.959514  0.039279  0.000602
0.110665  0.888130  0.000609  0.000596
0.099474  0.899308  0.000616  0.000603
0.291462  0.707331  0.000610  0.000598
0.000616  0.998166  0.000615  0.000603
0.192842  0.805951  0.000611  0.000596
0.000614  0.998162  0.000616  0.000608
0.000618  0.932470  0.066303  0.000609
0.000634  0.998120  0.000629  0.000617
0.000589  0.998238  0.000594  0.000580
0.000610  0.998170  0.000611  0.000609
0.000599  0.998224  0.000595  0.000582
0.112178  0.886658  0.000588  0.000575
0.000589  0.998257  0.000585  0.000569
0.089639  0.909199  0.000588  0.000574
0.239946  0.758886  0.000588  0.000581
0.000602  0.998208  0.000597  0.000593
0.000588  0.998258  0.000582  0.000571
0.081517  0.917313  0.000593  0.000578
0.000593  0.974559  0.024259  0.000589
0.000593  0.998208  0.000600  0.000598
0.000595  0.998237  0.000590  0.000578
0.000595  0.998237  0.000590  0.000579
0.212710  0.786094  0.000605  0.000591
0.071652  0.927172  0.000596  0.000580
0.000591  0.998251  0.000586  0.000573
0.084485  0.914351  0.000589  0.000575
0.000597  0.982100  0.000595  0.016708
0.195949  0.771501  0.000590  0.031960
0.000589  0.998253  0.000585  0.000573
0.000637  0.000640  0.852791  0.145931
0.000602  0.000602  0.998193  0.000603
0.000637  0.000641  0.748533  0.250189
0.000615  0.000618  0.998152  0.000615
0.000616  0.000615  0.998162  0.000607
0.000675  0.466454  0.000685  0.532186
0.000589  0.000591  0.998231  0.000589
0.000643  0.000643  0.727904  0.270810
0.000592  0.000597  0.998224  0.000587
0.000612  0.000614  0.998170  0.000604
0.000623  0.000625  0.998127  0.000625
0.000625  0.000630  0.895691  0.103054
0.000618  0.048969  0.869716  0.080697
0.000682  0.339856  0.000694  0.658768
0.000626  0.032960  0.765266  0.201149
0.000632  0.094367  0.626389  0.278611
0.000613  0.000614  0.998166  0.000607
0.000626  0.000630  0.909602  0.089142
0.000610  0.000614  0.884658  0.114118
0.000623  0.000627  0.741252  0.257498
0.000625  0.000624  0.998130  0.000622
0.000701  0.267202  0.000707  0.731390
0.638946  0.283715  0.000602  0.076737
0.756148  0.242678  0.000588  0.000586
0.465658  0.407068  0.000608  0.126666
0.924521  0.074290  0.000595  0.000595
0.723459  0.275377  0.000588  0.000577
0.778149  0.220674  0.000593  0.000584
0.743303  0.255521  0.000592  0.000584
0.827072  0.000636  0.000629  0.171663
0.518801  0.480021  0.000594  0.000585
0.596750  0.402078  0.000590  0.000582
0.317296  0.576605  0.000606  0.105492
0.461196  0.537614  0.000599  0.000591
0.461187  0.498809  0.039395  0.000610
0.686451  0.312360  0.000598  0.000590
0.696177  0.302662  0.000584  0.000577
0.944291  0.000615  0.000609  0.054486
0.366571  0.632279  0.000581  0.000569
0.368206  0.566633  0.000589  0.064572
0.443930  0.520946  0.000586  0.034538
0.613746  0.385105  0.000580  0.000569
0.807920  0.000594  0.190906  0.000579
0.000617  0.494938  0.503841  0.000604
0.762209  0.000591  0.236625  0.000576
0.720933  0.000604  0.277870  0.000593
0.873444  0.000598  0.125372  0.000586
0.783952  0.000587  0.214887  0.000574
0.815474  0.000601  0.183336  0.000589
0.732838  0.000590  0.265994  0.000579
0.765239  0.000601  0.233570  0.000591
0.842129  0.000602  0.156681  0.000587
0.777770  0.000595  0.221052  0.000583
0.681900  0.199081  0.118439  0.000580
0.864163  0.000602  0.134647  0.000588
0.814711  0.000592  0.184117  0.000580
0.845694  0.000610  0.153064  0.000632
0.000599  0.407944  0.590857  0.000600
0.793179  0.000604  0.205628  0.000589
0.902999  0.000610  0.095793  0.000598
0.759085  0.000596  0.239735  0.000584
0.786932  0.000598  0.211886  0.000585
