0.000250  0.000250  0.650287  0.000250  0.347964  0.000250  0.000250  0.000250  0.000250
0.000252  0.000252  0.525016  0.000252  0.422938  0.000252  0.050533  0.000252  0.000252
0.000247  0.000247  0.799165  0.000247  0.199109  0.000247  0.000247  0.000247  0.000246
0.000251  0.000251  0.703495  0.000251  0.294748  0.000251  0.000251  0.000251  0.000251
0.000251  0.000251  0.656674  0.000251  0.196884  0.000251  0.144936  0.000251  0.000251
0.000251  0.000251  0.789202  0.000251  0.209041  0.000251  0.000251  0.000251  0.000251
0.000251  0.000251  0.788522  0.000251  0.209721  0.000251  0.000251  0.000251  0.000251
0.000250  0.000250  0.724075  0.000250  0.168312  0.000250  0.106114  0.000250  0.000250
0.000252  0.000252  0.904854  0.000252  0.093381  0.000252  0.000252  0.000252  0.000252
0.000248  0.000248  0.716518  0.000248  0.281749  0.000248  0.000248  0.000248  0.000248
0.000317  0.000317  0.000317  0.000317  0.000317  0.000317  0.000317  0.000317  0.997465
0.000306  0.000306  0.000306  0.148405  0.000306  0.000306  0.000306  0.000306  0.849451
0.000298  0.000298  0.000298  0.000298  0.000298  0.000298  0.000298  0.411716  0.586197
0.000340  0.000340  0.000340  0.000340  0.000340  0.000340  0.000340  0.000340  0.997280
0.000334  0.000334  0.000334  0.000334  0.000334  0.000334  0.000334  0.000334  0.997329
0.000311  0.000311  0.000311  0.000311  0.000311  0.000311  0.000311  0.362083  0.635737
0.000279  0.000279  0.000279  0.000279  0.000279  0.000279  0.000279  0.469627  0.528422
0.000264  0.000264  0.000264  0.302499  0.000264  0.000264  0.057235  0.638681  0.000264
0.000344  0.000344  0.000344  0.000344  0.000344  0.000344  0.000344  0.000344  0.997246
0.000276  0.000276  0.000276  0.000276  0.000276  0.000276  0.000276  0.430214  0.567855
0.000292  0.000292  0.000292  0.000292  0.000292  0.000292  0.000292  0.176982  0.820975
0.000315  0.000315  0.000315  0.000315  0.000315  0.000315  0.000315  0.102984  0.894811
0.000271  0.000271  0.000271  0.000271  0.000271  0.000271  0.000271  0.866482  0.131624
0.000306  0.000306  0.000306  0.000306  0.000306  0.000306  0.000306  0.541353  0.456503
0.000286  0.000286  0.000286  0.000286  0.000286  0.000286  0.000286  0.544512  0.453488
0.000276  0.000276  0.000276  0.000276  0.000276  0.000276  0.000276  0.997793  0.000276
0.000268  0.000268  0.000268  0.000268  0.000268  0.000268  0.000268  0.997857  0.000268
0.000262  0.000262  0.000262  0.000262  0.000262  0.000262  0.000262  0.997907  0.000262
0.000248  0.000248  0.825979  0.000248  0.172288  0.000248  0.000248  0.000248  0.000248
0.000249  0.000249  0.847706  0.000249  0.150553  0.000249  0.000249  0.000249  0.000249
0.000308  0.000308  0.000308  0.000308  0.000308  0.000308  0.000308  0.153391  0.844453
0.000315  0.000315  0.000315  0.000315  0.000315  0.000315  0.000315  0.098974  0.898821
0.000311  0.000311  0.000311  0.000311  0.000311  0.000311  0.000311  0.000311  0.997508
0.000313  0.000313  0.000313  0.000313  0.000313  0.000313  0.000313  0.000313  0.997494
0.000257  0.000257  0.000257  0.205404  0.000257  0.000257  0.000257  0.649061  0.143995
0.000264  0.000264  0.000264  0.000264  0.000264  0.000264  0.000264  0.997887  0.000264
0.000277  0.000277  0.000277  0.000277  0.000277  0.000277  0.000277  0.559830  0.438229
0.000264  0.000264  0.000264  0.000264  0.000264  0.000264  0.000264  0.807991  0.190160
0.000287  0.000287  0.000287  0.000287  0.000287  0.000287  0.000287  0.570190  0.427799
0.000319  0.000319  0.000319  0.000319  0.000319  0.000319  0.000319  0.000319  0.997452
0.000293  0.000293  0.000293  0.000293  0.000293  0.000293  0.000293  0.603464  0.394482
0.000280  0.000280  0.000280  0.000280  0.000280  0.000280  0.000280  0.605438  0.392601
0.000251  0.000251  0.000251  0.000251  0.721602  0.168695  0.108197  0.000251  0.000251
0.000252  0.000252  0.000252  0.000252  0.997983  0.000252  0.000252  0.000252  0.000252
0.000247  0.000247  0.220005  0.000247  0.778269  0.000247  0.000247  0.000247  0.000247
0.000253  0.000253  0.313345  0.000253  0.684883  0.000253  0.000253  0.000253  0.000253
0.000252  0.000252  0.000252  0.000252  0.981110  0.000252  0.000252  0.000252  0.017125
0.000248  0.000248  0.273600  0.000248  0.724666  0.000248  0.000248  0.000248  0.000248
0.000250  0.153631  0.000250  0.000250  0.844620  0.000250  0.000250  0.000250  0.000250
0.000259  0.344979  0.000259  0.000259  0.653207  0.000259  0.000259  0.000259  0.000259
0.000252  0.000252  0.000252  0.000252  0.997983  0.000252  0.000252  0.000252  0.000252
0.000254  0.000254  0.000254  0.000254  0.997964  0.000254  0.000254  0.000254  0.000254
0.000251  0.000251  0.000251  0.000251  0.997992  0.000251  0.000251  0.000251  0.000251
0.000254  0.000254  0.000254  0.000254  0.997965  0.000254  0.000254  0.000254  0.000254
0.000252  0.000252  0.000252  0.000252  0.997983  0.000252  0.000252  0.000252  0.000252
0.000251  0.000251  0.000251  0.000251  0.997992  0.000251  0.000251  0.000251  0.000251
0.000245  0.000245  0.221624  0.205188  0.571715  0.000245  0.000245  0.000245  0.000245
0.000251  0.000251  0.187081  0.000251  0.811162  0.000251  0.000251  0.000251  0.000251
0.000248  0.000248  0.000248  0.000248  0.998019  0.000248  0.000248  0.000248  0.000248
0.000250  0.000250  0.000250  0.000250  0.998001  0.000250  0.000250  0.000250  0.000250
0.000249  0.000249  0.000249  0.000249  0.998010  0.000249  0.000249  0.000249  0.000249
0.000252  0.000252  0.099963  0.000252  0.898272  0.000252  0.000252  0.000252  0.000252
0.000251  0.000251  0.196400  0.000251  0.801843  0.000251  0.000251  0.000251  0.000251
0.000247  0.000247  0.000247  0.000247  0.000247  0.000247  0.998028  0.000247  0.000246
0.000248  0.000248  0.000248  0.000248  0.000248  0.000248  0.998019  0.000248  0.000248
0.000249  0.000249  0.000249  0.000249  0.000249  0.000249  0.998010  0.000249  0.000249
0.000251  0.000251  0.000251  0.000251  0.000251  0.000251  0.997992  0.000251  0.000251
0.000252  0.000252  0.000252  0.000252  0.000252  0.000252  0.997983  0.000252  0.000252
0.000251  0.000251  0.000251  0.000251  0.000251  0.000251  0.997992  0.000251  0.000251
0.000245  0.000245  0.000245  0.000245  0.000245  0.000245  0.998036  0.000245  0.000245
0.000244  0.000244  0.000244  0.000244  0.000244  0.000244  0.998045  0.000244  0.000244
0.000245  0.000245  0.000245  0.000245  0.000245  0.000245  0.998037  0.000245  0.000245
0.000247  0.000247  0.000247  0.000247  0.000247  0.000247  0.998028  0.000247  0.000246
0.000248  0.000248  0.000248  0.000248  0.000248  0.000248  0.998019  0.000248  0.000248
0.000257  0.000257  0.000257  0.000257  0.000257  0.000257  0.997946  0.000257  0.000257
0.000245  0.000245  0.000245  0.000245  0.000245  0.000245  0.998037  0.000245  0.000245
0.000247  0.000247  0.000247  0.000247  0.000247  0.000247  0.998028  0.000247  0.000246
0.000248  0.000248  0.000248  0.000248  0.000248  0.000248  0.998019  0.000248  0.000248
0.000248  0.000248  0.000248  0.000248  0.000248  0.000248  0.998019  0.000248  0.000248
0.000248  0.000248  0.000248  0.000248  0.000248  0.000248  0.998019  0.000248  0.000248
0.000250  0.000250  0.000250  0.000250  0.000250  0.000250  0.998001  0.000250  0.000250
0.000245  0.000245  0.000245  0.000245  0.000245  0.000245  0.998037  0.000245  0.000245
0.000248  0.000248  0.000248  0.000248  0.000248  0.000248  0.998019  0.000248  0.000248
0.000248  0.403400  0.441677  0.000248  0.000248  0.000248  0.153437  0.000248  0.000248
0.000250  0.167099  0.700545  0.000250  0.000250  0.000250  0.130857  0.000250  0.000250
0.000249  0.476195  0.522064  0.000249  0.000249  0.000249  0.000249  0.000249  0.000249
0.000251  0.247984  0.656089  0.000251  0.000251  0.000251  0.094421  0.000251  0.000251
0.000264  0.000264  0.777223  0.000264  0.146762  0.000264  0.000264  0.000264  0.074430
0.000247  0.000247  0.824756  0.000247  0.173519  0.000247  0.000247  0.000247  0.000246
0.000251  0.000251  0.807675  0.000251  0.190568  0.000251  0.000251  0.000251  0.000251
0.000250  0.000250  0.827558  0.000250  0.170693  0.000250  0.000250  0.000250  0.000250
0.000250  0.000250  0.755181  0.000250  0.243070  0.000250  0.000250  0.000250  0.000250
0.000253  0.000253  0.792603  0.000253  0.205624  0.000253  0.000253  0.000253  0.000253
0.000247  0.221991  0.546337  0.000247  0.230192  0.000247  0.000247  0.000247  0.000247
0.000257  0.000257  0.882559  0.000257  0.000257  0.000257  0.115643  0.000257  0.000257
0.000247  0.000247  0.791038  0.000247  0.207236  0.000247  0.000247  0.000247  0.000246
0.000247  0.000247  0.873271  0.000247  0.125003  0.000247  0.000247  0.000247  0.000246
0.000249  0.000249  0.998010  0.000249  0.000249  0.000249  0.000249  0.000249  0.000249
0.000249  0.000249  0.998010  0.000249  0.000249  0.000249  0.000249  0.000249  0.000249
0.000244  0.000244  0.998045  0.000244  0.000244  0.000244  0.000244  0.000244  0.000244
0.000254  0.000254  0.912652  0.000254  0.000254  0.000254  0.085567  0.000254  0.000254
0.000249  0.237084  0.519804  0.000249  0.241619  0.000249  0.000249  0.000249  0.000249
0.000247  0.000247  0.618592  0.000247  0.379682  0.000247  0.000247  0.000247  0.000247
0.000252  0.000252  0.000252  0.000252  0.997983  0.000252  0.000252  0.000252  0.000252
0.000250  0.000250  0.000250  0.000250  0.998001  0.000250  0.000250  0.000250  0.000250
0.000252  0.000252  0.000252  0.000252  0.997983  0.000252  0.000252  0.000252  0.000252
0.000249  0.228647  0.000249  0.000249  0.769612  0.000249  0.000249  0.000249  0.000249
0.000251  0.000251  0.000251  0.000251  0.997992  0.000251  0.000251  0.000251  0.000251
0.000250  0.000250  0.000250  0.000250  0.998001  0.000250  0.000250  0.000250  0.000250
0.000250  0.000250  0.000250  0.000250  0.998001  0.000250  0.000250  0.000250  0.000250
0.000248  0.000248  0.000248  0.000248  0.998019  0.000248  0.000248  0.000248  0.000248
0.000249  0.000249  0.000249  0.000249  0.998010  0.000249  0.000249  0.000249  0.000249
0.000248  0.000248  0.000248  0.000248  0.998019  0.000248  0.000248  0.000248  0.000248
0.000253  0.320882  0.000253  0.000253  0.677345  0.000253  0.000253  0.000253  0.000253
0.000250  0.000250  0.000250  0.000250  0.998001  0.000250  0.000250  0.000250  0.000250
0.000244  0.000244  0.000244  0.000244  0.998045  0.000244  0.000244  0.000244  0.000244
0.000249  0.000249  0.000249  0.000249  0.998010  0.000249  0.000249  0.000249  0.000249
0.000248  0.000248  0.000248  0.000248  0.998019  0.000248  0.000248  0.000248  0.000248
0.000244  0.000244  0.000244  0.000244  0.998045  0.000244  0.000244  0.000244  0.000244
0.000250  0.000250  0.000250  0.000250  0.998001  0.000250  0.000250  0.000250  0.000250
0.000249  0.000249  0.000249  0.000249  0.998010  0.000249  0.000249  0.000249  0.000249
0.000247  0.307305  0.000247  0.000247  0.690969  0.000247  0.000247  0.000247  0.000247
0.000250  0.000250  0.000250  0.000250  0.998001  0.000250  0.000250  0.000250  0.000250
0.998079  0.000240  0.000240  0.000240  0.000240  0.000240  0.000240  0.000240  0.000240
0.998036  0.000245  0.000245  0.000245  0.000245  0.000245  0.000245  0.000245  0.000245
0.998001  0.000250  0.000250  0.000250  0.000250  0.000250  0.000250  0.000250  0.000250
0.998037  0.000245  0.000245  0.000245  0.000245  0.000245  0.000245  0.000245  0.000245
0.998079  0.000240  0.000240  0.000240  0.000240  0.000240  0.000240  0.000240  0.000240
0.998045  0.000244  0.000244  0.000244  0.000244  0.000244  0.000244  0.000244  0.000244
0.998045  0.000244  0.000244  0.000244  0.000244  0.000244  0.000244  0.000244  0.000244
0.998054  0.000243  0.000243  0.000243  0.000243  0.000243  0.000243  0.000243  0.000243
0.998045  0.000244  0.000244  0.000244  0.000244  0.000244  0.000244  0.000244  0.000244
0.998036  0.000245  0.000245  0.000245  0.000245  0.000245  0.000245  0.000245  0.000245
0.998019  0.000248  0.000248  0.000248  0.000248  0.000248  0.000248  0.000248  0.000248
0.998071  0.000241  0.000241  0.000241  0.000241  0.000241  0.000241  0.000241  0.000241
0.887212  0.000252  0.000252  0.000252  0.000252  0.000252  0.000252  0.111024  0.000252
0.998019  0.000248  0.000248  0.000248  0.000248  0.000248  0.000248  0.000248  0.000248
0.997983  0.000252  0.000252  0.000252  0.000252  0.000252  0.000252  0.000252  0.000252
0.000253  0.000253  0.000253  0.923883  0.074344  0.000253  0.000253  0.000253  0.000253
0.000253  0.244009  0.000253  0.754218  0.000253  0.000253  0.000253  0.000253  0.000253
0.000263  0.157443  0.000263  0.840717  0.000263  0.000263  0.000263  0.000263  0.000263
0.000249  0.100053  0.000249  0.898205  0.000249  0.000249  0.000249  0.000249  0.000249
0.000259  0.000259  0.000259  0.790895  0.000259  0.207290  0.000259  0.000259  0.000259
0.000282  0.000282  0.000281  0.997748  0.000281  0.000282  0.000281  0.000282  0.000282
0.000251  0.000251  0.000251  0.773400  0.224843  0.000251  0.000251  0.000251  0.000251
0.000265  0.000265  0.000265  0.594830  0.221850  0.181728  0.000265  0.000265  0.000265
0.000257  0.000257  0.000257  0.882451  0.115752  0.000257  0.000257  0.000257  0.000257
0.000250  0.000250  0.000250  0.839556  0.000250  0.000250  0.158695  0.000250  0.000250
0.000271  0.000271  0.000271  0.623919  0.000271  0.000271  0.000271  0.000271  0.374187
0.000256  0.000256  0.000256  0.755079  0.243132  0.000256  0.000256  0.000256  0.000256
0.000258  0.000258  0.371859  0.626335  0.000258  0.000258  0.000258  0.000258  0.000258
0.000252  0.000252  0.000252  0.913305  0.000252  0.084930  0.000252  0.000252  0.000252
0.066416  0.000259  0.000259  0.613179  0.000259  0.318849  0.000259  0.000259  0.000259
0.000254  0.000254  0.000254  0.658724  0.339495  0.000254  0.000254  0.000254  0.000254
0.000263  0.000263  0.266127  0.732033  0.000263  0.000263  0.000263  0.000263  0.000263
0.000253  0.000253  0.000253  0.815066  0.183161  0.000253  0.000253  0.000253  0.000253
0.149139  0.000247  0.000247  0.568496  0.280885  0.000247  0.000247  0.000247  0.000247
0.000251  0.000251  0.168365  0.727775  0.000251  0.000251  0.102354  0.000251  0.000251
0.000259  0.000259  0.000259  0.727293  0.000259  0.085725  0.185427  0.000259  0.000259
0.532720  0.000249  0.000249  0.000249  0.000249  0.000249  0.000249  0.465539  0.000249
0.716633  0.000252  0.000252  0.000252  0.000252  0.000252  0.000252  0.281602  0.000252
0.663321  0.000254  0.000254  0.000254  0.000254  0.000254  0.000254  0.334898  0.000254
0.767498  0.000236  0.000236  0.000236  0.000236  0.000236  0.000236  0.230849  0.000236
0.668301  0.000245  0.000245  0.000245  0.000245  0.000245  0.000245  0.263462  0.066764
0.691059  0.000250  0.000250  0.000250  0.000250  0.000250  0.000250  0.307192  0.000250
0.000349  0.000349  0.000349  0.000349  0.000349  0.000349  0.000349  0.116286  0.881274
0.000332  0.000332  0.000332  0.000332  0.000332  0.000332  0.000332  0.000332  0.997345
0.000344  0.000344  0.000344  0.000344  0.000344  0.000344  0.000344  0.000344  0.997247
0.000334  0.000334  0.000334  0.000334  0.000334  0.000334  0.000334  0.000334  0.997329
0.000317  0.000317  0.000317  0.000317  0.000317  0.000317  0.000317  0.000317  0.997466
0.000290  0.000290  0.000290  0.000290  0.000290  0.000290  0.000290  0.845610  0.152358
0.000300  0.000300  0.000300  0.000300  0.000300  0.000300  0.000300  0.139233  0.858669
0.000322  0.000322  0.000322  0.000322  0.000322  0.000322  0.000322  0.310994  0.686750
0.000324  0.000324  0.000324  0.000324  0.000324  0.000324  0.000324  0.208648  0.789082
0.000277  0.000277  0.000277  0.000277  0.000277  0.000277  0.000277  0.723519  0.274540
0.176399  0.083203  0.000269  0.000269  0.000269  0.000269  0.000269  0.555926  0.183126
0.000276  0.000276  0.000276  0.000276  0.000276  0.000276  0.000276  0.606135  0.391934
0.000252  0.000252  0.156059  0.000252  0.842176  0.000252  0.000252  0.000252  0.000252
0.000245  0.000245  0.000245  0.000245  0.998036  0.000245  0.000245  0.000245  0.000245
0.000253  0.000253  0.000253  0.000253  0.818302  0.000253  0.179925  0.000253  0.000253
0.000256  0.000256  0.000256  0.000256  0.997955  0.000256  0.000256  0.000256  0.000256
0.000258  0.000258  0.000258  0.000258  0.997936  0.000258  0.000258  0.000258  0.000258
0.000253  0.000253  0.000253  0.000253  0.997974  0.000253  0.000253  0.000253  0.000253
0.000243  0.000243  0.000243  0.000243  0.998054  0.000243  0.000243  0.000243  0.000243
0.000252  0.000252  0.000252  0.000252  0.997983  0.000252  0.000252  0.000252  0.000252
0.000254  0.000254  0.000254  0.000254  0.997965  0.000254  0.000254  0.000254  0.000254
0.000253  0.000253  0.000253  0.000253  0.837799  0.000253  0.160428  0.000253  0.000253
0.000244  0.000244  0.000244  0.000244  0.998045  0.000244  0.000244  0.000244  0.000244
0.000249  0.258091  0.000249  0.000249  0.740167  0.000249  0.000249  0.000249  0.000249
0.000258  0.394327  0.000258  0.000258  0.603867  0.000258  0.000258  0.000258  0.000258
0.000258  0.308583  0.000258  0.000258  0.689611  0.000258  0.000258  0.000258  0.000258
0.000249  0.000249  0.998010  0.000249  0.000249  0.000249  0.000249  0.000249  0.000249
0.000250  0.000250  0.998001  0.000250  0.000250  0.000250  0.000250  0.000250  0.000250
0.000247  0.000247  0.998028  0.000247  0.000247  0.000247  0.000247  0.000247  0.000247
0.000248  0.000248  0.998019  0.000248  0.000248  0.000248  0.000248  0.000248  0.000248
0.000248  0.000248  0.998019  0.000248  0.000248  0.000248  0.000248  0.000248  0.000248
0.000252  0.000252  0.997983  0.000252  0.000252  0.000252  0.000252  0.000252  0.000252
0.000248  0.000248  0.867517  0.000248  0.000248  0.130749  0.000248  0.000248  0.000248
0.000248  0.000248  0.998019  0.000248  0.000248  0.000248  0.000248  0.000248  0.000248
0.000250  0.000250  0.998001  0.000250  0.000250  0.000250  0.000250  0.000250  0.000250
0.000250  0.000250  0.897225  0.000250  0.000250  0.101026  0.000250  0.000250  0.000250
0.000250  0.000250  0.998001  0.000250  0.000250  0.000250  0.000250  0.000250  0.000250
0.000244  0.000244  0.998045  0.000244  0.000244  0.000244  0.000244  0.000244  0.000244
0.000248  0.000248  0.998019  0.000248  0.000248  0.000248  0.000248  0.000248  0.000248
0.000250  0.000250  0.998001  0.000250  0.000250  0.000250  0.000250  0.000250  0.000250
0.000247  0.000247  0.998028  0.000247  0.000247  0.000247  0.000247  0.000247  0.000247
0.000249  0.000249  0.998010  0.000249  0.000249  0.000249  0.000249  0.000249  0.000249
0.000244  0.000244  0.998045  0.000244  0.000244  0.000244  0.000244  0.000244  0.000244
0.000243  0.000243  0.998054  0.000243  0.000243  0.000243  0.000243  0.000243  0.000243
0.000247  0.000247  0.998028  0.000247  0.000247  0.000247  0.000247  0.000247  0.000246
0.000245  0.000245  0.929072  0.000245  0.000245  0.069209  0.000245  0.000245  0.000245
0.000247  0.000247  0.998028  0.000247  0.000247  0.000247  0.000247  0.000247  0.000247
0.000320  0.000320  0.000320  0.000320  0.000320  0.000320  0.000320  0.000320  0.997437
0.000277  0.000277  0.000277  0.300683  0.000277  0.000277  0.000277  0.324221  0.373433
0.000322  0.000322  0.000322  0.000322  0.000322  0.000322  0.000322  0.000322  0.997421
0.000268  0.000268  0.000268  0.240539  0.000268  0.000268  0.081553  0.676300  0.000268
0.000330  0.000330  0.000330  0.000330  0.000330  0.000330  0.000330  0.000330  0.997361
0.000338  0.000338  0.000338  0.000338  0.000338  0.000338  0.000338  0.083460  0.914174
0.000298  0.000298  0.000298  0.000298  0.000298  0.000298  0.000298  0.393638  0.604275
0.000306  0.000306  0.000306  0.000306  0.000306  0.000306  0.000306  0.457150  0.540706
0.000326  0.000326  0.000326  0.000326  0.000326  0.000326  0.000326  0.000326  0.997392
0.000324  0.000324  0.000324  0.185486  0.000324  0.000324  0.000324  0.000324  0.812245
0.000367  0.000367  0.000367  0.000367  0.000367  0.000367  0.000367  0.000367  0.997064
0.000353  0.000353  0.000353  0.000353  0.000353  0.000353  0.000353  0.000353  0.997177
0.000324  0.000324  0.000324  0.000324  0.000324  0.000324  0.000324  0.000324  0.997407
0.000254  0.164368  0.691839  0.000254  0.000254  0.000254  0.142266  0.000254  0.000254
0.000247  0.000247  0.998028  0.000247  0.000247  0.000247  0.000247  0.000247  0.000247
0.000250  0.325220  0.440173  0.000250  0.000250  0.233108  0.000250  0.000250  0.000250
0.000248  0.000248  0.998019  0.000248  0.000248  0.000248  0.000248  0.000248  0.000248
0.000251  0.000251  0.997992  0.000251  0.000251  0.000251  0.000251  0.000251  0.000251
0.000245  0.000245  0.998036  0.000245  0.000245  0.000245  0.000245  0.000245  0.000245
0.000254  0.000254  0.908985  0.000254  0.000254  0.000254  0.089234  0.000254  0.000254
0.000249  0.000249  0.860981  0.000249  0.000249  0.000249  0.137278  0.000249  0.000249
0.000248  0.362779  0.635488  0.000248  0.000248  0.000248  0.000248  0.000248  0.000248
0.000250  0.000250  0.998001  0.000250  0.000250  0.000250  0.000250  0.000250  0.000250
0.000250  0.000250  0.998001  0.000250  0.000250  0.000250  0.000250  0.000250  0.000250
0.000244  0.159950  0.729410  0.000244  0.000244  0.109174  0.000244  0.000244  0.000244
0.041542  0.000251  0.956701  0.000251  0.000251  0.000251  0.000251  0.000251  0.000251
0.000254  0.000254  0.997965  0.000254  0.000254  0.000254  0.000254  0.000254  0.000254
0.000250  0.000250  0.786259  0.000250  0.000250  0.000250  0.211991  0.000250  0.000250
0.000254  0.000254  0.771461  0.000254  0.000254  0.000254  0.226758  0.000254  0.000254
0.000253  0.000253  0.765106  0.233121  0.000253  0.000253  0.000253  0.000253  0.000253
0.000251  0.169897  0.657840  0.000251  0.000251  0.000251  0.170757  0.000251  0.000251
0.000249  0.000249  0.561270  0.000249  0.376087  0.061150  0.000249  0.000249  0.000249
0.000252  0.000252  0.997983  0.000252  0.000252  0.000252  0.000252  0.000252  0.000252
0.000254  0.000254  0.997964  0.000254  0.000254  0.000254  0.000254  0.000254  0.000254
0.000253  0.997974  0.000253  0.000253  0.000253  0.000253  0.000253  0.000253  0.000253
0.000250  0.998001  0.000250  0.000250  0.000250  0.000250  0.000250  0.000250  0.000250
0.000262  0.997907  0.000262  0.000262  0.000262  0.000262  0.000262  0.000262  0.000262
0.000254  0.997965  0.000254  0.000254  0.000254  0.000254  0.000254  0.000254  0.000254
0.000249  0.998010  0.000249  0.000249  0.000249  0.000249  0.000249  0.000249  0.000249
0.000250  0.902871  0.000250  0.000250  0.095380  0.000250  0.000250  0.000250  0.000250
0.000250  0.998001  0.000250  0.000250  0.000250  0.000250  0.000250  0.000250  0.000250
0.000252  0.997983  0.000252  0.000252  0.000252  0.000252  0.000252  0.000252  0.000252
0.000245  0.998036  0.000245  0.000245  0.000245  0.000245  0.000245  0.000245  0.000245
0.000248  0.843554  0.000248  0.000248  0.154712  0.000248  0.000248  0.000248  0.000248
0.000249  0.998010  0.000249  0.000249  0.000249  0.000249  0.000249  0.000249  0.000249
0.000251  0.807315  0.190928  0.000251  0.000251  0.000251  0.000251  0.000251  0.000251
0.000249  0.788275  0.209984  0.000249  0.000249  0.000249  0.000249  0.000249  0.000249
0.000258  0.997936  0.000258  0.000258  0.000258  0.000258  0.000258  0.000258  0.000258
0.000253  0.997974  0.000253  0.000253  0.000253  0.000253  0.000253  0.000253  0.000253
0.000252  0.997983  0.000252  0.000252  0.000252  0.000252  0.000252  0.000252  0.000252
0.000251  0.997992  0.000251  0.000251  0.000251  0.000251  0.000251  0.000251  0.000251
0.000257  0.826802  0.000257  0.000257  0.171400  0.000257  0.000257  0.000257  0.000257
0.000251  0.997992  0.000251  0.000251  0.000251  0.000251  0.000251  0.000251  0.000251
0.000252  0.997983  0.000252  0.000252  0.000252  0.000252  0.000252  0.000252  0.000252
0.000260  0.997917  0.000260  0.000260  0.000260  0.000260  0.000260  0.000260  0.000260
0.000252  0.000252  0.997983  0.000252  0.000252  0.000252  0.000252  0.000252  0.000252
0.000256  0.000256  0.997955  0.000256  0.000256  0.000256  0.000256  0.000256  0.000256
0.000262  0.000262  0.911667  0.000262  0.086502  0.000262  0.000262  0.000262  0.000262
0.000250  0.000250  0.756687  0.000250  0.241564  0.000250  0.000250  0.000250  0.000250
0.000253  0.000253  0.997974  0.000253  0.000253  0.000253  0.000253  0.000253  0.000253
0.000254  0.000254  0.997965  0.000254  0.000254  0.000254  0.000254  0.000254  0.000254
0.000249  0.000249  0.998010  0.000249  0.000249  0.000249  0.000249  0.000249  0.000249
0.000254  0.000254  0.997964  0.000254  0.000254  0.000254  0.000254  0.000254  0.000254
0.000250  0.000250  0.750466  0.000250  0.247785  0.000250  0.000250  0.000250  0.000250
0.000247  0.000247  0.998028  0.000247  0.000247  0.000247  0.000247  0.000247  0.000247
0.000251  0.000251  0.867491  0.000251  0.130752  0.000251  0.000251  0.000251  0.000251
0.000251  0.000251  0.997992  0.000251  0.000251  0.000251  0.000251  0.000251  0.000251
0.000256  0.000256  0.997955  0.000256  0.000256  0.000256  0.000256  0.000256  0.000256
0.000253  0.000253  0.997974  0.000253  0.000253  0.000253  0.000253  0.000253  0.000253
0.000253  0.000253  0.773626  0.000253  0.224601  0.000253  0.000253  0.000253  0.000253
0.000253  0.000253  0.774446  0.000253  0.223781  0.000253  0.000253  0.000253  0.000253
0.000254  0.000254  0.997965  0.000254  0.000254  0.000254  0.000254  0.000254  0.000254
0.000254  0.000254  0.997964  0.000254  0.000254  0.000254  0.000254  0.000254  0.000254
0.000259  0.000259  0.997927  0.000259  0.000259  0.000259  0.000259  0.000259  0.000259
0.000242  0.000242  0.998062  0.000242  0.000242  0.000242  0.000242  0.000242  0.000242
0.000250  0.000250  0.821990  0.000250  0.000250  0.176261  0.000250  0.000250  0.000250
0.000247  0.000247  0.998028  0.000247  0.000247  0.000247  0.000247  0.000247  0.000246
0.000243  0.000243  0.000243  0.000243  0.000243  0.998053  0.000243  0.000243  0.000243
0.000242  0.000242  0.998062  0.000242  0.000242  0.000242  0.000242  0.000242  0.000242
0.000242  0.000242  0.840864  0.000242  0.000242  0.157441  0.000242  0.000242  0.000242
0.000243  0.000243  0.000243  0.000243  0.428466  0.569831  0.000243  0.000243  0.000243
0.000248  0.000248  0.998019  0.000248  0.000248  0.000248  0.000248  0.000248  0.000248
0.000242  0.000242  0.000242  0.000242  0.000242  0.998062  0.000242  0.000242  0.000242
0.000244  0.000244  0.808156  0.000244  0.000244  0.190134  0.000244  0.000244  0.000244
0.000244  0.000244  0.000244  0.000244  0.000244  0.998045  0.000244  0.000244  0.000244
0.000245  0.000245  0.808228  0.000245  0.000245  0.190054  0.000245  0.000245  0.000245
0.000245  0.000245  0.000245  0.000245  0.495753  0.502528  0.000245  0.000245  0.000245
0.000244  0.000244  0.998045  0.000244  0.000244  0.000244  0.000244  0.000244  0.000244
0.000249  0.000249  0.910392  0.000249  0.087866  0.000249  0.000249  0.000249  0.000249
0.000245  0.000245  0.000245  0.000245  0.000245  0.998036  0.000245  0.000245  0.000245
0.000243  0.000243  0.998054  0.000243  0.000243  0.000243  0.000243  0.000243  0.000243
0.000243  0.000243  0.998054  0.000243  0.000243  0.000243  0.000243  0.000243  0.000243
0.000245  0.000245  0.000245  0.000245  0.000245  0.998036  0.000245  0.000245  0.000245
0.000244  0.000244  0.677094  0.000244  0.000244  0.321195  0.000244  0.000244  0.000244
0.000242  0.000242  0.998062  0.000242  0.000242  0.000242  0.000242  0.000242  0.000242
0.000263  0.000263  0.000263  0.000263  0.000263  0.000263  0.000263  0.997897  0.000263
0.000250  0.000250  0.000250  0.000250  0.000250  0.000250  0.000250  0.998001  0.000250
0.000264  0.000264  0.000264  0.000264  0.000264  0.000264  0.000264  0.997887  0.000264
0.000254  0.000254  0.000254  0.000254  0.000254  0.000254  0.000254  0.997965  0.000254
0.000253  0.000253  0.000253  0.182929  0.000253  0.000253  0.000253  0.815298  0.000253
0.000279  0.000279  0.000279  0.000279  0.000279  0.000279  0.000279  0.891727  0.106323
0.000243  0.000243  0.000243  0.000243  0.000243  0.000243  0.000243  0.998054  0.000243
0.000267  0.000267  0.000267  0.000267  0.000267  0.000267  0.000267  0.932257  0.065876
0.058780  0.000243  0.000243  0.000243  0.000243  0.000243  0.000243  0.939517  0.000243
0.091232  0.000252  0.000252  0.000252  0.000252  0.000252  0.000252  0.907003  0.000252
0.000257  0.000257  0.000257  0.000257  0.000257  0.000257  0.000257  0.997946  0.000257
0.000259  0.000259  0.000259  0.000259  0.000259  0.000259  0.000259  0.997927  0.000259
0.000256  0.000256  0.000256  0.000256  0.000256  0.000256  0.000256  0.997955  0.000256
0.000281  0.000281  0.000281  0.000281  0.000281  0.000281  0.000281  0.840514  0.157516
0.000258  0.000258  0.000258  0.000258  0.000258  0.000258  0.000258  0.997936  0.000258
0.000262  0.000262  0.000262  0.000262  0.000262  0.000262  0.000262  0.997907  0.000262
0.000253  0.000253  0.000253  0.118736  0.000253  0.000253  0.000253  0.879491  0.000253
0.000262  0.000262  0.000262  0.000262  0.000262  0.000262  0.000262  0.997907  0.000262
0.000253  0.000253  0.000253  0.000253  0.000253  0.000253  0.000253  0.997974  0.000253
0.000258  0.000258  0.000258  0.000258  0.000258  0.000258  0.000258  0.997936  0.000258
0.065915  0.000259  0.000259  0.000259  0.000259  0.000259  0.000259  0.932271  0.000259
0.000289  0.000289  0.000289  0.000289  0.000289  0.000289  0.000289  0.643242  0.354736
0.000250  0.000250  0.000250  0.000250  0.000250  0.998001  0.000250  0.000250  0.000250
0.000242  0.000242  0.000242  0.000242  0.000242  0.998062  0.000242  0.000242  0.000242
0.000250  0.000250  0.000250  0.000250  0.000250  0.901796  0.000250  0.096455  0.000250
0.000244  0.000244  0.000244  0.000244  0.000244  0.998045  0.000244  0.000244  0.000244
0.000244  0.000244  0.000244  0.000244  0.000244  0.998045  0.000244  0.000244  0.000244
0.000247  0.000247  0.000247  0.000247  0.000247  0.998028  0.000247  0.000247  0.000246
0.000247  0.000247  0.000247  0.000247  0.000247  0.998028  0.000247  0.000247  0.000246
0.000262  0.000262  0.000262  0.000262  0.000262  0.931317  0.000262  0.000262  0.066852
0.000247  0.000247  0.000247  0.000247  0.000247  0.998028  0.000247  0.000247  0.000246
0.000245  0.000245  0.000245  0.000245  0.000245  0.998036  0.000245  0.000245  0.000245
0.000249  0.000249  0.000249  0.000249  0.000249  0.883936  0.000249  0.114323  0.000249
0.000247  0.000247  0.000247  0.000247  0.000247  0.998028  0.000247  0.000247  0.000246
0.000251  0.000251  0.000251  0.000251  0.000251  0.997992  0.000251  0.000251  0.000251
0.000248  0.000248  0.000248  0.000248  0.000248  0.998019  0.000248  0.000248  0.000248
0.000242  0.000242  0.000242  0.000242  0.000242  0.998062  0.000242  0.000242  0.000242
0.000252  0.000252  0.000252  0.000252  0.000252  0.997983  0.000252  0.000252  0.000252
0.000241  0.000241  0.000241  0.000241  0.000241  0.998071  0.000241  0.000241  0.000241
0.000243  0.000243  0.000243  0.000243  0.000243  0.998054  0.000243  0.000243  0.000243
0.000241  0.000241  0.000241  0.000241  0.000241  0.998071  0.000241  0.000241  0.000241
0.000241  0.000241  0.000241  0.000241  0.000241  0.998071  0.000241  0.000241  0.000241
0.000244  0.000244  0.000244  0.998045  0.000244  0.000244  0.000244  0.000244  0.000244
0.000252  0.000252  0.000252  0.997983  0.000252  0.000252  0.000252  0.000252  0.000252
0.000243  0.000243  0.000243  0.998054  0.000243  0.000243  0.000243  0.000243  0.000243
0.000249  0.000249  0.000249  0.998010  0.000249  0.000249  0.000249  0.000249  0.000249
0.000247  0.000247  0.000247  0.998028  0.000247  0.000247  0.000247  0.000247  0.000246
0.000242  0.000242  0.000242  0.998062  0.000242  0.000242  0.000242  0.000242  0.000242
0.000248  0.000248  0.000248  0.998019  0.000248  0.000248  0.000248  0.000248  0.000248
0.000243  0.000243  0.000243  0.998054  0.000243  0.000243  0.000243  0.000243  0.000243
0.000248  0.000248  0.000248  0.998019  0.000248  0.000248  0.000248  0.000248  0.000248
0.000248  0.000248  0.000248  0.998019  0.000248  0.000248  0.000248  0.000248  0.000248
0.000245  0.000245  0.000245  0.998036  0.000245  0.000245  0.000245  0.000245  0.000245
0.000244  0.000244  0.000244  0.998045  0.000244  0.000244  0.000244  0.000244  0.000244
0.000248  0.000248  0.000248  0.998019  0.000248  0.000248  0.000248  0.000248  0.000248
0.000244  0.000244  0.000244  0.998045  0.000244  0.000244  0.000244  0.000244  0.000244
0.000252  0.000252  0.000252  0.997983  0.000252  0.000252  0.000252  0.000252  0.000252
0.000245  0.000245  0.000245  0.998036  0.000245  0.000245  0.000245  0.000245  0.000245
0.000249  0.000249  0.000249  0.998010  0.000249  0.000249  0.000249  0.000249  0.000249
0.000251  0.000251  0.000251  0.997992  0.000251  0.000251  0.000251  0.000251  0.000251
0.000245  0.000245  0.000245  0.998036  0.000245  0.000245  0.000245  0.000245  0.000245
0.000247  0.000247  0.000247  0.998028  0.000247  0.000247  0.000247  0.000247  0.000246
