0.876646  0.000250  0.000250  0.000250  0.121605  0.000250  0.000250  0.000250  0.000250
0.779266  0.000252  0.000252  0.000252  0.218970  0.000252  0.000252  0.000252  0.000252
0.998028  0.000247  0.000247  0.000246  0.000247  0.000247  0.000247  0.000247  0.000247
0.997992  0.000251  0.000251  0.000251  0.000251  0.000251  0.000251  0.000251  0.000251
0.997992  0.000251  0.000251  0.000251  0.000251  0.000251  0.000251  0.000251  0.000251
0.997992  0.000251  0.000251  0.000251  0.000251  0.000251  0.000251  0.000251  0.000251
0.880616  0.000251  0.000251  0.000251  0.117627  0.000251  0.000251  0.000251  0.000251
0.905557  0.000250  0.000250  0.000250  0.000250  0.000250  0.000250  0.000250  0.092694
0.997983  0.000252  0.000252  0.000252  0.000252  0.000252  0.000252  0.000252  0.000252
0.796596  0.000248  0.000248  0.000248  0.201670  0.000248  0.000248  0.000248  0.000248
0.000317  0.000317  0.000317  0.928259  0.000317  0.069524  0.000317  0.000317  0.000317
0.000306  0.168256  0.000306  0.829599  0.000306  0.000306  0.000306  0.000306  0.000306
0.000298  0.417808  0.000298  0.580106  0.000298  0.000298  0.000298  0.000298  0.000298
0.000340  0.000340  0.000340  0.997280  0.000340  0.000340  0.000340  0.000340  0.000340
0.000334  0.000334  0.000334  0.997329  0.000334  0.000334  0.000334  0.000334  0.000334
0.000311  0.366625  0.000311  0.631195  0.000311  0.000311  0.000311  0.000311  0.000311
0.000279  0.471876  0.000279  0.526173  0.000279  0.000279  0.000279  0.000279  0.000279
0.000264  0.672142  0.000264  0.000264  0.140559  0.000264  0.000264  0.185715  0.000264
0.000344  0.000344  0.000344  0.997246  0.000344  0.000344  0.000344  0.000344  0.000344
0.000276  0.431685  0.000276  0.566384  0.000276  0.000276  0.000276  0.000276  0.000276
0.000292  0.000292  0.000292  0.860021  0.000292  0.137936  0.000292  0.000292  0.000292
0.000315  0.104700  0.000315  0.893095  0.000315  0.000315  0.000315  0.000315  0.000315
0.000271  0.869302  0.000271  0.128804  0.000271  0.000271  0.000271  0.000271  0.000271
0.000306  0.543125  0.000306  0.454731  0.000306  0.000306  0.000306  0.000306  0.000306
0.000286  0.542691  0.000286  0.455308  0.000286  0.000286  0.000286  0.000286  0.000286
0.000276  0.997793  0.000276  0.000276  0.000276  0.000276  0.000276  0.000276  0.000276
0.000268  0.997857  0.000268  0.000268  0.000268  0.000268  0.000268  0.000268  0.000268
0.000262  0.997907  0.000262  0.000262  0.000262  0.000262  0.000262  0.000262  0.000262
0.000248  0.000248  0.262868  0.000248  0.000248  0.000248  0.000248  0.735399  0.000248
0.267416  0.000249  0.128069  0.000249  0.000249  0.000249  0.000249  0.603023  0.000249
0.000308  0.153423  0.000308  0.844421  0.000308  0.000308  0.000308  0.000308  0.000308
0.000315  0.096974  0.000315  0.900822  0.000315  0.000315  0.000315  0.000315  0.000315
0.000311  0.000311  0.000311  0.997508  0.000311  0.000311  0.000311  0.000311  0.000311
0.000313  0.000313  0.000313  0.997494  0.000313  0.000313  0.000313  0.000313  0.000313
0.000257  0.678294  0.000257  0.148957  0.171209  0.000257  0.000257  0.000257  0.000257
0.000264  0.997887  0.000264  0.000264  0.000264  0.000264  0.000264  0.000264  0.000264
0.000277  0.552707  0.000277  0.445352  0.000277  0.000277  0.000277  0.000277  0.000277
0.000264  0.802031  0.000264  0.196120  0.000264  0.000264  0.000264  0.000264  0.000264
0.000287  0.569599  0.000287  0.428389  0.000287  0.000287  0.000287  0.000287  0.000287
0.000319  0.000319  0.000319  0.997452  0.000319  0.000319  0.000319  0.000319  0.000319
0.000293  0.599036  0.000293  0.398910  0.000293  0.000293  0.000293  0.000293  0.000293
0.000280  0.605806  0.000280  0.392234  0.000280  0.000280  0.000280  0.000280  0.000280
0.487324  0.000251  0.337589  0.000251  0.000251  0.173581  0.000251  0.000251  0.000251
0.401683  0.055189  0.541616  0.000252  0.000252  0.000252  0.000252  0.000252  0.000252
0.613933  0.000247  0.384341  0.000247  0.000247  0.000247  0.000247  0.000247  0.000247
0.899046  0.000253  0.000253  0.000253  0.099181  0.000253  0.000253  0.000253  0.000253
0.369412  0.063665  0.565411  0.000252  0.000252  0.000252  0.000252  0.000252  0.000252
0.598490  0.000248  0.399777  0.000248  0.000248  0.000248  0.000248  0.000248  0.000248
0.632987  0.000250  0.252695  0.000250  0.000250  0.112819  0.000250  0.000250  0.000250
0.000259  0.000259  0.440686  0.000259  0.000259  0.557499  0.000259  0.000259  0.000259
0.394363  0.000252  0.603872  0.000252  0.000252  0.000252  0.000252  0.000252  0.000252
0.375740  0.000254  0.622479  0.000254  0.000254  0.000254  0.000254  0.000254  0.000254
0.737303  0.000251  0.260940  0.000251  0.000251  0.000251  0.000251  0.000251  0.000251
0.635507  0.000254  0.362712  0.000254  0.000254  0.000254  0.000254  0.000254  0.000254
0.357906  0.000252  0.640329  0.000252  0.000252  0.000252  0.000252  0.000252  0.000252
0.547450  0.000251  0.450793  0.000251  0.000251  0.000251  0.000251  0.000251  0.000251
0.546284  0.000245  0.226301  0.000245  0.225942  0.000245  0.000245  0.000245  0.000245
0.542107  0.000251  0.456136  0.000251  0.000251  0.000251  0.000251  0.000251  0.000251
0.406018  0.000248  0.592248  0.000248  0.000248  0.000248  0.000248  0.000248  0.000248
0.535659  0.000250  0.462592  0.000250  0.000250  0.000250  0.000250  0.000250  0.000250
0.497144  0.000249  0.501115  0.000249  0.000249  0.000249  0.000249  0.000249  0.000249
0.562776  0.000252  0.435459  0.000252  0.000252  0.000252  0.000252  0.000252  0.000252
0.551841  0.000251  0.446402  0.000251  0.000251  0.000251  0.000251  0.000251  0.000251
0.000247  0.000247  0.000247  0.000246  0.000247  0.000247  0.000247  0.000247  0.998028
0.000248  0.000248  0.000248  0.000248  0.000248  0.000248  0.000248  0.000248  0.998019
0.000249  0.000249  0.000249  0.000249  0.000249  0.000249  0.000249  0.000249  0.998010
0.000251  0.000251  0.000251  0.000251  0.000251  0.000251  0.000251  0.000251  0.997992
0.000252  0.000252  0.000252  0.000252  0.000252  0.000252  0.000252  0.000252  0.997983
0.000251  0.000251  0.000251  0.000251  0.000251  0.092033  0.000251  0.000251  0.906211
0.000245  0.000245  0.000245  0.000245  0.000245  0.000245  0.000245  0.000245  0.998036
0.000244  0.000244  0.000244  0.000244  0.000244  0.000244  0.000244  0.000244  0.998045
0.000245  0.000245  0.000245  0.000245  0.000245  0.000245  0.000245  0.000245  0.998036
0.000247  0.000247  0.000247  0.000246  0.000247  0.000247  0.000247  0.000247  0.998028
0.000248  0.000248  0.000248  0.000248  0.000248  0.000248  0.000248  0.000248  0.998019
0.000257  0.000257  0.000257  0.000257  0.000257  0.000257  0.000257  0.000257  0.997946
0.000245  0.000245  0.000245  0.000245  0.000245  0.000245  0.000245  0.000245  0.998037
0.000247  0.000247  0.000247  0.000246  0.000247  0.000247  0.000247  0.000247  0.998028
0.000248  0.000248  0.000248  0.000248  0.000248  0.000248  0.000248  0.000248  0.998019
0.000248  0.000248  0.000248  0.000248  0.000248  0.000248  0.000248  0.000248  0.998019
0.000248  0.000248  0.000248  0.000248  0.000248  0.000248  0.000248  0.000248  0.998019
0.000250  0.000250  0.000250  0.000250  0.000250  0.000250  0.000250  0.000250  0.998001
0.000245  0.000245  0.000245  0.000245  0.000245  0.000245  0.000245  0.000245  0.998037
0.000248  0.000248  0.000248  0.000248  0.000248  0.000248  0.000248  0.000248  0.998019
0.534984  0.000248  0.000248  0.000248  0.089627  0.373903  0.000248  0.000248  0.000248
0.998001  0.000250  0.000250  0.000250  0.000250  0.000250  0.000250  0.000250  0.000250
0.636736  0.000249  0.000249  0.000249  0.000249  0.361523  0.000249  0.000249  0.000249
0.772866  0.000251  0.000251  0.000251  0.000251  0.225377  0.000251  0.000251  0.000251
0.938360  0.000264  0.000264  0.059791  0.000264  0.000264  0.000264  0.000264  0.000264
0.942164  0.000247  0.000247  0.000246  0.056110  0.000247  0.000247  0.000247  0.000247
0.997992  0.000251  0.000251  0.000251  0.000251  0.000251  0.000251  0.000251  0.000251
0.998001  0.000250  0.000250  0.000250  0.000250  0.000250  0.000250  0.000250  0.000250
0.998001  0.000250  0.000250  0.000250  0.000250  0.000250  0.000250  0.000250  0.000250
0.997974  0.000253  0.000253  0.000253  0.000253  0.000253  0.000253  0.000253  0.000253
0.820914  0.000247  0.000247  0.000247  0.000247  0.177361  0.000247  0.000247  0.000247
0.997946  0.000257  0.000257  0.000257  0.000257  0.000257  0.000257  0.000257  0.000257
0.934512  0.000247  0.000247  0.000247  0.063762  0.000247  0.000247  0.000247  0.000247
0.998028  0.000247  0.000247  0.000246  0.000247  0.000247  0.000247  0.000247  0.000247
0.998010  0.000249  0.000249  0.000249  0.000249  0.000249  0.000249  0.000249  0.000249
0.998010  0.000249  0.000249  0.000249  0.000249  0.000249  0.000249  0.000249  0.000249
0.998045  0.000244  0.000244  0.000244  0.000244  0.000244  0.000244  0.000244  0.000244
0.997965  0.000254  0.000254  0.000254  0.000254  0.000254  0.000254  0.000254  0.000254
0.810347  0.000249  0.000249  0.000249  0.000249  0.187912  0.000249  0.000249  0.000249
0.998028  0.000247  0.000247  0.000247  0.000247  0.000247  0.000247  0.000247  0.000247
0.000252  0.000252  0.997983  0.000252  0.000252  0.000252  0.000252  0.000252  0.000252
0.000250  0.000250  0.998001  0.000250  0.000250  0.000250  0.000250  0.000250  0.000250
0.000252  0.000252  0.997983  0.000252  0.000252  0.000252  0.000252  0.000252  0.000252
0.000249  0.000249  0.792110  0.000249  0.000249  0.206148  0.000249  0.000249  0.000249
0.000251  0.000251  0.997992  0.000251  0.000251  0.000251  0.000251  0.000251  0.000251
0.000250  0.000250  0.998001  0.000250  0.000250  0.000250  0.000250  0.000250  0.000250
0.000250  0.000250  0.998001  0.000250  0.000250  0.000250  0.000250  0.000250  0.000250
0.000248  0.000248  0.998019  0.000248  0.000248  0.000248  0.000248  0.000248  0.000248
0.000249  0.000249  0.998010  0.000249  0.000249  0.000249  0.000249  0.000249  0.000249
0.000248  0.000248  0.998019  0.000248  0.000248  0.000248  0.000248  0.000248  0.000248
0.000253  0.000253  0.706012  0.000253  0.000253  0.292215  0.000253  0.000253  0.000253
0.000250  0.000250  0.998001  0.000250  0.000250  0.000250  0.000250  0.000250  0.000250
0.000244  0.000244  0.998045  0.000244  0.000244  0.000244  0.000244  0.000244  0.000244
0.000249  0.000249  0.998010  0.000249  0.000249  0.000249  0.000249  0.000249  0.000249
0.000248  0.000248  0.998019  0.000248  0.000248  0.000248  0.000248  0.000248  0.000248
0.000244  0.000244  0.862971  0.000244  0.000244  0.000244  0.000244  0.135319  0.000244
0.000250  0.000250  0.998001  0.000250  0.000250  0.000250  0.000250  0.000250  0.000250
0.000249  0.000249  0.998010  0.000249  0.000249  0.000249  0.000249  0.000249  0.000249
0.000247  0.000247  0.701924  0.000247  0.000247  0.296350  0.000247  0.000247  0.000247
0.000250  0.000250  0.998001  0.000250  0.000250  0.000250  0.000250  0.000250  0.000250
0.000240  0.000240  0.000240  0.000240  0.000240  0.000240  0.998079  0.000240  0.000240
0.000245  0.000245  0.000245  0.000245  0.000245  0.000245  0.998036  0.000245  0.000245
0.000250  0.000250  0.000250  0.000250  0.000250  0.000250  0.998001  0.000250  0.000250
0.000245  0.000245  0.000245  0.000245  0.000245  0.000245  0.998037  0.000245  0.000245
0.000240  0.000240  0.000240  0.000240  0.000240  0.000240  0.998079  0.000240  0.000240
0.000244  0.000244  0.000244  0.000244  0.000244  0.000244  0.998045  0.000244  0.000244
0.000244  0.000244  0.000244  0.000244  0.000244  0.000244  0.998045  0.000244  0.000244
0.000243  0.000243  0.000243  0.000243  0.000243  0.000243  0.998054  0.000243  0.000243
0.000244  0.000244  0.000244  0.000244  0.000244  0.000244  0.998045  0.000244  0.000244
0.000245  0.000245  0.000245  0.000245  0.000245  0.000245  0.998036  0.000245  0.000245
0.000248  0.000248  0.000248  0.000248  0.000248  0.000248  0.998019  0.000248  0.000248
0.000241  0.000241  0.000241  0.000241  0.000241  0.000241  0.998071  0.000241  0.000241
0.000252  0.111200  0.000252  0.000252  0.000252  0.000252  0.887035  0.000252  0.000252
0.000248  0.000248  0.000248  0.000248  0.000248  0.000248  0.998019  0.000248  0.000248
0.000252  0.000252  0.000252  0.000252  0.000252  0.000252  0.997983  0.000252  0.000252
0.000253  0.000253  0.000253  0.000253  0.997974  0.000253  0.000253  0.000253  0.000253
0.000253  0.000253  0.000253  0.000253  0.670791  0.327436  0.000253  0.000253  0.000253
0.000263  0.109449  0.000263  0.000263  0.539688  0.349286  0.000263  0.000263  0.000263
0.000249  0.000249  0.000249  0.000249  0.809287  0.000249  0.000249  0.188972  0.000249
0.000259  0.000259  0.000259  0.000259  0.705550  0.292636  0.000259  0.000259  0.000259
0.000282  0.179971  0.000281  0.088209  0.730130  0.000282  0.000281  0.000281  0.000281
0.000251  0.000251  0.000251  0.000251  0.889907  0.000251  0.108336  0.000251  0.000251
0.000265  0.000265  0.000265  0.000265  0.552094  0.000265  0.066051  0.164326  0.216202
0.000257  0.000257  0.000257  0.000257  0.823343  0.000257  0.000257  0.174859  0.000257
0.000250  0.000250  0.000250  0.000250  0.806106  0.000250  0.000250  0.192145  0.000250
0.000271  0.000271  0.000271  0.386732  0.611374  0.000271  0.000271  0.000271  0.000271
0.127506  0.103381  0.000256  0.000256  0.633641  0.134194  0.000256  0.000256  0.000256
0.000258  0.000258  0.000258  0.000258  0.574525  0.000258  0.000258  0.423669  0.000258
0.000252  0.000252  0.000252  0.000252  0.795672  0.000252  0.000252  0.202563  0.000252
0.000259  0.175029  0.000259  0.000259  0.431731  0.000259  0.000259  0.391685  0.000259
0.163863  0.000254  0.158724  0.000254  0.675886  0.000254  0.000254  0.000254  0.000254
0.000263  0.059870  0.000263  0.000263  0.632454  0.000263  0.000263  0.306099  0.000263
0.000253  0.061887  0.000253  0.000253  0.715433  0.134342  0.000253  0.087071  0.000253
0.000247  0.000247  0.000247  0.000247  0.474948  0.000247  0.170475  0.180968  0.172377
0.000251  0.000251  0.000251  0.000251  0.720333  0.000251  0.000251  0.162030  0.116131
0.000259  0.000259  0.000259  0.000259  0.635358  0.000259  0.000259  0.224355  0.138732
0.000249  0.462959  0.000249  0.000249  0.000249  0.000249  0.535300  0.000249  0.000249
0.000252  0.276900  0.000252  0.000252  0.000252  0.000252  0.721335  0.000252  0.000252
0.000254  0.336055  0.000254  0.000254  0.000254  0.000254  0.662164  0.000254  0.000254
0.000236  0.232910  0.000236  0.000236  0.000236  0.000236  0.765438  0.000236  0.000236
0.000245  0.255551  0.000245  0.074073  0.000245  0.000245  0.668904  0.000245  0.000245
0.000250  0.307960  0.000250  0.000250  0.000250  0.000250  0.690291  0.000250  0.000250
0.000349  0.116089  0.000349  0.881471  0.000349  0.000349  0.000349  0.000349  0.000349
0.000332  0.000332  0.000332  0.997345  0.000332  0.000332  0.000332  0.000332  0.000332
0.000344  0.000344  0.000344  0.997247  0.000344  0.000344  0.000344  0.000344  0.000344
0.000334  0.000334  0.000334  0.997329  0.000334  0.000334  0.000334  0.000334  0.000334
0.000317  0.000317  0.000317  0.997466  0.000317  0.000317  0.000317  0.000317  0.000317
0.000290  0.840041  0.000290  0.157927  0.000290  0.000290  0.000290  0.000290  0.000290
0.000300  0.129523  0.000300  0.868379  0.000300  0.000300  0.000300  0.000300  0.000300
0.000322  0.306181  0.000322  0.691564  0.000322  0.000322  0.000322  0.000322  0.000322
0.000324  0.000324  0.000324  0.840160  0.000324  0.000324  0.157571  0.000324  0.000324
0.000277  0.723356  0.000277  0.274703  0.000277  0.000277  0.000277  0.000277  0.000277
0.000269  0.565287  0.000269  0.203950  0.000269  0.000269  0.229148  0.000269  0.000269
0.000276  0.601693  0.000276  0.396375  0.000276  0.000276  0.000276  0.000276  0.000276
0.195098  0.000252  0.803137  0.000252  0.000252  0.000252  0.000252  0.000252  0.000252
0.000245  0.000245  0.872870  0.000245  0.125412  0.000245  0.000245  0.000245  0.000245
0.000253  0.000253  0.813802  0.000253  0.184425  0.000253  0.000253  0.000253  0.000253
0.000256  0.000256  0.997955  0.000256  0.000256  0.000256  0.000256  0.000256  0.000256
0.000258  0.000258  0.997936  0.000258  0.000258  0.000258  0.000258  0.000258  0.000258
0.000253  0.000253  0.997974  0.000253  0.000253  0.000253  0.000253  0.000253  0.000253
0.000243  0.000243  0.998054  0.000243  0.000243  0.000243  0.000243  0.000243  0.000243
0.000252  0.000252  0.997983  0.000252  0.000252  0.000252  0.000252  0.000252  0.000252
0.000254  0.000254  0.997965  0.000254  0.000254  0.000254  0.000254  0.000254  0.000254
0.000253  0.000253  0.851026  0.000253  0.000253  0.000253  0.000253  0.000253  0.147201
0.000244  0.000244  0.850873  0.000244  0.147416  0.000244  0.000244  0.000244  0.000244
0.000249  0.000249  0.604028  0.000249  0.000249  0.394231  0.000249  0.000249  0.000249
0.000258  0.000258  0.455151  0.000258  0.000258  0.543043  0.000258  0.000258  0.000258
0.000258  0.000258  0.529191  0.000258  0.000258  0.469003  0.000258  0.000258  0.000258
0.254183  0.000249  0.000249  0.000249  0.000249  0.000249  0.000249  0.744076  0.000249
0.000250  0.000250  0.000250  0.000250  0.000250  0.000250  0.000250  0.998001  0.000250
0.000247  0.000247  0.000247  0.000247  0.000247  0.000247  0.000247  0.998028  0.000247
0.000248  0.000248  0.000248  0.000248  0.000248  0.000248  0.000248  0.998019  0.000248
0.000248  0.000248  0.000248  0.000248  0.000248  0.000248  0.000248  0.998019  0.000248
0.000252  0.000252  0.000252  0.000252  0.000252  0.000252  0.000252  0.997983  0.000252
0.000248  0.000248  0.000248  0.000248  0.000248  0.000248  0.000248  0.998019  0.000248
0.000248  0.000248  0.000248  0.000248  0.000248  0.000248  0.000248  0.998019  0.000248
0.000250  0.000250  0.000250  0.000250  0.000250  0.000250  0.000250  0.998001  0.000250
0.000250  0.000250  0.000250  0.000250  0.000250  0.000250  0.000250  0.998001  0.000250
0.000250  0.000250  0.000250  0.000250  0.000250  0.000250  0.000250  0.998001  0.000250
0.000244  0.000244  0.000244  0.000244  0.000244  0.000244  0.000244  0.998045  0.000244
0.000248  0.000248  0.000248  0.000248  0.000248  0.000248  0.000248  0.998019  0.000248
0.000250  0.000250  0.000250  0.000250  0.000250  0.000250  0.000250  0.998001  0.000250
0.000247  0.000247  0.000247  0.000247  0.000247  0.000247  0.000247  0.998028  0.000247
0.000249  0.000249  0.000249  0.000249  0.000249  0.000249  0.000249  0.998010  0.000249
0.000244  0.000244  0.000244  0.000244  0.000244  0.000244  0.000244  0.998045  0.000244
0.000243  0.000243  0.000243  0.000243  0.000243  0.000243  0.000243  0.998054  0.000243
0.000247  0.000247  0.000247  0.000246  0.000247  0.000247  0.000247  0.998028  0.000247
0.000245  0.000245  0.000245  0.000245  0.000245  0.000245  0.000245  0.998036  0.000245
0.000247  0.000247  0.000247  0.000246  0.000247  0.000247  0.000247  0.998028  0.000247
0.000320  0.000320  0.000320  0.997437  0.000320  0.000320  0.000320  0.000320  0.000320
0.000277  0.355556  0.000277  0.375002  0.267778  0.000277  0.000277  0.000277  0.000277
0.000322  0.000322  0.000322  0.997421  0.000322  0.000322  0.000322  0.000322  0.000322
0.000268  0.696431  0.000268  0.000268  0.191261  0.000268  0.000268  0.000268  0.110701
0.000330  0.000330  0.000330  0.997361  0.000330  0.000330  0.000330  0.000330  0.000330
0.000338  0.084715  0.000338  0.912919  0.000338  0.000338  0.000338  0.000338  0.000338
0.000298  0.397354  0.000298  0.600559  0.000298  0.000298  0.000298  0.000298  0.000298
0.000306  0.467858  0.000306  0.529998  0.000306  0.000306  0.000306  0.000306  0.000306
0.000326  0.000326  0.000326  0.997392  0.000326  0.000326  0.000326  0.000326  0.000326
0.000324  0.242663  0.000324  0.755067  0.000324  0.000324  0.000324  0.000324  0.000324
0.000367  0.000367  0.000367  0.997064  0.000367  0.000367  0.000367  0.000367  0.000367
0.000353  0.000353  0.000353  0.997177  0.000353  0.000353  0.000353  0.000353  0.000353
0.000324  0.000324  0.000324  0.997407  0.000324  0.000324  0.000324  0.000324  0.000324
0.230661  0.000254  0.000254  0.000254  0.047431  0.201535  0.000254  0.424378  0.094978
0.290819  0.000247  0.000247  0.000247  0.000247  0.000247  0.000247  0.707455  0.000247
0.000250  0.000250  0.000250  0.000250  0.000250  0.556389  0.000250  0.441862  0.000250
0.000248  0.000248  0.000248  0.000248  0.000248  0.000248  0.000248  0.998019  0.000248
0.000251  0.000251  0.000251  0.000251  0.000251  0.000251  0.000251  0.877925  0.120318
0.422180  0.000245  0.000245  0.000245  0.000245  0.000245  0.000245  0.576102  0.000245
0.000254  0.000254  0.000254  0.000254  0.000254  0.000254  0.000254  0.781571  0.216648
0.000249  0.000249  0.000249  0.000249  0.093211  0.000249  0.000249  0.648818  0.256478
0.264731  0.000248  0.000248  0.000248  0.130119  0.264691  0.000248  0.339221  0.000248
0.323361  0.000250  0.000250  0.000250  0.084777  0.000250  0.000250  0.590363  0.000250
0.000250  0.000250  0.000250  0.000250  0.000250  0.000250  0.000250  0.878940  0.119311
0.000244  0.000244  0.000244  0.000244  0.000244  0.268625  0.000244  0.729664  0.000244
0.000251  0.000251  0.000251  0.000251  0.000251  0.000251  0.034582  0.869105  0.094807
0.000254  0.000254  0.000254  0.000254  0.097226  0.000254  0.000254  0.900993  0.000254
0.000250  0.000250  0.000250  0.000250  0.135464  0.000250  0.000250  0.595136  0.267901
0.000254  0.000254  0.000254  0.000254  0.000254  0.000254  0.000254  0.711709  0.286510
0.000253  0.000253  0.000253  0.000253  0.255030  0.000253  0.000253  0.743197  0.000253
0.000251  0.000251  0.000251  0.000251  0.000251  0.219102  0.000251  0.541962  0.237430
0.000249  0.000249  0.314977  0.000249  0.000249  0.000249  0.000249  0.611068  0.072463
0.000252  0.000252  0.000252  0.000252  0.000252  0.000252  0.000252  0.819682  0.178553
0.304739  0.000254  0.000254  0.000254  0.087115  0.000254  0.000254  0.606620  0.000254
0.000253  0.000253  0.000253  0.000253  0.000253  0.997974  0.000253  0.000253  0.000253
0.000250  0.000250  0.000250  0.000250  0.000250  0.998001  0.000250  0.000250  0.000250
0.000262  0.000262  0.000262  0.000262  0.000262  0.997907  0.000262  0.000262  0.000262
0.000254  0.000254  0.000254  0.000254  0.000254  0.997964  0.000254  0.000254  0.000254
0.000249  0.000249  0.000249  0.000249  0.000249  0.998010  0.000249  0.000249  0.000249
0.000250  0.000250  0.200192  0.000250  0.000250  0.798059  0.000250  0.000250  0.000250
0.000250  0.000250  0.201397  0.000250  0.000250  0.796854  0.000250  0.000250  0.000250
0.000252  0.000252  0.000252  0.000252  0.000252  0.835748  0.000252  0.000252  0.162488
0.000245  0.000245  0.000245  0.000245  0.000245  0.998036  0.000245  0.000245  0.000245
0.000248  0.000248  0.181801  0.000248  0.082026  0.734687  0.000248  0.000248  0.000248
0.000249  0.000249  0.000249  0.000249  0.000249  0.998010  0.000249  0.000249  0.000249
0.000251  0.000251  0.244115  0.000251  0.000251  0.754128  0.000251  0.000251  0.000251
0.318604  0.000249  0.000249  0.000249  0.000249  0.679654  0.000249  0.000249  0.000249
0.000258  0.000258  0.000258  0.000258  0.000258  0.997936  0.000258  0.000258  0.000258
0.000253  0.000253  0.000253  0.000253  0.000253  0.997974  0.000253  0.000253  0.000253
0.000252  0.000252  0.000252  0.000252  0.000252  0.997983  0.000252  0.000252  0.000252
0.000251  0.000251  0.000251  0.000251  0.000251  0.997992  0.000251  0.000251  0.000251
0.000257  0.000257  0.219916  0.000257  0.000257  0.778286  0.000257  0.000257  0.000257
0.000251  0.000251  0.000251  0.000251  0.000251  0.997992  0.000251  0.000251  0.000251
0.000252  0.000252  0.000252  0.000252  0.000252  0.877347  0.000252  0.000252  0.120888
0.000260  0.000260  0.000260  0.000260  0.000260  0.997917  0.000260  0.000260  0.000260
0.997983  0.000252  0.000252  0.000252  0.000252  0.000252  0.000252  0.000252  0.000252
0.997955  0.000256  0.000256  0.000256  0.000256  0.000256  0.000256  0.000256  0.000256
0.810928  0.000262  0.000262  0.000262  0.000262  0.000262  0.000262  0.187240  0.000262
0.833306  0.000250  0.164945  0.000250  0.000250  0.000250  0.000250  0.000250  0.000250
0.631893  0.000253  0.000253  0.000253  0.000253  0.000253  0.000253  0.366334  0.000253
0.997965  0.000254  0.000254  0.000254  0.000254  0.000254  0.000254  0.000254  0.000254
0.859332  0.000249  0.000249  0.000249  0.000249  0.000249  0.000249  0.138927  0.000249
0.658036  0.000254  0.000254  0.000254  0.000254  0.000254  0.000254  0.340183  0.000254
0.862119  0.000250  0.136132  0.000250  0.000250  0.000250  0.000250  0.000250  0.000250
0.811390  0.000247  0.000247  0.000246  0.000247  0.000247  0.000247  0.186884  0.000247
0.997992  0.000251  0.000251  0.000251  0.000251  0.000251  0.000251  0.000251  0.000251
0.997992  0.000251  0.000251  0.000251  0.000251  0.000251  0.000251  0.000251  0.000251
0.997955  0.000256  0.000256  0.000256  0.000256  0.000256  0.000256  0.000256  0.000256
0.997974  0.000253  0.000253  0.000253  0.000253  0.000253  0.000253  0.000253  0.000253
0.997974  0.000253  0.000253  0.000253  0.000253  0.000253  0.000253  0.000253  0.000253
0.997974  0.000253  0.000253  0.000253  0.000253  0.000253  0.000253  0.000253  0.000253
0.564478  0.000254  0.000254  0.000254  0.000254  0.000254  0.000254  0.433741  0.000254
0.841872  0.000254  0.000254  0.000254  0.000254  0.000254  0.000254  0.156347  0.000254
0.794090  0.000259  0.000259  0.000259  0.000259  0.000259  0.000259  0.204096  0.000259
0.000242  0.000242  0.000242  0.000242  0.000242  0.000242  0.000242  0.998062  0.000242
0.000250  0.000250  0.000250  0.000250  0.000250  0.000250  0.000250  0.998001  0.000250
0.000247  0.000247  0.000247  0.000246  0.000247  0.000247  0.000247  0.998028  0.000247
0.000243  0.000243  0.000243  0.000243  0.000243  0.000243  0.000243  0.998054  0.000243
0.000242  0.000242  0.000242  0.000242  0.000242  0.000242  0.000242  0.998062  0.000242
0.000242  0.000242  0.000242  0.000242  0.000242  0.000242  0.000242  0.998062  0.000242
0.000243  0.000243  0.000243  0.000243  0.000243  0.000243  0.000243  0.885179  0.113118
0.000248  0.000248  0.000248  0.000248  0.000248  0.000248  0.000248  0.998019  0.000248
0.000242  0.000242  0.000242  0.000242  0.000242  0.000242  0.000242  0.998062  0.000242
0.000244  0.000244  0.000244  0.000244  0.000244  0.000244  0.000244  0.998045  0.000244
0.000244  0.000244  0.000244  0.000244  0.000244  0.000244  0.000244  0.998045  0.000244
0.000245  0.000245  0.000245  0.000245  0.000245  0.000245  0.000245  0.998036  0.000245
0.000245  0.000245  0.000245  0.000245  0.000245  0.000245  0.000245  0.998036  0.000245
0.000244  0.000244  0.000244  0.000244  0.000244  0.000244  0.000244  0.998045  0.000244
0.000249  0.000249  0.000249  0.000249  0.174220  0.000249  0.000249  0.824039  0.000249
0.000245  0.000245  0.000245  0.000245  0.000245  0.000245  0.000245  0.964769  0.033513
0.000243  0.000243  0.000243  0.000243  0.000243  0.000243  0.000243  0.998054  0.000243
0.000243  0.000243  0.000243  0.000243  0.000243  0.000243  0.000243  0.998054  0.000243
0.000245  0.000245  0.000245  0.000245  0.000245  0.000245  0.000245  0.998036  0.000245
0.000244  0.000244  0.000244  0.000244  0.000244  0.147764  0.000244  0.850525  0.000244
0.000242  0.000242  0.000242  0.000242  0.000242  0.000242  0.000242  0.998062  0.000242
0.000263  0.997897  0.000263  0.000263  0.000263  0.000263  0.000263  0.000263  0.000263
0.000250  0.998001  0.000250  0.000250  0.000250  0.000250  0.000250  0.000250  0.000250
0.000264  0.997887  0.000264  0.000264  0.000264  0.000264  0.000264  0.000264  0.000264
0.000254  0.997965  0.000254  0.000254  0.000254  0.000254  0.000254  0.000254  0.000254
0.000253  0.826564  0.000253  0.000253  0.171663  0.000253  0.000253  0.000253  0.000253
0.000279  0.885574  0.000279  0.112476  0.000279  0.000279  0.000279  0.000279  0.000279
0.000243  0.998054  0.000243  0.000243  0.000243  0.000243  0.000243  0.000243  0.000243
0.000267  0.934848  0.000267  0.063286  0.000267  0.000267  0.000267  0.000267  0.000267
0.000243  0.935575  0.000243  0.000243  0.000243  0.000243  0.062722  0.000243  0.000243
0.000252  0.900353  0.000252  0.000252  0.000252  0.000252  0.097883  0.000252  0.000252
0.000257  0.997946  0.000257  0.000257  0.000257  0.000257  0.000257  0.000257  0.000257
0.000259  0.997927  0.000259  0.000259  0.000259  0.000259  0.000259  0.000259  0.000259
0.000256  0.997955  0.000256  0.000256  0.000256  0.000256  0.000256  0.000256  0.000256
0.000281  0.841997  0.000281  0.156032  0.000281  0.000281  0.000281  0.000281  0.000281
0.000258  0.997936  0.000258  0.000258  0.000258  0.000258  0.000258  0.000258  0.000258
0.000262  0.997907  0.000262  0.000262  0.000262  0.000262  0.000262  0.000262  0.000262
0.000253  0.896969  0.000253  0.000253  0.000253  0.000253  0.101258  0.000253  0.000253
0.000262  0.997907  0.000262  0.000262  0.000262  0.000262  0.000262  0.000262  0.000262
0.000253  0.997974  0.000253  0.000253  0.000253  0.000253  0.000253  0.000253  0.000253
0.000258  0.997936  0.000258  0.000258  0.000258  0.000258  0.000258  0.000258  0.000258
0.000259  0.915177  0.000259  0.000259  0.000259  0.000259  0.083009  0.000259  0.000259
0.000289  0.642480  0.000289  0.355498  0.000289  0.000289  0.000289  0.000289  0.000289
0.100732  0.000250  0.000250  0.000250  0.000250  0.897519  0.000250  0.000250  0.000250
0.250318  0.000242  0.052892  0.000242  0.000242  0.695337  0.000242  0.000242  0.000242
0.000250  0.216307  0.000250  0.000250  0.000250  0.507978  0.000250  0.274216  0.000250
0.000244  0.000244  0.000244  0.000244  0.000244  0.998045  0.000244  0.000244  0.000244
0.000244  0.000244  0.000244  0.000244  0.000244  0.998045  0.000244  0.000244  0.000244
0.000247  0.000247  0.000247  0.000246  0.000247  0.998028  0.000247  0.000247  0.000247
0.247277  0.000247  0.000247  0.000246  0.000247  0.750997  0.000247  0.000247  0.000247
0.000262  0.000262  0.000262  0.077260  0.000262  0.920909  0.000262  0.000262  0.000262
0.998028  0.000247  0.000247  0.000246  0.000247  0.000247  0.000247  0.000247  0.000247
0.998036  0.000245  0.000245  0.000245  0.000245  0.000245  0.000245  0.000245  0.000245
0.762460  0.235799  0.000249  0.000249  0.000249  0.000249  0.000249  0.000249  0.000249
0.998028  0.000247  0.000247  0.000247  0.000247  0.000247  0.000247  0.000247  0.000247
0.495129  0.044030  0.000251  0.000251  0.000251  0.459335  0.000251  0.000251  0.000251
0.643467  0.000248  0.000248  0.000248  0.000248  0.354800  0.000248  0.000248  0.000248
0.467051  0.000242  0.000242  0.000242  0.000242  0.531254  0.000242  0.000242  0.000242
0.000252  0.000252  0.000252  0.000252  0.000252  0.997983  0.000252  0.000252  0.000252
0.998071  0.000241  0.000241  0.000241  0.000241  0.000241  0.000241  0.000241  0.000241
0.728213  0.000243  0.222368  0.047959  0.000243  0.000243  0.000243  0.000243  0.000243
0.727350  0.098993  0.000241  0.000241  0.000241  0.172210  0.000241  0.000241  0.000241
0.998070  0.000241  0.000241  0.000241  0.000241  0.000241  0.000241  0.000241  0.000241
0.000244  0.000244  0.000244  0.000244  0.998045  0.000244  0.000244  0.000244  0.000244
0.000252  0.000252  0.000252  0.000252  0.997983  0.000252  0.000252  0.000252  0.000252
0.000243  0.000243  0.000243  0.000243  0.998054  0.000243  0.000243  0.000243  0.000243
0.000249  0.000249  0.000249  0.000249  0.998010  0.000249  0.000249  0.000249  0.000249
0.000247  0.000247  0.000247  0.000246  0.998028  0.000247  0.000247  0.000247  0.000247
0.000242  0.000242  0.000242  0.000242  0.998062  0.000242  0.000242  0.000242  0.000242
0.000248  0.000248  0.000248  0.000248  0.998019  0.000248  0.000248  0.000248  0.000248
0.000243  0.000243  0.000243  0.000243  0.998054  0.000243  0.000243  0.000243  0.000243
0.000248  0.000248  0.000248  0.000248  0.998019  0.000248  0.000248  0.000248  0.000248
0.000248  0.000248  0.000248  0.000248  0.998019  0.000248  0.000248  0.000248  0.000248
0.000245  0.000245  0.000245  0.000245  0.998036  0.000245  0.000245  0.000245  0.000245
0.000244  0.000244  0.000244  0.000244  0.998045  0.000244  0.000244  0.000244  0.000244
0.000248  0.000248  0.000248  0.000248  0.998019  0.000248  0.000248  0.000248  0.000248
0.000244  0.000244  0.000244  0.000244  0.998045  0.000244  0.000244  0.000244  0.000244
0.000252  0.000252  0.000252  0.000252  0.997983  0.000252  0.000252  0.000252  0.000252
0.000245  0.152624  0.000245  0.000245  0.845658  0.000245  0.000245  0.000245  0.000245
0.000249  0.000249  0.000249  0.000249  0.998010  0.000249  0.000249  0.000249  0.000249
0.000251  0.000251  0.000251  0.000251  0.997992  0.000251  0.000251  0.000251  0.000251
0.000245  0.000245  0.000245  0.000245  0.998036  0.000245  0.000245  0.000245  0.000245
0.000247  0.000247  0.000247  0.000246  0.998028  0.000247  0.000247  0.000247  0.000247
