0.288006  0.000225  0.000225  0.000225  0.000225  0.000225  0.000225  0.710196  0.000225  0.000225
0.000227  0.000227  0.000227  0.000227  0.000227  0.096481  0.000227  0.901704  0.000227  0.000227
0.328764  0.000222  0.000222  0.000222  0.000222  0.000222  0.000222  0.669462  0.000222  0.000222
0.000226  0.000226  0.000226  0.000226  0.000226  0.000226  0.000226  0.997968  0.000226  0.000226
0.132373  0.000226  0.000226  0.000226  0.000226  0.000226  0.000226  0.865821  0.000226  0.000226
0.000226  0.000226  0.000226  0.000226  0.000226  0.000226  0.000226  0.997968  0.000226  0.000226
0.299801  0.095404  0.000226  0.000226  0.000226  0.000226  0.000226  0.603215  0.000226  0.000226
0.280383  0.000225  0.000225  0.000225  0.000225  0.000225  0.000225  0.717819  0.000225  0.000225
0.374543  0.000227  0.000227  0.000227  0.000227  0.000227  0.000227  0.623643  0.000227  0.000227
0.171653  0.000223  0.000223  0.000223  0.000223  0.000223  0.000223  0.826565  0.000223  0.000223
0.000285  0.000285  0.067790  0.000285  0.929930  0.000285  0.000285  0.000285  0.000285  0.000285
0.000276  0.000276  0.000276  0.000276  0.836310  0.000276  0.000276  0.000276  0.161485  0.000276
0.000268  0.000268  0.000268  0.000268  0.597276  0.000268  0.000268  0.000268  0.400579  0.000268
0.000306  0.000306  0.000306  0.000306  0.997247  0.000306  0.000306  0.000306  0.000306  0.000306
0.000300  0.000300  0.000300  0.000300  0.997297  0.000300  0.000300  0.000300  0.000300  0.000300
0.000280  0.000280  0.000280  0.000280  0.647325  0.000280  0.000280  0.000280  0.350433  0.000280
0.000251  0.000251  0.000251  0.000251  0.538184  0.000251  0.000251  0.000251  0.459810  0.000251
0.000238  0.000238  0.000238  0.000238  0.000238  0.000238  0.000238  0.258712  0.739387  0.000238
0.000310  0.000310  0.000310  0.000310  0.997213  0.000310  0.000310  0.000310  0.000310  0.000310
0.000248  0.000248  0.000248  0.000248  0.581078  0.000248  0.000248  0.000248  0.416936  0.000248
0.000263  0.000263  0.000263  0.000263  0.821608  0.000263  0.000263  0.000263  0.176292  0.000263
0.000283  0.000283  0.000283  0.000283  0.905669  0.000283  0.000283  0.000283  0.092065  0.000283
0.000243  0.000243  0.000243  0.000243  0.145628  0.000243  0.000243  0.000243  0.852425  0.000243
0.000276  0.000276  0.000276  0.000276  0.480723  0.000276  0.000276  0.000276  0.517072  0.000276
0.000257  0.000257  0.000257  0.000257  0.473298  0.000257  0.000257  0.000257  0.524645  0.000257
0.000248  0.000248  0.000248  0.000248  0.000248  0.000248  0.000248  0.000248  0.997766  0.000248
0.000241  0.000241  0.000241  0.000241  0.000241  0.000241  0.000241  0.000241  0.997831  0.000241
0.000235  0.000235  0.000235  0.000235  0.000235  0.000235  0.000235  0.000235  0.997882  0.000235
0.324004  0.000223  0.000223  0.000223  0.000223  0.000223  0.000223  0.674214  0.000223  0.000223
0.541591  0.000224  0.000224  0.000224  0.000224  0.000224  0.000224  0.456619  0.000224  0.000224
0.000277  0.000277  0.000277  0.000277  0.849113  0.000277  0.000277  0.000277  0.148670  0.000277
0.000283  0.000283  0.000283  0.000283  0.904931  0.000283  0.000283  0.000283  0.092802  0.000283
0.000280  0.000280  0.000280  0.000280  0.997478  0.000280  0.000280  0.000280  0.000280  0.000280
0.000282  0.000282  0.000282  0.000282  0.997464  0.000282  0.000282  0.000282  0.000282  0.000282
0.000231  0.000231  0.000231  0.000231  0.201176  0.000231  0.000231  0.000231  0.796975  0.000231
0.000238  0.000238  0.000238  0.000238  0.000238  0.000238  0.000238  0.000238  0.997862  0.000238
0.000249  0.000249  0.000249  0.000249  0.446763  0.000249  0.000249  0.000249  0.551241  0.000249
0.000238  0.000238  0.000238  0.000238  0.195987  0.000238  0.000238  0.000238  0.802113  0.000238
0.000258  0.000258  0.000258  0.000258  0.435220  0.000258  0.000258  0.000258  0.562713  0.000258
0.000287  0.000287  0.000287  0.000287  0.997421  0.000287  0.000287  0.000287  0.000287  0.000287
0.000264  0.000264  0.000264  0.000264  0.413079  0.000264  0.000264  0.000264  0.584809  0.000264
0.000252  0.000252  0.000252  0.000252  0.399509  0.000252  0.000252  0.000252  0.598475  0.000252
0.000226  0.000226  0.000226  0.000226  0.000226  0.000226  0.000226  0.997968  0.000226  0.000226
0.000227  0.000227  0.000227  0.000227  0.000227  0.000227  0.000227  0.997959  0.000227  0.000227
0.000222  0.000222  0.000222  0.095903  0.000222  0.000222  0.000222  0.902322  0.000222  0.000222
0.000228  0.000228  0.000228  0.000228  0.000228  0.000228  0.000228  0.997949  0.000228  0.000228
0.000227  0.000227  0.000227  0.000227  0.032069  0.000227  0.000227  0.966116  0.000227  0.000227
0.000223  0.000223  0.000223  0.000223  0.000223  0.000223  0.000223  0.997995  0.000223  0.000223
0.000225  0.000225  0.000225  0.000225  0.000225  0.000225  0.000225  0.997977  0.000225  0.000225
0.000233  0.000233  0.183344  0.000233  0.000233  0.000233  0.000233  0.814791  0.000233  0.000233
0.000227  0.000227  0.000227  0.000227  0.000227  0.000227  0.000227  0.997959  0.000227  0.000227
0.000229  0.000229  0.000229  0.000229  0.000229  0.000229  0.000229  0.997940  0.000229  0.000229
0.000226  0.000226  0.000226  0.000226  0.000226  0.000226  0.000226  0.997968  0.000226  0.000226
0.000229  0.000229  0.000229  0.000229  0.000229  0.000229  0.000229  0.997940  0.000229  0.000229
0.000227  0.000227  0.000227  0.000227  0.000227  0.000227  0.000227  0.997959  0.000227  0.000227
0.000226  0.000226  0.000226  0.000226  0.000226  0.000226  0.000226  0.997968  0.000226  0.000226
0.000221  0.184534  0.000221  0.000221  0.000221  0.000221  0.000221  0.813699  0.000221  0.000221
0.000226  0.000226  0.000226  0.000226  0.000226  0.000226  0.000226  0.997968  0.000226  0.000226
0.000223  0.000223  0.000223  0.000223  0.000223  0.000223  0.000223  0.997995  0.000223  0.000223
0.000225  0.000225  0.000225  0.000225  0.000225  0.000225  0.000225  0.997977  0.000225  0.000225
0.000224  0.000224  0.000224  0.000224  0.000224  0.000224  0.000224  0.997986  0.000224  0.000224
0.000227  0.000227  0.000227  0.000227  0.000227  0.000227  0.000227  0.997959  0.000227  0.000227
0.000226  0.000226  0.000226  0.000226  0.000226  0.000226  0.000226  0.997968  0.000226  0.000226
0.000222  0.000222  0.000222  0.000222  0.000222  0.998004  0.000222  0.000222  0.000222  0.000222
0.000223  0.000223  0.000223  0.000223  0.000223  0.997995  0.000223  0.000223  0.000223  0.000223
0.000224  0.000224  0.000224  0.000224  0.000224  0.997986  0.000224  0.000224  0.000224  0.000224
0.000226  0.000226  0.000226  0.000226  0.000226  0.997968  0.000226  0.000226  0.000226  0.000226
0.000227  0.000227  0.000227  0.000227  0.000227  0.997959  0.000227  0.000227  0.000227  0.000227
0.000226  0.000226  0.000226  0.000226  0.000226  0.997968  0.000226  0.000226  0.000226  0.000226
0.000221  0.000221  0.000221  0.000221  0.000221  0.998013  0.000221  0.000221  0.000221  0.000221
0.000220  0.000220  0.000220  0.000220  0.000220  0.998021  0.000220  0.000220  0.000220  0.000220
0.000221  0.000221  0.000221  0.000221  0.000221  0.998013  0.000221  0.000221  0.000221  0.000221
0.000222  0.000222  0.000222  0.000222  0.000222  0.998004  0.000222  0.000222  0.000222  0.000222
0.000223  0.000223  0.000223  0.000223  0.000223  0.997995  0.000223  0.000223  0.000223  0.000223
0.000231  0.000231  0.000231  0.000231  0.000231  0.997921  0.000231  0.000231  0.000231  0.000231
0.000221  0.000221  0.000221  0.000221  0.000221  0.998013  0.000221  0.000221  0.000221  0.000221
0.000222  0.000222  0.000222  0.000222  0.000222  0.998004  0.000222  0.000222  0.000222  0.000222
0.000223  0.000223  0.000223  0.000223  0.000223  0.997995  0.000223  0.000223  0.000223  0.000223
0.000223  0.000223  0.000223  0.000223  0.000223  0.997995  0.000223  0.000223  0.000223  0.000223
0.000223  0.000223  0.000223  0.000223  0.000223  0.997995  0.000223  0.000223  0.000223  0.000223
0.000225  0.000225  0.000225  0.000225  0.000225  0.997977  0.000225  0.000225  0.000225  0.000225
0.000221  0.000221  0.000221  0.000221  0.000221  0.998013  0.000221  0.000221  0.000221  0.000221
0.000223  0.000223  0.000223  0.000223  0.000223  0.997995  0.000223  0.000223  0.000223  0.000223
0.000223  0.000223  0.000223  0.000223  0.000223  0.303941  0.000223  0.694277  0.000223  0.000223
0.000225  0.000225  0.000225  0.000225  0.000225  0.144269  0.000225  0.853933  0.000225  0.000225
0.000224  0.000224  0.000224  0.000224  0.000224  0.235326  0.000224  0.762884  0.000224  0.000224
0.000226  0.000226  0.086335  0.000226  0.000226  0.199554  0.000226  0.712531  0.000226  0.000226
0.000238  0.000238  0.000238  0.000238  0.057456  0.000238  0.000238  0.940643  0.000238  0.000238
0.000222  0.000222  0.000222  0.000222  0.000222  0.000222  0.000222  0.998004  0.000222  0.000222
0.166072  0.000226  0.000226  0.000226  0.000226  0.000226  0.000226  0.832122  0.000226  0.000226
0.167657  0.000225  0.000225  0.000225  0.000225  0.000225  0.000225  0.830545  0.000225  0.000225
0.000225  0.000225  0.000225  0.000225  0.000225  0.000225  0.000225  0.997977  0.000225  0.000225
0.000228  0.000228  0.000228  0.000228  0.000228  0.000228  0.000228  0.997949  0.000228  0.000228
0.000222  0.000222  0.250434  0.000222  0.000222  0.000222  0.000222  0.747792  0.000222  0.000222
0.347696  0.000231  0.000231  0.000231  0.000231  0.000231  0.000231  0.650456  0.000231  0.000231
0.401733  0.000222  0.000222  0.000222  0.000222  0.000222  0.000222  0.596493  0.000222  0.000222
0.154352  0.000222  0.000222  0.000222  0.000222  0.000222  0.000222  0.843874  0.000222  0.000222
0.270946  0.000224  0.000224  0.000224  0.000224  0.000224  0.000224  0.727264  0.000224  0.000224
0.273270  0.000224  0.000224  0.000224  0.000224  0.000224  0.000224  0.724940  0.000224  0.000224
0.000220  0.000220  0.000220  0.000220  0.000220  0.000220  0.000220  0.998021  0.000220  0.000220
0.360945  0.000229  0.000229  0.000229  0.000229  0.000229  0.000229  0.637224  0.000229  0.000229
0.000224  0.000224  0.000224  0.000224  0.000224  0.138032  0.000224  0.860177  0.000224  0.000224
0.000222  0.000222  0.197726  0.000222  0.000222  0.000222  0.000222  0.800500  0.000222  0.000222
0.000227  0.000227  0.997959  0.000227  0.000227  0.000227  0.000227  0.000227  0.000227  0.000227
0.000225  0.000225  0.997977  0.000225  0.000225  0.000225  0.000225  0.000225  0.000225  0.000225
0.000227  0.000227  0.997959  0.000227  0.000227  0.000227  0.000227  0.000227  0.000227  0.000227
0.000224  0.000224  0.997986  0.000224  0.000224  0.000224  0.000224  0.000224  0.000224  0.000224
0.000226  0.000226  0.997968  0.000226  0.000226  0.000226  0.000226  0.000226  0.000226  0.000226
0.000225  0.000225  0.997977  0.000225  0.000225  0.000225  0.000225  0.000225  0.000225  0.000225
0.000225  0.000225  0.997977  0.000225  0.000225  0.000225  0.000225  0.000225  0.000225  0.000225
0.000223  0.000223  0.997995  0.000223  0.000223  0.000223  0.000223  0.000223  0.000223  0.000223
0.000224  0.000224  0.997986  0.000224  0.000224  0.000224  0.000224  0.000224  0.000224  0.000224
0.000223  0.000223  0.997995  0.000223  0.000223  0.000223  0.000223  0.000223  0.000223  0.000223
0.000228  0.000228  0.997949  0.000228  0.000228  0.000228  0.000228  0.000228  0.000228  0.000228
0.000225  0.000225  0.997977  0.000225  0.000225  0.000225  0.000225  0.000225  0.000225  0.000225
0.000220  0.000220  0.998021  0.000220  0.000220  0.000220  0.000220  0.000220  0.000220  0.000220
0.000224  0.000224  0.997986  0.000224  0.000224  0.000224  0.000224  0.000224  0.000224  0.000224
0.000223  0.000223  0.997995  0.000223  0.000223  0.000223  0.000223  0.000223  0.000223  0.000223
0.000220  0.000220  0.998021  0.000220  0.000220  0.000220  0.000220  0.000220  0.000220  0.000220
0.000225  0.000225  0.997977  0.000225  0.000225  0.000225  0.000225  0.000225  0.000225  0.000225
0.000224  0.000224  0.997986  0.000224  0.000224  0.000224  0.000224  0.000224  0.000224  0.000224
0.000222  0.000222  0.998004  0.000222  0.000222  0.000222  0.000222  0.000222  0.000222  0.000222
0.000225  0.000225  0.997977  0.000225  0.000225  0.000225  0.000225  0.000225  0.000225  0.000225
0.000216  0.000216  0.000216  0.000216  0.000216  0.000216  0.998056  0.000216  0.000216  0.000216
0.000221  0.000221  0.000221  0.000221  0.000221  0.000221  0.998013  0.000221  0.000221  0.000221
0.000225  0.000225  0.000225  0.000225  0.000225  0.000225  0.997977  0.000225  0.000225  0.000225
0.000221  0.000221  0.000221  0.000221  0.000221  0.000221  0.998013  0.000221  0.000221  0.000221
0.000216  0.000216  0.000216  0.000216  0.000216  0.000216  0.998056  0.000216  0.000216  0.000216
0.000220  0.000220  0.000220  0.000220  0.000220  0.000220  0.998021  0.000220  0.000220  0.000220
0.000220  0.000220  0.000220  0.000220  0.000220  0.000220  0.998021  0.000220  0.000220  0.000220
0.000219  0.000219  0.000219  0.000219  0.000219  0.000219  0.998030  0.000219  0.000219  0.000219
0.000220  0.000220  0.000220  0.000220  0.000220  0.000220  0.998021  0.000220  0.000220  0.000220
0.000221  0.000221  0.000221  0.000221  0.000221  0.000221  0.998013  0.000221  0.000221  0.000221
0.000223  0.000223  0.000223  0.000223  0.000223  0.000223  0.997995  0.000223  0.000223  0.000223
0.000217  0.000217  0.000217  0.000217  0.000217  0.000217  0.998047  0.000217  0.000217  0.000217
0.000227  0.000227  0.000227  0.000227  0.000227  0.000227  0.997959  0.000227  0.000227  0.000227
0.000223  0.000223  0.000223  0.000223  0.000223  0.000223  0.997995  0.000223  0.000223  0.000223
0.000227  0.000227  0.000227  0.000227  0.000227  0.000227  0.997959  0.000227  0.000227  0.000227
0.000228  0.997949  0.000228  0.000228  0.000228  0.000228  0.000228  0.000228  0.000228  0.000228
0.000228  0.833106  0.000228  0.165071  0.000228  0.000228  0.000228  0.000228  0.000228  0.000228
0.000236  0.501166  0.000236  0.000236  0.000236  0.000236  0.000236  0.000236  0.000236  0.496943
0.175627  0.822583  0.000224  0.000224  0.000224  0.000224  0.000224  0.000224  0.000224  0.000224
0.000233  0.785434  0.000233  0.212701  0.000233  0.000233  0.000233  0.000233  0.000233  0.000233
0.000253  0.000253  0.000253  0.000253  0.000253  0.000253  0.000253  0.000253  0.000253  0.997721
0.000226  0.845901  0.000226  0.152293  0.000226  0.000226  0.000226  0.000226  0.000226  0.000226
0.000239  0.572595  0.000239  0.203633  0.000239  0.222101  0.000239  0.000239  0.000239  0.000239
0.000231  0.868998  0.000231  0.000231  0.000231  0.129154  0.000231  0.000231  0.000231  0.000231
0.000225  0.764817  0.000225  0.000225  0.000225  0.233385  0.000225  0.000225  0.000225  0.000225
0.000243  0.000243  0.000243  0.000243  0.000243  0.000243  0.000243  0.000243  0.000243  0.997810
0.000230  0.000230  0.000230  0.000230  0.000230  0.000230  0.000230  0.518770  0.000230  0.479390
0.387555  0.610589  0.000232  0.000232  0.000232  0.000232  0.000232  0.000232  0.000232  0.000232
0.214255  0.783930  0.000227  0.000227  0.000227  0.000227  0.000227  0.000227  0.000227  0.000227
0.695645  0.000233  0.000233  0.000233  0.000233  0.000233  0.000233  0.000233  0.000233  0.302489
0.000229  0.760834  0.237334  0.000229  0.000229  0.000229  0.000229  0.000229  0.000229  0.000229
0.620109  0.000236  0.000236  0.000236  0.000236  0.000236  0.000236  0.000236  0.000236  0.377999
0.000228  0.705423  0.198822  0.000228  0.000228  0.000228  0.000228  0.000228  0.000228  0.094160
0.000222  0.000222  0.000222  0.000222  0.000222  0.553089  0.000222  0.000222  0.000222  0.445136
0.146470  0.706170  0.000226  0.000226  0.000226  0.145779  0.000226  0.000226  0.000226  0.000226
0.628127  0.000233  0.000233  0.000233  0.000233  0.000233  0.000233  0.000233  0.000233  0.370008
0.000224  0.000224  0.000224  0.000224  0.000224  0.000224  0.394001  0.000224  0.604209  0.000224
0.000227  0.000227  0.000227  0.000227  0.000227  0.000227  0.618344  0.000227  0.379841  0.000227
0.000229  0.000229  0.000229  0.000229  0.000229  0.000229  0.550401  0.000229  0.447768  0.000229
0.000212  0.040434  0.000212  0.000212  0.000212  0.000212  0.683694  0.000212  0.274386  0.000212
0.000221  0.266611  0.000221  0.000221  0.000221  0.000221  0.000221  0.000221  0.731623  0.000221
0.000225  0.000225  0.000225  0.000225  0.000225  0.000225  0.607365  0.000225  0.390837  0.000225
0.000314  0.000314  0.000314  0.000314  0.878959  0.000314  0.000314  0.000314  0.118533  0.000314
0.000299  0.000299  0.000299  0.000299  0.997313  0.000299  0.000299  0.000299  0.000299  0.000299
0.000310  0.000310  0.000310  0.000310  0.997213  0.000310  0.000310  0.000310  0.000310  0.000310
0.000300  0.000300  0.000300  0.000300  0.997297  0.000300  0.000300  0.000300  0.000300  0.000300
0.000285  0.000285  0.000285  0.000285  0.997435  0.000285  0.000285  0.000285  0.000285  0.000285
0.000261  0.000261  0.000261  0.000261  0.167670  0.000261  0.000261  0.000261  0.830241  0.000261
0.000270  0.000270  0.000270  0.000270  0.871957  0.000270  0.000270  0.000270  0.125886  0.000270
0.000290  0.000290  0.000290  0.000290  0.702894  0.000290  0.000290  0.000290  0.294787  0.000290
0.000292  0.000292  0.000292  0.000292  0.789936  0.000292  0.000292  0.000292  0.207731  0.000292
0.000249  0.000249  0.000249  0.000249  0.291825  0.000249  0.000249  0.000249  0.706179  0.000249
0.000242  0.000242  0.000242  0.000242  0.180407  0.000242  0.000242  0.161534  0.656363  0.000242
0.000248  0.000248  0.000248  0.000248  0.402247  0.000248  0.000248  0.000248  0.595768  0.000248
0.124721  0.000227  0.000227  0.000227  0.000227  0.000227  0.000227  0.873464  0.000227  0.000227
0.000221  0.079908  0.000221  0.000221  0.000221  0.147334  0.000221  0.771213  0.000221  0.000221
0.000228  0.000228  0.000228  0.000228  0.000228  0.000228  0.000228  0.997949  0.000228  0.000228
0.000230  0.000230  0.000230  0.000230  0.000230  0.000230  0.000230  0.997930  0.000230  0.000230
0.000232  0.000232  0.000232  0.000232  0.000232  0.000232  0.000232  0.997911  0.000232  0.000232
0.000228  0.000228  0.000228  0.000228  0.000228  0.000228  0.000228  0.997949  0.000228  0.000228
0.000219  0.000219  0.000219  0.000219  0.000219  0.000219  0.000219  0.998030  0.000219  0.000219
0.000227  0.000227  0.000227  0.000227  0.000227  0.217453  0.000227  0.780732  0.000227  0.000227
0.000229  0.000229  0.000229  0.000229  0.000229  0.251547  0.000229  0.746622  0.000229  0.000229
0.000228  0.000228  0.000228  0.000228  0.000228  0.239260  0.000228  0.758917  0.000228  0.000228
0.000220  0.000220  0.000220  0.000220  0.000220  0.000220  0.000220  0.998021  0.000220  0.000220
0.000224  0.000224  0.269429  0.000224  0.000224  0.150511  0.000224  0.578494  0.000224  0.000224
0.000232  0.000232  0.000232  0.000232  0.000232  0.259356  0.000232  0.738787  0.000232  0.000232
0.000232  0.134095  0.408471  0.175726  0.000232  0.280316  0.000232  0.000232  0.000232  0.000232
0.997986  0.000224  0.000224  0.000224  0.000224  0.000224  0.000224  0.000224  0.000224  0.000224
0.997977  0.000225  0.000225  0.000225  0.000225  0.000225  0.000225  0.000225  0.000225  0.000225
0.998004  0.000222  0.000222  0.000222  0.000222  0.000222  0.000222  0.000222  0.000222  0.000222
0.997995  0.000223  0.000223  0.000223  0.000223  0.000223  0.000223  0.000223  0.000223  0.000223
0.997995  0.000223  0.000223  0.000223  0.000223  0.000223  0.000223  0.000223  0.000223  0.000223
0.997959  0.000227  0.000227  0.000227  0.000227  0.000227  0.000227  0.000227  0.000227  0.000227
0.909933  0.000223  0.000223  0.000223  0.000223  0.000223  0.000223  0.088284  0.000223  0.000223
0.997995  0.000223  0.000223  0.000223  0.000223  0.000223  0.000223  0.000223  0.000223  0.000223
0.997977  0.000225  0.000225  0.000225  0.000225  0.000225  0.000225  0.000225  0.000225  0.000225
0.997977  0.000225  0.000225  0.000225  0.000225  0.000225  0.000225  0.000225  0.000225  0.000225
0.997977  0.000225  0.000225  0.000225  0.000225  0.000225  0.000225  0.000225  0.000225  0.000225
0.998021  0.000220  0.000220  0.000220  0.000220  0.000220  0.000220  0.000220  0.000220  0.000220
0.997995  0.000223  0.000223  0.000223  0.000223  0.000223  0.000223  0.000223  0.000223  0.000223
0.997977  0.000225  0.000225  0.000225  0.000225  0.000225  0.000225  0.000225  0.000225  0.000225
0.998004  0.000222  0.000222  0.000222  0.000222  0.000222  0.000222  0.000222  0.000222  0.000222
0.997986  0.000224  0.000224  0.000224  0.000224  0.000224  0.000224  0.000224  0.000224  0.000224
0.998021  0.000220  0.000220  0.000220  0.000220  0.000220  0.000220  0.000220  0.000220  0.000220
0.998030  0.000219  0.000219  0.000219  0.000219  0.000219  0.000219  0.000219  0.000219  0.000219
0.998004  0.000222  0.000222  0.000222  0.000222  0.000222  0.000222  0.000222  0.000222  0.000222
0.998013  0.000221  0.000221  0.000221  0.000221  0.000221  0.000221  0.000221  0.000221  0.000221
0.998004  0.000222  0.000222  0.000222  0.000222  0.000222  0.000222  0.000222  0.000222  0.000222
0.000288  0.000288  0.000288  0.000288  0.997406  0.000288  0.000288  0.000288  0.000288  0.000288
0.000249  0.000249  0.000249  0.000249  0.201006  0.000249  0.000249  0.000249  0.000249  0.796999
0.000290  0.000290  0.050339  0.000290  0.947341  0.000290  0.000290  0.000290  0.000290  0.000290
0.000241  0.000241  0.000241  0.000241  0.000241  0.000241  0.000241  0.000241  0.743271  0.254801
0.000297  0.000297  0.000297  0.000297  0.997329  0.000297  0.000297  0.000297  0.000297  0.000297
0.000304  0.000304  0.000304  0.000304  0.919032  0.000304  0.000304  0.000304  0.078536  0.000304
0.000268  0.000268  0.000268  0.000268  0.628429  0.000268  0.000268  0.000268  0.369425  0.000268
0.000276  0.000276  0.000276  0.000276  0.550866  0.000276  0.000276  0.000276  0.446930  0.000276
0.000293  0.000293  0.000293  0.000293  0.997360  0.000293  0.000293  0.000293  0.000293  0.000293
0.000292  0.000292  0.000292  0.000292  0.762543  0.000292  0.000292  0.000292  0.000292  0.235124
0.000330  0.000330  0.000330  0.000330  0.997029  0.000330  0.000330  0.000330  0.000330  0.000330
0.000318  0.000318  0.000318  0.000318  0.997142  0.000318  0.000318  0.000318  0.000318  0.000318
0.000292  0.000292  0.000292  0.000292  0.997375  0.000292  0.000292  0.000292  0.000292  0.000292
0.642614  0.041714  0.000229  0.000229  0.000229  0.314069  0.000229  0.000229  0.000229  0.000229
0.998004  0.000222  0.000222  0.000222  0.000222  0.000222  0.000222  0.000222  0.000222  0.000222
0.554165  0.000225  0.000225  0.127859  0.000225  0.316402  0.000225  0.000225  0.000225  0.000225
0.929692  0.000223  0.000223  0.000223  0.000223  0.068526  0.000223  0.000223  0.000223  0.000223
0.906474  0.000226  0.000226  0.000226  0.000226  0.091720  0.000226  0.000226  0.000226  0.000226
0.998013  0.000221  0.000221  0.000221  0.000221  0.000221  0.000221  0.000221  0.000221  0.000221
0.763391  0.050584  0.000229  0.000229  0.000229  0.184423  0.000229  0.000229  0.000229  0.000229
0.706023  0.069927  0.000224  0.000224  0.000224  0.222484  0.000224  0.000224  0.000224  0.000224
0.498043  0.000223  0.000223  0.000223  0.000223  0.213887  0.000223  0.286511  0.000223  0.000223
0.689518  0.000225  0.000225  0.000225  0.000225  0.000225  0.000225  0.308684  0.000225  0.000225
0.997977  0.000225  0.000225  0.000225  0.000225  0.000225  0.000225  0.000225  0.000225  0.000225
0.844886  0.000220  0.000220  0.000220  0.000220  0.153355  0.000220  0.000220  0.000220  0.000220
0.970580  0.027613  0.000226  0.000226  0.000226  0.000226  0.000226  0.000226  0.000226  0.000226
0.883217  0.114952  0.000229  0.000229  0.000229  0.000229  0.000229  0.000229  0.000229  0.000229
0.638589  0.128803  0.000225  0.000225  0.000225  0.231035  0.000225  0.000225  0.000225  0.000225
0.734915  0.000229  0.000229  0.000229  0.000229  0.263254  0.000229  0.000229  0.000229  0.000229
0.897932  0.000228  0.000228  0.000228  0.000228  0.000228  0.000228  0.000228  0.000228  0.100245
0.634992  0.000226  0.000226  0.000226  0.000226  0.363202  0.000226  0.000226  0.000226  0.000226
0.772851  0.000224  0.000224  0.000224  0.000224  0.225359  0.000224  0.000224  0.000224  0.000224
0.836291  0.000227  0.000227  0.000227  0.000227  0.161894  0.000227  0.000227  0.000227  0.000227
0.760292  0.064871  0.000229  0.000229  0.000229  0.000229  0.000229  0.173234  0.000229  0.000229
0.456897  0.000228  0.000228  0.000228  0.000228  0.541280  0.000228  0.000228  0.000228  0.000228
0.525662  0.000225  0.000225  0.000225  0.000225  0.472540  0.000225  0.000225  0.000225  0.000225
0.420078  0.000235  0.000235  0.212831  0.000235  0.365443  0.000235  0.000235  0.000235  0.000235
0.318651  0.000229  0.189423  0.000229  0.000229  0.490324  0.000229  0.000229  0.000229  0.000229
0.200880  0.000224  0.000224  0.000224  0.000224  0.312919  0.000224  0.484635  0.000224  0.000224
0.462424  0.000225  0.000225  0.000225  0.000225  0.159414  0.000225  0.376589  0.000225  0.000225
0.000225  0.000225  0.000225  0.000225  0.000225  0.284258  0.000225  0.574101  0.000225  0.140067
0.502057  0.000227  0.000227  0.000227  0.000227  0.496128  0.000227  0.000227  0.000227  0.000227
0.190915  0.000221  0.000221  0.000221  0.000221  0.372748  0.000221  0.434791  0.000221  0.000221
0.488735  0.046093  0.000223  0.000223  0.047218  0.416617  0.000223  0.000223  0.000223  0.000223
0.286044  0.000224  0.000224  0.000224  0.000224  0.302534  0.000224  0.409855  0.000224  0.000224
0.413389  0.000226  0.000226  0.000226  0.000226  0.183259  0.000226  0.401771  0.000226  0.000226
0.646126  0.000224  0.000224  0.000224  0.000224  0.352083  0.000224  0.000224  0.000224  0.000224
0.593782  0.000232  0.000232  0.000232  0.000232  0.404361  0.000232  0.000232  0.000232  0.000232
0.634455  0.000228  0.000228  0.000228  0.000228  0.363722  0.000228  0.000228  0.000228  0.000228
0.570324  0.000227  0.000227  0.000227  0.000227  0.427862  0.000227  0.000227  0.000227  0.000227
0.324438  0.101527  0.179586  0.000226  0.000226  0.393094  0.000226  0.000226  0.000226  0.000226
0.518199  0.000231  0.159474  0.000231  0.000231  0.320710  0.000231  0.000231  0.000231  0.000231
0.529608  0.000226  0.000226  0.000226  0.000226  0.468586  0.000226  0.000226  0.000226  0.000226
0.223578  0.000227  0.000227  0.000227  0.000227  0.471790  0.000227  0.303045  0.000227  0.000227
0.524397  0.000234  0.000234  0.000234  0.000234  0.473729  0.000234  0.000234  0.000234  0.000234
0.758070  0.000227  0.000227  0.000227  0.000227  0.000227  0.000227  0.240116  0.000227  0.000227
0.997930  0.000230  0.000230  0.000230  0.000230  0.000230  0.000230  0.000230  0.000230  0.000230
0.785379  0.000235  0.000235  0.000235  0.000235  0.000235  0.000235  0.212739  0.000235  0.000235
0.774821  0.000225  0.000225  0.000225  0.000225  0.000225  0.000225  0.223381  0.000225  0.000225
0.997949  0.000228  0.000228  0.000228  0.000228  0.000228  0.000228  0.000228  0.000228  0.000228
0.997940  0.000229  0.000229  0.000229  0.000229  0.000229  0.000229  0.000229  0.000229  0.000229
0.997986  0.000224  0.000224  0.000224  0.000224  0.000224  0.000224  0.000224  0.000224  0.000224
0.997940  0.000229  0.000229  0.000229  0.000229  0.000229  0.000229  0.000229  0.000229  0.000229
0.564234  0.000225  0.000225  0.000225  0.000225  0.000225  0.000225  0.433968  0.000225  0.000225
0.998004  0.000222  0.000222  0.000222  0.000222  0.000222  0.000222  0.000222  0.000222  0.000222
0.833968  0.000226  0.000226  0.000226  0.000226  0.000226  0.000226  0.164225  0.000226  0.000226
0.789263  0.000226  0.000226  0.000226  0.000226  0.000226  0.000226  0.208931  0.000226  0.000226
0.632528  0.000230  0.000230  0.000230  0.000230  0.000230  0.000230  0.365633  0.000230  0.000230
0.676112  0.000228  0.000228  0.000228  0.000228  0.000228  0.000228  0.322065  0.000228  0.000228
0.763203  0.000228  0.000228  0.000228  0.000228  0.000228  0.000228  0.234974  0.000228  0.000228
0.527100  0.000228  0.000228  0.000228  0.000228  0.000228  0.000228  0.471077  0.000228  0.000228
0.934740  0.000229  0.000229  0.000229  0.000229  0.000229  0.000229  0.063429  0.000229  0.000229
0.997940  0.000229  0.000229  0.000229  0.000229  0.000229  0.000229  0.000229  0.000229  0.000229
0.807015  0.000233  0.000233  0.000233  0.000233  0.000233  0.000233  0.191120  0.000233  0.000233
0.998039  0.000218  0.000218  0.000218  0.000218  0.000218  0.000218  0.000218  0.000218  0.000218
0.997977  0.000225  0.000225  0.000225  0.000225  0.000225  0.000225  0.000225  0.000225  0.000225
0.998004  0.000222  0.000222  0.000222  0.000222  0.000222  0.000222  0.000222  0.000222  0.000222
0.998030  0.000219  0.000219  0.000219  0.000219  0.000219  0.000219  0.000219  0.000219  0.000219
0.998039  0.000218  0.000218  0.000218  0.000218  0.000218  0.000218  0.000218  0.000218  0.000218
0.998039  0.000218  0.000218  0.000218  0.000218  0.000218  0.000218  0.000218  0.000218  0.000218
0.895834  0.000219  0.000219  0.000219  0.000219  0.102415  0.000219  0.000219  0.000219  0.000219
0.997995  0.000223  0.000223  0.000223  0.000223  0.000223  0.000223  0.000223  0.000223  0.000223
0.998039  0.000218  0.000218  0.000218  0.000218  0.000218  0.000218  0.000218  0.000218  0.000218
0.998021  0.000220  0.000220  0.000220  0.000220  0.000220  0.000220  0.000220  0.000220  0.000220
0.998021  0.000220  0.000220  0.000220  0.000220  0.000220  0.000220  0.000220  0.000220  0.000220
0.998013  0.000221  0.000221  0.000221  0.000221  0.000221  0.000221  0.000221  0.000221  0.000221
0.998013  0.000221  0.000221  0.000221  0.000221  0.000221  0.000221  0.000221  0.000221  0.000221
0.998021  0.000220  0.000220  0.000220  0.000220  0.000220  0.000220  0.000220  0.000220  0.000220
0.787113  0.211097  0.000224  0.000224  0.000224  0.000224  0.000224  0.000224  0.000224  0.000224
0.943306  0.054927  0.000221  0.000221  0.000221  0.000221  0.000221  0.000221  0.000221  0.000221
0.998030  0.000219  0.000219  0.000219  0.000219  0.000219  0.000219  0.000219  0.000219  0.000219
0.998030  0.000219  0.000219  0.000219  0.000219  0.000219  0.000219  0.000219  0.000219  0.000219
0.777101  0.000221  0.221133  0.000221  0.000221  0.000221  0.000221  0.000221  0.000221  0.000221
0.959756  0.000220  0.000220  0.000220  0.038485  0.000220  0.000220  0.000220  0.000220  0.000220
0.998039  0.000218  0.000218  0.000218  0.000218  0.000218  0.000218  0.000218  0.000218  0.000218
0.000236  0.000236  0.000236  0.000236  0.000236  0.000236  0.000236  0.000236  0.997872  0.000236
0.000225  0.000225  0.000225  0.000225  0.000225  0.000225  0.000225  0.000225  0.997977  0.000225
0.000238  0.000238  0.000238  0.000238  0.000238  0.000238  0.000238  0.000238  0.997862  0.000238
0.000229  0.000229  0.000229  0.000229  0.000229  0.000229  0.000229  0.000229  0.997940  0.000229
0.000228  0.000228  0.000228  0.000228  0.000228  0.000228  0.000228  0.000228  0.997949  0.000228
0.000251  0.000251  0.000251  0.000251  0.126645  0.000251  0.000251  0.000251  0.871349  0.000251
0.000219  0.000219  0.000219  0.000219  0.000219  0.000219  0.000219  0.000219  0.998030  0.000219
0.000240  0.000240  0.000240  0.000240  0.076487  0.000240  0.000240  0.000240  0.921594  0.000240
0.000219  0.000219  0.000219  0.000219  0.000219  0.000219  0.000219  0.000219  0.998030  0.000219
0.000227  0.000227  0.000227  0.000227  0.000227  0.000227  0.000227  0.000227  0.997959  0.000227
0.000231  0.000231  0.000231  0.000231  0.000231  0.000231  0.000231  0.000231  0.997921  0.000231
0.000233  0.000233  0.000233  0.000233  0.000233  0.000233  0.000233  0.000233  0.997902  0.000233
0.000230  0.000230  0.000230  0.000230  0.000230  0.000230  0.000230  0.000230  0.997930  0.000230
0.000253  0.000253  0.000253  0.000253  0.176788  0.000253  0.000253  0.000253  0.821187  0.000253
0.000232  0.000232  0.000232  0.000232  0.000232  0.000232  0.000232  0.000232  0.997911  0.000232
0.000235  0.000235  0.000235  0.000235  0.000235  0.000235  0.000235  0.000235  0.997882  0.000235
0.000228  0.000228  0.000228  0.000228  0.000228  0.000228  0.000228  0.000228  0.997949  0.000228
0.000235  0.000235  0.000235  0.000235  0.000235  0.000235  0.000235  0.000235  0.997882  0.000235
0.000228  0.000228  0.000228  0.000228  0.000228  0.000228  0.000228  0.000228  0.997949  0.000228
0.000232  0.000232  0.000232  0.000232  0.000232  0.000232  0.000232  0.000232  0.997911  0.000232
0.000233  0.000233  0.000233  0.000233  0.000233  0.000233  0.000233  0.000233  0.997902  0.000233
0.000260  0.000260  0.000260  0.000260  0.374638  0.000260  0.000260  0.000260  0.623283  0.000260
0.000225  0.000225  0.000225  0.997977  0.000225  0.000225  0.000225  0.000225  0.000225  0.000225
0.000218  0.000218  0.000218  0.998039  0.000218  0.000218  0.000218  0.000218  0.000218  0.000218
0.000225  0.000225  0.000225  0.941966  0.000225  0.000225  0.000225  0.000225  0.056236  0.000225
0.000220  0.000220  0.000220  0.998021  0.000220  0.000220  0.000220  0.000220  0.000220  0.000220
0.000220  0.000220  0.000220  0.998021  0.000220  0.000220  0.000220  0.000220  0.000220  0.000220
0.000222  0.000222  0.000222  0.998004  0.000222  0.000222  0.000222  0.000222  0.000222  0.000222
0.000222  0.000222  0.000222  0.998004  0.000222  0.000222  0.000222  0.000222  0.000222  0.000222
0.000235  0.000235  0.000235  0.997882  0.000235  0.000235  0.000235  0.000235  0.000235  0.000235
0.000222  0.000222  0.000222  0.998004  0.000222  0.000222  0.000222  0.000222  0.000222  0.000222
0.000221  0.000221  0.000221  0.998013  0.000221  0.000221  0.000221  0.000221  0.000221  0.000221
0.000224  0.000224  0.000224  0.921629  0.000224  0.000224  0.000224  0.000224  0.076581  0.000224
0.000222  0.000222  0.000222  0.998004  0.000222  0.000222  0.000222  0.000222  0.000222  0.000222
0.000226  0.000226  0.000226  0.997968  0.000226  0.000226  0.000226  0.000226  0.000226  0.000226
0.000223  0.000223  0.000223  0.997995  0.000223  0.000223  0.000223  0.000223  0.000223  0.000223
0.000218  0.000218  0.000218  0.998039  0.000218  0.000218  0.000218  0.000218  0.000218  0.000218
0.000227  0.000227  0.000227  0.997959  0.000227  0.000227  0.000227  0.000227  0.000227  0.000227
0.000217  0.000217  0.000217  0.998047  0.000217  0.000217  0.000217  0.000217  0.000217  0.000217
0.000219  0.000219  0.000219  0.998030  0.000219  0.000219  0.000219  0.000219  0.000219  0.000219
0.000217  0.000217  0.000217  0.998047  0.000217  0.000217  0.000217  0.000217  0.000217  0.000217
0.000217  0.000217  0.000217  0.998047  0.000217  0.000217  0.000217  0.000217  0.000217  0.000217
0.000220  0.998021  0.000220  0.000220  0.000220  0.000220  0.000220  0.000220  0.000220  0.000220
0.000227  0.997959  0.000227  0.000227  0.000227  0.000227  0.000227  0.000227  0.000227  0.000227
0.000219  0.998030  0.000219  0.000219  0.000219  0.000219  0.000219  0.000219  0.000219  0.000219
0.000224  0.997986  0.000224  0.000224  0.000224  0.000224  0.000224  0.000224  0.000224  0.000224
0.000222  0.998004  0.000222  0.000222  0.000222  0.000222  0.000222  0.000222  0.000222  0.000222
0.000218  0.998039  0.000218  0.000218  0.000218  0.000218  0.000218  0.000218  0.000218  0.000218
0.000223  0.997995  0.000223  0.000223  0.000223  0.000223  0.000223  0.000223  0.000223  0.000223
0.000219  0.998030  0.000219  0.000219  0.000219  0.000219  0.000219  0.000219  0.000219  0.000219
0.000223  0.997995  0.000223  0.000223  0.000223  0.000223  0.000223  0.000223  0.000223  0.000223
0.000223  0.997995  0.000223  0.000223  0.000223  0.000223  0.000223  0.000223  0.000223  0.000223
0.000221  0.998013  0.000221  0.000221  0.000221  0.000221  0.000221  0.000221  0.000221  0.000221
0.000220  0.998021  0.000220  0.000220  0.000220  0.000220  0.000220  0.000220  0.000220  0.000220
0.000223  0.997995  0.000223  0.000223  0.000223  0.000223  0.000223  0.000223  0.000223  0.000223
0.000220  0.998021  0.000220  0.000220  0.000220  0.000220  0.000220  0.000220  0.000220  0.000220
0.000227  0.997959  0.000227  0.000227  0.000227  0.000227  0.000227  0.000227  0.000227  0.000227
0.000221  0.760610  0.000221  0.000221  0.000221  0.000221  0.000221  0.000221  0.000221  0.237624
0.000224  0.997986  0.000224  0.000224  0.000224  0.000224  0.000224  0.000224  0.000224  0.000224
0.000226  0.997968  0.000226  0.000226  0.000226  0.000226  0.000226  0.000226  0.000226  0.000226
0.000221  0.998013  0.000221  0.000221  0.000221  0.000221  0.000221  0.000221  0.000221  0.000221
0.000222  0.998004  0.000222  0.000222  0.000222  0.000222  0.000222  0.000222  0.000222  0.000222
