0.000889  0.954375  0.044736
0.000900  0.966575  0.032525
0.000748  0.998360  0.000893
0.000843  0.998201  0.000955
0.019011  0.980071  0.000918
0.000914  0.998153  0.000934
0.000883  0.998134  0.000982
0.000916  0.998157  0.000928
0.000866  0.998215  0.000919
0.000849  0.998245  0.000906
0.946810  0.001464  0.051726
0.997394  0.001286  0.001320
0.770136  0.001153  0.228711
0.997493  0.001276  0.001230
0.997765  0.001145  0.001090
0.996996  0.001557  0.001447
0.764843  0.234062  0.001095
0.029640  0.241027  0.729332
0.997548  0.001226  0.001226
0.746240  0.252710  0.001050
0.901284  0.097597  0.001120
0.997708  0.001132  0.001160
0.390644  0.167167  0.442188
0.766898  0.231901  0.001201
0.672030  0.001100  0.326870
0.290144  0.001054  0.708802
0.161772  0.001013  0.837215
0.195238  0.000983  0.803779
0.000862  0.998240  0.000898
0.000863  0.998227  0.000910
0.997640  0.001178  0.001182
0.997653  0.001169  0.001178
0.997753  0.001107  0.001140
0.997562  0.001211  0.001227
0.315621  0.115789  0.568590
0.197261  0.001003  0.801737
0.670182  0.001054  0.328764
0.462589  0.001003  0.536409
0.615751  0.001076  0.383172
0.997917  0.000980  0.001103
0.621108  0.001088  0.377804
0.620301  0.001028  0.378672
0.012157  0.851632  0.136212
0.000927  0.898715  0.100358
0.000972  0.998112  0.000916
0.000874  0.998170  0.000957
0.051374  0.947649  0.000977
0.000851  0.998234  0.000915
0.000861  0.998210  0.000929
0.030341  0.968675  0.000984
0.000863  0.998215  0.000922
0.000896  0.998116  0.000988
0.001088  0.997981  0.000931
0.000889  0.998164  0.000947
0.000864  0.998205  0.000931
0.000867  0.998203  0.000930
0.000862  0.906531  0.092606
0.000884  0.998198  0.000918
0.000848  0.998229  0.000923
0.000859  0.998223  0.000918
0.000856  0.998210  0.000933
0.000864  0.998213  0.000923
0.000861  0.998222  0.000917
0.000864  0.998200  0.000936
0.000855  0.998224  0.000920
0.000942  0.998120  0.000938
0.000883  0.998178  0.000940
0.000899  0.998137  0.000964
0.058514  0.940533  0.000953
0.000860  0.998227  0.000913
0.000849  0.998220  0.000930
0.000852  0.998222  0.000926
0.000950  0.998121  0.000929
0.000855  0.998222  0.000923
0.000892  0.998143  0.000965
0.000856  0.998210  0.000934
0.000850  0.998229  0.000921
0.000854  0.998225  0.000921
0.000878  0.951995  0.047127
0.000865  0.998196  0.000939
0.000869  0.998197  0.000934
0.000877  0.998176  0.000947
0.000850  0.998234  0.000917
0.000856  0.998241  0.000903
0.000867  0.998225  0.000908
0.000865  0.998226  0.000909
0.001025  0.998062  0.000913
0.094448  0.904584  0.000968
0.000848  0.998259  0.000893
0.000864  0.998224  0.000912
0.000856  0.998231  0.000913
0.000855  0.998242  0.000904
0.000867  0.998218  0.000915
0.036529  0.962562  0.000909
0.000882  0.998186  0.000933
0.000850  0.998254  0.000896
0.000878  0.998221  0.000902
0.000852  0.998245  0.000903
0.000853  0.998238  0.000909
0.000843  0.998282  0.000876
0.000889  0.998175  0.000936
0.000859  0.998228  0.000913
0.026524  0.972585  0.000891
0.027128  0.971902  0.000970
0.000859  0.998216  0.000925
0.000920  0.998151  0.000929
0.000932  0.998103  0.000965
0.000896  0.998156  0.000948
0.000880  0.998180  0.000940
0.001042  0.997997  0.000960
0.000876  0.998163  0.000961
0.000868  0.998205  0.000928
0.000902  0.917227  0.081871
0.000901  0.998139  0.000960
0.000892  0.998180  0.000928
0.000839  0.998261  0.000900
0.000986  0.998060  0.000954
0.000849  0.998245  0.000905
0.000845  0.998255  0.000900
0.000882  0.998158  0.000959
0.024608  0.974461  0.000931
0.000948  0.931464  0.067588
0.000887  0.998181  0.000932
0.000830  0.000926  0.998243
0.000842  0.000921  0.998237
0.000857  0.000949  0.998194
0.000862  0.000919  0.998219
0.000826  0.000910  0.998264
0.000837  0.000925  0.998239
0.000889  0.000907  0.998204
0.000853  0.000923  0.998224
0.000838  0.000918  0.998245
0.000843  0.000938  0.998219
0.000863  0.000943  0.998194
0.000828  0.000907  0.998265
0.000958  0.000936  0.998106
0.000857  0.000943  0.998201
0.000878  0.000957  0.998165
0.000886  0.558851  0.440263
0.000894  0.641635  0.357471
0.092137  0.523215  0.384648
0.000901  0.641087  0.358013
0.000934  0.630710  0.368356
0.158968  0.424232  0.416800
0.000879  0.640248  0.358873
0.000944  0.672214  0.326842
0.000901  0.721433  0.277667
0.000887  0.663905  0.335209
0.408924  0.355671  0.235405
0.042381  0.635351  0.322267
0.000964  0.719874  0.279163
0.000875  0.723364  0.275762
0.000920  0.601017  0.398063
0.000902  0.681293  0.317805
0.001022  0.644257  0.354721
0.000926  0.588125  0.410949
0.000868  0.576034  0.423099
0.000877  0.814878  0.184245
0.000964  0.680125  0.318911
0.123310  0.000910  0.875780
0.106599  0.000965  0.892435
0.103248  0.000948  0.895804
0.000872  0.000993  0.998135
0.161588  0.000911  0.837501
0.113566  0.000938  0.885496
0.997129  0.001449  0.001422
0.997580  0.001212  0.001208
0.997634  0.001179  0.001187
0.997699  0.001156  0.001145
0.997800  0.001095  0.001105
0.428178  0.082649  0.489173
0.997792  0.001081  0.001127
0.997380  0.001284  0.001336
0.858566  0.001207  0.140227
0.513052  0.001033  0.485915
0.333735  0.108748  0.557517
0.592529  0.001054  0.406416
0.000865  0.998200  0.000935
0.000882  0.978469  0.020648
0.001039  0.997989  0.000972
0.000909  0.998140  0.000951
0.000900  0.998160  0.000940
0.000868  0.998209  0.000923
0.000845  0.998256  0.000899
0.000866  0.998214  0.000920
0.000871  0.998202  0.000927
0.000900  0.998163  0.000937
0.000861  0.998240  0.000899
0.001007  0.998084  0.000910
0.000909  0.998147  0.000944
0.000896  0.998149  0.000955
0.000849  0.998248  0.000903
0.000854  0.998243  0.000902
0.001046  0.997675  0.001279
0.000848  0.998246  0.000906
0.000774  0.998342  0.000884
0.000875  0.998215  0.000910
0.000989  0.998095  0.000916
0.000875  0.998234  0.000891
0.000865  0.998238  0.000897
0.000874  0.998223  0.000903
0.000828  0.998277  0.000895
0.000827  0.998297  0.000876
0.000859  0.998247  0.000895
0.000914  0.964665  0.034421
0.000869  0.998218  0.000912
0.000856  0.998251  0.000893
0.000770  0.998355  0.000876
0.000843  0.998266  0.000891
0.000837  0.998278  0.000885
0.000860  0.998229  0.000911
0.000935  0.998104  0.000961
0.997672  0.001169  0.001160
0.544730  0.001089  0.454181
0.997520  0.001275  0.001205
0.129795  0.219101  0.651104
0.997591  0.001206  0.001203
0.997399  0.001299  0.001303
0.870768  0.128059  0.001173
0.997262  0.001372  0.001366
0.997749  0.001122  0.001129
0.997080  0.001400  0.001521
0.997310  0.001324  0.001367
0.997689  0.001064  0.001247
0.997610  0.001203  0.001187
0.000925  0.983788  0.015286
0.000882  0.986474  0.012644
0.000898  0.998186  0.000917
0.000879  0.984799  0.014322
0.000863  0.998227  0.000910
0.000863  0.998237  0.000900
0.000903  0.962566  0.036532
0.000906  0.998169  0.000924
0.000914  0.998154  0.000932
0.000858  0.998239  0.000903
0.000860  0.998222  0.000918
0.000841  0.998266  0.000893
0.000907  0.957659  0.041434
0.000883  0.998175  0.000942
0.000884  0.983566  0.015549
0.000909  0.983497  0.015594
0.029363  0.969672  0.000966
0.000871  0.998211  0.000918
0.000862  0.998223  0.000915
0.000865  0.998220  0.000915
0.000890  0.998173  0.000937
0.000882  0.998184  0.000934
0.000871  0.998212  0.000917
0.000949  0.998100  0.000952
0.001052  0.997954  0.000995
0.000888  0.998147  0.000965
0.000868  0.998213  0.000919
0.062160  0.928760  0.009080
0.000874  0.998189  0.000937
0.000853  0.998231  0.000916
0.073336  0.925741  0.000923
0.000859  0.998227  0.000914
0.000859  0.998226  0.000915
0.000871  0.998217  0.000912
0.000913  0.998150  0.000937
0.000878  0.998198  0.000924
0.000880  0.998190  0.000930
0.000869  0.998199  0.000933
0.000895  0.998159  0.000946
0.000871  0.998201  0.000927
0.000933  0.977113  0.021954
0.000924  0.998096  0.000980
0.000889  0.998193  0.000918
0.000898  0.998163  0.000939
0.000902  0.998141  0.000956
0.000920  0.998140  0.000941
0.000874  0.998187  0.000939
0.000907  0.998117  0.000976
0.000856  0.998231  0.000914
0.001012  0.997965  0.001023
0.000855  0.998228  0.000917
0.000865  0.998225  0.000910
0.000871  0.971166  0.027963
0.000861  0.998214  0.000925
0.000872  0.998201  0.000927
0.000867  0.998211  0.000922
0.000867  0.998205  0.000928
0.000877  0.998197  0.000926
0.000977  0.998048  0.000974
0.000903  0.935128  0.063970
0.000892  0.998149  0.000959
0.000859  0.981204  0.017937
0.000859  0.998219  0.000922
0.000846  0.998245  0.000909
0.000834  0.998273  0.000893
0.000852  0.998259  0.000889
0.000832  0.998288  0.000881
0.000901  0.998197  0.000902
0.000932  0.998165  0.000904
0.000831  0.998286  0.000883
0.000839  0.998268  0.000894
0.000928  0.967235  0.031837
0.000894  0.998211  0.000895
0.000840  0.998262  0.000898
0.000844  0.998260  0.000896
0.000862  0.998196  0.000942
0.000841  0.998242  0.000917
0.000833  0.998276  0.000891
0.000838  0.998264  0.000898
0.045415  0.953685  0.000899
0.038444  0.960653  0.000902
0.000847  0.998238  0.000916
0.132288  0.000999  0.866713
0.000911  0.000916  0.998173
0.233969  0.000984  0.765047
0.000948  0.000958  0.998094
0.000906  0.000972  0.998123
0.381643  0.106740  0.511617
0.000904  0.000920  0.998175
0.249658  0.000982  0.749360
0.000889  0.000946  0.998165
0.000906  0.000971  0.998123
0.000982  0.000979  0.998039
0.080910  0.000971  0.918119
0.091627  0.000987  0.907386
0.443190  0.001056  0.555754
0.179879  0.000995  0.819126
0.275260  0.001002  0.723738
0.000904  0.000953  0.998144
0.075740  0.000942  0.923318
0.100714  0.000945  0.898340
0.250366  0.000969  0.748665
0.000926  0.000952  0.998122
0.614298  0.001094  0.384608
0.094763  0.904315  0.000922
0.000928  0.971775  0.027297
0.135012  0.864022  0.000966
0.000929  0.962176  0.036895
0.000837  0.998265  0.000898
0.000860  0.998236  0.000904
0.000866  0.998239  0.000895
0.199280  0.799762  0.000958
0.000860  0.998236  0.000904
0.000852  0.998256  0.000892
0.114832  0.884203  0.000965
0.000893  0.998158  0.000949
0.020880  0.978147  0.000973
0.000883  0.998188  0.000929
0.000869  0.998235  0.000896
0.080199  0.918871  0.000930
0.000824  0.998298  0.000878
0.070338  0.928757  0.000905
0.049661  0.949415  0.000924
0.000825  0.998294  0.000881
0.000843  0.780988  0.218168
0.000902  0.592845  0.406253
0.000834  0.735946  0.263219
0.000875  0.679082  0.320043
0.000859  0.819541  0.179600
0.000842  0.751477  0.247681
0.000866  0.774808  0.224326
0.000858  0.673526  0.325616
0.000879  0.718565  0.280556
0.000856  0.817366  0.181778
0.000855  0.732849  0.266295
0.000847  0.863857  0.135296
0.000861  0.822402  0.176737
0.000850  0.766932  0.232217
0.033436  0.781628  0.184936
0.039731  0.488287  0.471982
0.000859  0.755330  0.243811
0.000880  0.873317  0.125803
0.000858  0.734148  0.264994
0.000852  0.715360  0.283788
