0.734617  0.000462  0.000463  0.263994  0.000464
0.551269  0.000464  0.095922  0.351878  0.000467
0.998180  0.000452  0.000457  0.000457  0.000455
0.722122  0.000460  0.000464  0.276489  0.000464
0.658331  0.000467  0.000464  0.340274  0.000464
0.800029  0.000462  0.000465  0.198581  0.000464
0.765054  0.000461  0.106272  0.127749  0.000464
0.625415  0.000461  0.000463  0.373199  0.000462
0.785150  0.000463  0.000467  0.213455  0.000465
0.684109  0.000454  0.000459  0.314522  0.000457
0.062273  0.935968  0.000587  0.000587  0.000585
0.106606  0.891694  0.000567  0.000566  0.000567
0.218855  0.779490  0.000552  0.000551  0.000552
0.000629  0.997483  0.000631  0.000630  0.000628
0.000613  0.997550  0.000612  0.000613  0.000613
0.131986  0.866282  0.000577  0.000577  0.000578
0.294360  0.704094  0.000515  0.000515  0.000516
0.285085  0.000490  0.000489  0.000489  0.713448
0.000634  0.997464  0.000634  0.000634  0.000634
0.295337  0.703132  0.000510  0.000510  0.000510
0.110094  0.888286  0.000540  0.000540  0.000541
0.000581  0.997675  0.000581  0.000581  0.000582
0.191775  0.365153  0.000501  0.000501  0.442071
0.271871  0.726428  0.000566  0.000566  0.000568
0.090721  0.634497  0.000529  0.000528  0.273725
0.000511  0.241310  0.000510  0.000511  0.757159
0.000496  0.113834  0.000496  0.000495  0.884679
0.000484  0.138494  0.000484  0.000484  0.860055
0.619258  0.000455  0.000458  0.379372  0.000457
0.562366  0.000457  0.000461  0.436257  0.000459
0.000571  0.997716  0.000571  0.000571  0.000571
0.000584  0.997667  0.000583  0.000583  0.000584
0.000574  0.997703  0.000574  0.000574  0.000575
0.000581  0.997677  0.000580  0.000581  0.000581
0.170218  0.281983  0.000475  0.000475  0.546848
0.000489  0.144142  0.000488  0.000488  0.854392
0.000513  0.629047  0.000512  0.000513  0.369415
0.000489  0.409345  0.000489  0.000489  0.589189
0.000531  0.588551  0.000531  0.000531  0.409856
0.000584  0.997663  0.000584  0.000584  0.000586
0.000542  0.594307  0.000542  0.000542  0.404067
0.000517  0.589281  0.000517  0.000517  0.409167
0.322720  0.000466  0.000465  0.573841  0.102508
0.567548  0.000465  0.000467  0.347001  0.084519
0.527805  0.000456  0.000456  0.470828  0.000456
0.439886  0.000465  0.164921  0.394261  0.000468
0.418467  0.042968  0.000467  0.537631  0.000467
0.672694  0.000454  0.000458  0.325937  0.000457
0.458470  0.000458  0.000463  0.540147  0.000461
0.177849  0.000481  0.000478  0.820713  0.000480
0.562300  0.000462  0.000466  0.436306  0.000465
0.350936  0.000468  0.000471  0.647655  0.000471
0.499723  0.000464  0.000464  0.498885  0.000464
0.557050  0.000468  0.000471  0.441540  0.000470
0.385336  0.000462  0.000466  0.613270  0.000465
0.499948  0.000461  0.000465  0.498663  0.000464
0.482868  0.000451  0.329004  0.187222  0.000455
0.425930  0.000461  0.000464  0.572682  0.000463
0.419495  0.000454  0.000458  0.579136  0.000457
0.465572  0.000458  0.000462  0.533046  0.000461
0.456068  0.000456  0.000460  0.542555  0.000460
0.563184  0.000462  0.000467  0.435422  0.000465
0.428204  0.000460  0.000464  0.570408  0.000463
0.000456  0.000452  0.000455  0.998182  0.000455
0.000458  0.000454  0.000458  0.998174  0.000457
0.000460  0.000457  0.000460  0.998165  0.000459
0.000464  0.000460  0.000464  0.998149  0.000463
0.000466  0.000462  0.000466  0.998141  0.000465
0.000463  0.000466  0.000464  0.998144  0.000463
0.000454  0.000450  0.000454  0.998189  0.000453
0.000452  0.000448  0.000451  0.998198  0.000451
0.000454  0.000450  0.000453  0.998189  0.000453
0.000456  0.000453  0.000455  0.998181  0.000455
0.000458  0.000455  0.000457  0.998173  0.000457
0.000475  0.000471  0.000474  0.998107  0.000474
0.000454  0.000450  0.000454  0.998190  0.000453
0.000456  0.000452  0.000456  0.998182  0.000455
0.000458  0.000454  0.000457  0.998175  0.000457
0.000458  0.000457  0.000458  0.998168  0.000459
0.000458  0.000454  0.000457  0.998174  0.000457
0.000463  0.000459  0.037549  0.961068  0.000461
0.000453  0.000450  0.000454  0.998190  0.000453
0.000458  0.000453  0.000457  0.998175  0.000456
0.000568  0.000455  0.337180  0.661341  0.000457
0.513912  0.000459  0.000463  0.484706  0.000461
0.375918  0.000457  0.175879  0.447288  0.000459
0.520226  0.000464  0.000464  0.478383  0.000463
0.712778  0.079326  0.000488  0.206921  0.000488
0.782125  0.000453  0.000456  0.216511  0.000455
0.730240  0.000461  0.000465  0.268372  0.000463
0.623592  0.000458  0.000462  0.375027  0.000461
0.730761  0.000458  0.000462  0.267858  0.000461
0.841246  0.000465  0.000469  0.157353  0.000467
0.659994  0.000459  0.000456  0.338636  0.000456
0.706381  0.000471  0.000475  0.292200  0.000474
0.725852  0.000453  0.000456  0.272784  0.000455
0.998179  0.000453  0.000456  0.000457  0.000455
0.788273  0.000456  0.000460  0.210353  0.000459
0.998168  0.000456  0.000460  0.000456  0.000459
0.765273  0.000449  0.000452  0.233376  0.000450
0.767204  0.000468  0.000471  0.231387  0.000470
0.541340  0.000457  0.000461  0.457284  0.000459
0.808160  0.000457  0.000456  0.190472  0.000455
0.774156  0.000469  0.000466  0.224442  0.000468
0.595783  0.000458  0.000462  0.402836  0.000461
0.604868  0.000464  0.000466  0.393736  0.000465
0.429525  0.000460  0.000460  0.569094  0.000461
0.656666  0.000462  0.000464  0.341944  0.000464
0.615674  0.000459  0.000462  0.382943  0.000462
0.507110  0.000462  0.000462  0.491503  0.000462
0.648365  0.000455  0.000458  0.350274  0.000447
0.569897  0.000457  0.000460  0.428727  0.000460
0.763359  0.000458  0.000458  0.235265  0.000460
0.212972  0.000466  0.089374  0.696719  0.000468
0.581161  0.000460  0.000462  0.417455  0.000461
0.824925  0.000448  0.000452  0.173724  0.000451
0.543974  0.000460  0.000460  0.454646  0.000460
0.704033  0.000454  0.000458  0.294598  0.000457
0.998195  0.000449  0.000452  0.000453  0.000451
0.548252  0.000460  0.000463  0.450364  0.000462
0.702497  0.000462  0.000460  0.296120  0.000460
0.349367  0.000457  0.000457  0.596934  0.052784
0.623387  0.000460  0.000462  0.375229  0.000462
0.000445  0.000441  0.000445  0.000445  0.998225
0.000454  0.000450  0.000454  0.000454  0.998188
0.000462  0.000458  0.000462  0.000463  0.998155
0.000454  0.000451  0.000454  0.000454  0.998187
0.000444  0.000440  0.000444  0.000445  0.998227
0.000452  0.000448  0.000452  0.000452  0.998195
0.000451  0.000451  0.000453  0.000452  0.998193
0.000450  0.000446  0.000450  0.000451  0.998203
0.000452  0.000448  0.000452  0.000452  0.998196
0.000454  0.000450  0.000454  0.000455  0.998186
0.000458  0.000455  0.000458  0.000459  0.998170
0.000446  0.000442  0.000446  0.000446  0.998219
0.000466  0.000466  0.000466  0.000466  0.998136
0.000458  0.000455  0.000458  0.000459  0.998170
0.000467  0.000462  0.000466  0.000467  0.998139
0.000468  0.000465  0.904117  0.000469  0.094481
0.000468  0.000466  0.998128  0.000469  0.000469
0.000486  0.000488  0.774102  0.000486  0.224438
0.000460  0.000459  0.917654  0.000461  0.080966
0.000480  0.000477  0.998083  0.000480  0.000480
0.000521  0.154393  0.688355  0.000521  0.156211
0.000464  0.000461  0.893464  0.000465  0.105146
0.000491  0.000489  0.665298  0.164588  0.169134
0.000475  0.000472  0.998101  0.000476  0.000475
0.000462  0.000460  0.903955  0.000463  0.094660
0.000501  0.409644  0.588854  0.000501  0.000501
0.101421  0.000474  0.606071  0.114692  0.177342
0.000478  0.000475  0.883385  0.115184  0.000478
0.000467  0.000463  0.998136  0.000467  0.000467
0.000480  0.000477  0.776746  0.000480  0.221817
0.142153  0.000468  0.728674  0.000472  0.128232
0.120000  0.000486  0.715300  0.000487  0.163727
0.000469  0.000467  0.815672  0.000469  0.182923
0.023898  0.000453  0.376832  0.273535  0.325282
0.000465  0.000461  0.789029  0.209581  0.000464
0.117844  0.000478  0.757218  0.000480  0.123981
0.000459  0.087473  0.000459  0.000459  0.911149
0.000467  0.075363  0.000467  0.000468  0.923236
0.000470  0.062338  0.000471  0.000471  0.936250
0.000437  0.000435  0.000437  0.117070  0.881621
0.000453  0.130614  0.000454  0.000454  0.868024
0.000462  0.078688  0.000462  0.000463  0.919925
0.000648  0.997408  0.000648  0.000648  0.000648
0.000612  0.997550  0.000613  0.000612  0.000612
0.000631  0.997475  0.000630  0.000632  0.000632
0.000613  0.997547  0.000613  0.000613  0.000613
0.000582  0.997673  0.000582  0.000581  0.000582
0.130191  0.371853  0.000536  0.000536  0.496884
0.000553  0.997787  0.000553  0.000552  0.000554
0.000599  0.997623  0.000598  0.000599  0.000582
0.000600  0.835435  0.000599  0.000599  0.162767
0.000512  0.496288  0.000513  0.000513  0.502174
0.133977  0.300684  0.000498  0.000498  0.564343
0.000510  0.544841  0.000510  0.000510  0.453628
0.342790  0.000462  0.000467  0.655815  0.000466
0.000455  0.000451  0.218317  0.780323  0.000454
0.000469  0.000470  0.000469  0.998124  0.000469
0.198370  0.000470  0.000473  0.800214  0.000472
0.295791  0.000474  0.000477  0.702782  0.000476
0.000457  0.000464  0.000469  0.998143  0.000467
0.000451  0.000447  0.000446  0.998208  0.000449
0.000467  0.000462  0.000467  0.998139  0.000465
0.000471  0.000466  0.000471  0.998123  0.000469
0.000470  0.000466  0.040944  0.957652  0.000468
0.000452  0.000448  0.206049  0.792599  0.000451
0.000461  0.000459  0.000460  0.998162  0.000458
0.000478  0.000473  0.184003  0.814571  0.000476
0.000478  0.000474  0.257045  0.741527  0.000476
0.998167  0.000455  0.000460  0.000460  0.000458
0.998160  0.000458  0.000462  0.000461  0.000460
0.998178  0.000454  0.000455  0.000455  0.000457
0.998173  0.000454  0.000458  0.000458  0.000457
0.998175  0.000453  0.000458  0.000458  0.000456
0.998141  0.000463  0.000466  0.000466  0.000465
0.998172  0.000456  0.000458  0.000458  0.000456
0.998175  0.000455  0.000457  0.000457  0.000456
0.998160  0.000458  0.000461  0.000461  0.000460
0.998151  0.000462  0.000463  0.000463  0.000461
0.998159  0.000457  0.000462  0.000462  0.000460
0.998200  0.000447  0.000451  0.000451  0.000450
0.998174  0.000454  0.000458  0.000458  0.000456
0.998153  0.000461  0.000462  0.000462  0.000463
0.998180  0.000453  0.000455  0.000456  0.000456
0.998168  0.000455  0.000460  0.000460  0.000458
0.998200  0.000447  0.000452  0.000452  0.000450
0.998203  0.000448  0.000450  0.000450  0.000450
0.998184  0.000451  0.000456  0.000456  0.000454
0.922266  0.000451  0.076374  0.000455  0.000454
0.998181  0.000453  0.000456  0.000456  0.000455
0.000591  0.997634  0.000591  0.000592  0.000591
0.190936  0.536517  0.000514  0.000513  0.271520
0.052876  0.945336  0.000596  0.000597  0.000595
0.206410  0.104645  0.000496  0.052270  0.636179
0.000609  0.997565  0.000608  0.000609  0.000609
0.000627  0.997496  0.000625  0.000625  0.000626
0.167357  0.830988  0.000551  0.000551  0.000552
0.158333  0.839963  0.000568  0.000567  0.000569
0.000599  0.997605  0.000599  0.000598  0.000599
0.109041  0.889156  0.000601  0.000600  0.000602
0.000678  0.997290  0.000677  0.000676  0.000679
0.000646  0.997412  0.000647  0.000646  0.000649
0.000600  0.997603  0.000599  0.000599  0.000599
0.502393  0.000468  0.178751  0.317918  0.000470
0.810001  0.000454  0.188632  0.000457  0.000457
0.366003  0.000459  0.281752  0.351324  0.000461
0.814899  0.000456  0.000458  0.183728  0.000459
0.866004  0.000461  0.000465  0.132607  0.000463
0.845793  0.000451  0.152848  0.000455  0.000453
0.699487  0.000469  0.000471  0.299100  0.000473
0.698175  0.000459  0.000461  0.300445  0.000460
0.353876  0.000456  0.308267  0.336944  0.000457
0.777174  0.000458  0.221444  0.000463  0.000461
0.873332  0.000459  0.000463  0.125286  0.000461
0.790265  0.000449  0.208383  0.000453  0.000451
0.845038  0.000464  0.061537  0.092495  0.000466
0.856294  0.000467  0.142298  0.000471  0.000470
0.457295  0.000459  0.238963  0.302823  0.000461
0.567140  0.000469  0.000471  0.431449  0.000471
0.610495  0.000468  0.388100  0.000469  0.000468
0.519570  0.000461  0.000465  0.479041  0.000463
0.617253  0.000457  0.034845  0.346985  0.000459
0.796625  0.000462  0.000466  0.201981  0.000465
0.654794  0.000467  0.184762  0.159507  0.000469
0.229243  0.000466  0.000469  0.769355  0.000467
0.311765  0.000459  0.000462  0.686853  0.000461
0.000484  0.000480  0.331183  0.667370  0.000482
0.000471  0.000469  0.194297  0.804292  0.000470
0.000461  0.000457  0.000461  0.998160  0.000460
0.333116  0.000459  0.000463  0.665502  0.000461
0.126942  0.000463  0.244656  0.627476  0.000463
0.000467  0.000463  0.116756  0.881848  0.000466
0.000454  0.000450  0.133312  0.865330  0.000453
0.117810  0.043670  0.265822  0.572241  0.000457
0.000461  0.000456  0.151023  0.847601  0.000459
0.210077  0.000460  0.000498  0.788503  0.000463
0.362164  0.000457  0.000460  0.636459  0.000459
0.219391  0.000474  0.163463  0.616196  0.000476
0.000469  0.000465  0.311481  0.687118  0.000467
0.240125  0.000463  0.125252  0.633695  0.000465
0.000465  0.000460  0.293336  0.705275  0.000463
0.303308  0.000472  0.000475  0.695271  0.000474
0.000453  0.000461  0.259911  0.738712  0.000463
0.000467  0.000465  0.000467  0.998133  0.000468
0.224543  0.000478  0.000482  0.774015  0.000481
0.880848  0.000463  0.000466  0.117757  0.000465
0.998113  0.000470  0.000472  0.000473  0.000472
0.844323  0.000480  0.000484  0.154230  0.000483
0.748398  0.000461  0.000462  0.250217  0.000462
0.998128  0.000466  0.000469  0.000469  0.000468
0.998121  0.000467  0.000471  0.000471  0.000470
0.936210  0.000457  0.000460  0.062414  0.000460
0.998119  0.000469  0.000471  0.000471  0.000471
0.715792  0.000458  0.000462  0.282827  0.000461
0.998181  0.000453  0.000456  0.000454  0.000456
0.781423  0.000461  0.000464  0.196879  0.020772
0.837890  0.000460  0.000464  0.160722  0.000464
0.998114  0.000468  0.000473  0.000474  0.000472
0.786449  0.000464  0.000469  0.212151  0.000467
0.998129  0.000465  0.000469  0.000469  0.000468
0.738965  0.000464  0.000468  0.259635  0.000467
0.998119  0.000468  0.000471  0.000471  0.000470
0.929278  0.000468  0.000471  0.000471  0.069311
0.998086  0.000476  0.000479  0.000480  0.000479
0.998207  0.000447  0.000448  0.000448  0.000450
0.998154  0.000459  0.000463  0.000462  0.000462
0.998181  0.000452  0.000456  0.000456  0.000455
0.998204  0.000446  0.000451  0.000450  0.000449
0.998214  0.000443  0.000448  0.000448  0.000447
0.998210  0.000445  0.000449  0.000449  0.000448
0.840998  0.000448  0.000451  0.157653  0.000450
0.998171  0.000456  0.000458  0.000458  0.000457
0.998213  0.000444  0.000448  0.000448  0.000447
0.998194  0.000448  0.000453  0.000453  0.000452
0.998191  0.000451  0.000452  0.000452  0.000453
0.998185  0.000452  0.000455  0.000454  0.000454
0.998190  0.000450  0.000454  0.000454  0.000453
0.998197  0.000448  0.000452  0.000452  0.000451
0.848166  0.000457  0.150457  0.000461  0.000460
0.933526  0.000450  0.065115  0.000455  0.000454
0.998206  0.000446  0.000450  0.000450  0.000449
0.998204  0.000446  0.000450  0.000451  0.000449
0.970614  0.028022  0.000454  0.000455  0.000454
0.857987  0.033696  0.107413  0.000453  0.000452
0.998211  0.000444  0.000448  0.000448  0.000447
0.000487  0.084241  0.000487  0.000486  0.914299
0.000461  0.000460  0.000461  0.000461  0.998156
0.000488  0.166505  0.000488  0.000488  0.832032
0.000471  0.000470  0.000470  0.000470  0.998119
0.000469  0.000466  0.000469  0.000469  0.998126
0.162169  0.336177  0.000516  0.000515  0.500624
0.000450  0.000449  0.000450  0.000450  0.998200
0.000492  0.225665  0.000492  0.000492  0.772858
0.000451  0.000449  0.000450  0.000450  0.998200
0.000467  0.000464  0.000467  0.000467  0.998135
0.000476  0.000474  0.000475  0.000475  0.998100
0.000480  0.000480  0.000479  0.000479  0.998082
0.053339  0.045882  0.000473  0.000472  0.899834
0.000521  0.402250  0.000520  0.000520  0.596189
0.000478  0.119643  0.000477  0.000478  0.878923
0.000485  0.223306  0.000483  0.000484  0.775243
0.000469  0.000466  0.000469  0.000468  0.998128
0.000483  0.049808  0.000483  0.000482  0.948744
0.000469  0.045317  0.000467  0.000468  0.953279
0.000477  0.207978  0.000477  0.000476  0.790591
0.000479  0.000477  0.000479  0.000479  0.998086
0.000534  0.571402  0.000534  0.000534  0.426996
0.000463  0.064052  0.934561  0.000463  0.000461
0.000449  0.000445  0.819241  0.179418  0.000447
0.312981  0.095755  0.590339  0.000462  0.000463
0.000453  0.000449  0.998195  0.000453  0.000451
0.000453  0.000448  0.998196  0.000453  0.000451
0.000457  0.000452  0.998179  0.000457  0.000455
0.000457  0.000452  0.998179  0.000457  0.000455
0.000484  0.132554  0.865995  0.000484  0.000482
0.461210  0.000452  0.537427  0.000456  0.000455
0.000455  0.000450  0.998188  0.000455  0.000453
0.354972  0.073914  0.570192  0.000460  0.000462
0.488534  0.000453  0.510101  0.000456  0.000456
0.433533  0.000465  0.565085  0.000464  0.000453
0.000459  0.000454  0.998171  0.000459  0.000457
0.000449  0.000444  0.998210  0.000449  0.000447
0.000466  0.000466  0.998136  0.000466  0.000465
0.667688  0.000442  0.330979  0.000446  0.000445
0.627647  0.055719  0.315734  0.000451  0.000450
0.390202  0.000446  0.608459  0.000446  0.000446
0.000447  0.000442  0.998219  0.000447  0.000445
0.000452  0.000448  0.998197  0.000452  0.000451
0.000467  0.000465  0.998135  0.000466  0.000467
0.000450  0.000446  0.998205  0.000450  0.000449
0.000460  0.000458  0.998173  0.000460  0.000449
0.000456  0.000452  0.998181  0.000456  0.000455
0.000448  0.000444  0.998212  0.000448  0.000448
0.000458  0.000454  0.998173  0.000458  0.000457
0.000450  0.000447  0.998204  0.000450  0.000450
0.000458  0.000455  0.998173  0.000458  0.000457
0.000458  0.000454  0.998173  0.000458  0.000457
0.000454  0.000450  0.998189  0.000454  0.000454
0.000453  0.000449  0.998195  0.000452  0.000452
0.000458  0.000454  0.998173  0.000458  0.000457
0.000451  0.000448  0.998198  0.000452  0.000451
0.000466  0.000465  0.998138  0.000466  0.000465
0.000454  0.055095  0.828340  0.000453  0.115657
0.000460  0.000456  0.998165  0.000460  0.000459
0.000464  0.000460  0.998149  0.000464  0.000463
0.000454  0.000451  0.998187  0.000454  0.000454
0.000456  0.000452  0.998178  0.000457  0.000457
