0.000204  0.000204  0.000204  0.000204  0.000204  0.000204  0.000204  0.997957  0.000204  0.000204  0.000204
0.000206  0.000206  0.000206  0.000206  0.000206  0.000206  0.000206  0.997938  0.000206  0.000206  0.000206
0.000202  0.000202  0.000202  0.000202  0.000202  0.000202  0.000202  0.997984  0.000202  0.000202  0.000202
0.000205  0.000205  0.000205  0.000205  0.000205  0.000205  0.000205  0.997948  0.000205  0.000205  0.000205
0.000205  0.000205  0.152239  0.000205  0.000205  0.000205  0.000205  0.845914  0.000205  0.000205  0.000205
0.000205  0.000205  0.000205  0.000205  0.000205  0.000205  0.000205  0.997948  0.000205  0.000205  0.000205
0.000205  0.000205  0.000205  0.000205  0.000205  0.000205  0.000205  0.997948  0.000205  0.000205  0.000205
0.000204  0.096815  0.000204  0.000204  0.000204  0.000204  0.000204  0.901346  0.000204  0.000204  0.000204
0.000206  0.000206  0.000206  0.000206  0.000206  0.000206  0.036550  0.961594  0.000206  0.000206  0.000206
0.000202  0.000202  0.000202  0.000202  0.000202  0.000202  0.000202  0.997975  0.000202  0.000202  0.000202
0.000259  0.000259  0.000259  0.000259  0.000259  0.929005  0.000259  0.000259  0.000259  0.000259  0.068664
0.000250  0.000250  0.000250  0.000250  0.000250  0.859984  0.000250  0.000250  0.137761  0.000250  0.000250
0.000244  0.000244  0.000244  0.000244  0.406522  0.591285  0.000244  0.000244  0.000244  0.000244  0.000244
0.000278  0.000278  0.000278  0.000278  0.000278  0.997220  0.000278  0.000278  0.000278  0.000278  0.000278
0.000273  0.000273  0.000273  0.000273  0.000273  0.997270  0.000273  0.000273  0.000273  0.000273  0.000273
0.000255  0.000255  0.000255  0.000255  0.349426  0.648282  0.000255  0.000255  0.000255  0.000255  0.000255
0.000228  0.000228  0.000228  0.000228  0.465206  0.532743  0.000228  0.000228  0.000228  0.000228  0.000228
0.000216  0.000216  0.000216  0.000216  0.735486  0.000216  0.000216  0.262571  0.000216  0.000216  0.000216
0.000281  0.000281  0.000281  0.000281  0.000281  0.997185  0.000281  0.000281  0.000281  0.000281  0.000281
0.000226  0.000226  0.000226  0.000226  0.305803  0.568011  0.000226  0.124381  0.000226  0.000226  0.000226
0.000239  0.000239  0.000239  0.000239  0.172532  0.825320  0.000239  0.000239  0.000239  0.000239  0.000239
0.000258  0.000258  0.000258  0.000258  0.088478  0.909204  0.000258  0.000258  0.000258  0.000258  0.000258
0.000221  0.000221  0.000221  0.000221  0.859641  0.138368  0.000221  0.000221  0.000221  0.000221  0.000221
0.000250  0.000250  0.000250  0.000250  0.528151  0.469594  0.000250  0.000250  0.000250  0.000250  0.000250
0.000234  0.000234  0.000234  0.000234  0.535115  0.462781  0.000234  0.000234  0.000234  0.000234  0.000234
0.000226  0.000226  0.000226  0.000226  0.997744  0.000226  0.000226  0.000226  0.000226  0.000226  0.000226
0.000219  0.000219  0.000219  0.000219  0.997809  0.000219  0.000219  0.000219  0.000219  0.000219  0.000219
0.000214  0.000214  0.000214  0.000214  0.997861  0.000214  0.000214  0.000214  0.000214  0.000214  0.000214
0.000202  0.000202  0.323420  0.000202  0.000202  0.000202  0.000202  0.674757  0.000202  0.000202  0.000202
0.000203  0.000203  0.567395  0.000203  0.000203  0.000203  0.000203  0.430774  0.000203  0.000203  0.000203
0.000252  0.000252  0.000252  0.000252  0.152781  0.844953  0.000252  0.000252  0.000252  0.000252  0.000252
0.000258  0.000258  0.000258  0.000258  0.098393  0.899289  0.000258  0.000258  0.000258  0.000258  0.000258
0.000255  0.000255  0.000255  0.000255  0.000255  0.997453  0.000255  0.000255  0.000255  0.000255  0.000255
0.000256  0.000256  0.000256  0.000256  0.000256  0.997439  0.000256  0.000256  0.000256  0.000256  0.000256
0.000210  0.000210  0.000210  0.000210  0.703242  0.144241  0.000210  0.150837  0.000210  0.000210  0.000210
0.000216  0.000216  0.000216  0.000216  0.997840  0.000216  0.000216  0.000216  0.000216  0.000216  0.000216
0.000227  0.000227  0.000227  0.000227  0.553862  0.444097  0.000227  0.000227  0.000227  0.000227  0.000227
0.000216  0.000216  0.000216  0.000216  0.800019  0.198038  0.000216  0.000216  0.000216  0.000216  0.000216
0.000235  0.000235  0.000235  0.000235  0.569003  0.428882  0.000235  0.000235  0.000235  0.000235  0.000235
0.000261  0.000261  0.000261  0.000261  0.000261  0.997395  0.000261  0.000261  0.000261  0.000261  0.000261
0.000240  0.000240  0.000240  0.000240  0.593415  0.404426  0.000240  0.000240  0.000240  0.000240  0.000240
0.000229  0.000229  0.000229  0.000229  0.603320  0.394619  0.000229  0.000229  0.000229  0.000229  0.000229
0.609370  0.166667  0.000205  0.222322  0.000205  0.000205  0.000205  0.000205  0.000205  0.000205  0.000205
0.730436  0.000206  0.000206  0.000206  0.000206  0.000206  0.000206  0.267708  0.000206  0.000206  0.000206
0.545991  0.000202  0.316215  0.136182  0.000202  0.000202  0.000202  0.000202  0.000202  0.000202  0.000202
0.368285  0.000207  0.000207  0.000207  0.000207  0.000207  0.000207  0.629851  0.000207  0.000207  0.000207
0.716556  0.000206  0.000206  0.000206  0.049443  0.000206  0.000206  0.232352  0.000206  0.000206  0.000206
0.562720  0.000202  0.435458  0.000202  0.000202  0.000202  0.000202  0.000202  0.000202  0.000202  0.000202
0.476334  0.000204  0.000204  0.000204  0.000204  0.000204  0.000204  0.386547  0.000204  0.000204  0.135484
0.661592  0.000212  0.000212  0.000212  0.000212  0.000212  0.000212  0.000212  0.000212  0.000212  0.336501
0.739560  0.000206  0.000206  0.000206  0.000206  0.000206  0.000206  0.258584  0.000206  0.000206  0.000206
0.954397  0.000208  0.000208  0.000208  0.000208  0.000208  0.000208  0.000208  0.000208  0.043730  0.000208
0.706705  0.000205  0.291448  0.000205  0.000205  0.000205  0.000205  0.000205  0.000205  0.000205  0.000205
0.559222  0.000208  0.000208  0.000208  0.000208  0.000208  0.000208  0.438905  0.000208  0.000208  0.000208
0.997938  0.000206  0.000206  0.000206  0.000206  0.000206  0.000206  0.000206  0.000206  0.000206  0.000206
0.826453  0.000205  0.000205  0.000205  0.000205  0.000205  0.000205  0.171700  0.000205  0.000205  0.000205
0.493920  0.000201  0.251594  0.000201  0.000201  0.000201  0.000201  0.000201  0.252880  0.000201  0.000201
0.554378  0.000205  0.000205  0.000205  0.000205  0.000205  0.000205  0.443774  0.000205  0.000205  0.000205
0.766680  0.000202  0.000202  0.000202  0.000202  0.000202  0.000202  0.231497  0.000202  0.000202  0.000202
0.668572  0.000204  0.000204  0.000204  0.000204  0.000204  0.000204  0.329589  0.000204  0.000204  0.000204
0.676921  0.000203  0.000203  0.000203  0.000203  0.000203  0.000203  0.321248  0.000203  0.000203  0.000203
0.702443  0.000206  0.000206  0.000206  0.000206  0.000206  0.000206  0.295701  0.000206  0.000206  0.000206
0.536145  0.000205  0.000205  0.000205  0.000205  0.000205  0.000205  0.462008  0.000205  0.000205  0.000205
0.000202  0.997984  0.000202  0.000202  0.000202  0.000202  0.000202  0.000202  0.000202  0.000202  0.000202
0.000202  0.997975  0.000202  0.000202  0.000202  0.000202  0.000202  0.000202  0.000202  0.000202  0.000202
0.000203  0.997966  0.000203  0.000203  0.000203  0.000203  0.000203  0.000203  0.000203  0.000203  0.000203
0.000205  0.997948  0.000205  0.000205  0.000205  0.000205  0.000205  0.000205  0.000205  0.000205  0.000205
0.000206  0.997938  0.000206  0.000206  0.000206  0.000206  0.000206  0.000206  0.000206  0.000206  0.000206
0.000205  0.997948  0.000205  0.000205  0.000205  0.000205  0.000205  0.000205  0.000205  0.000205  0.000205
0.000201  0.997993  0.000201  0.000201  0.000201  0.000201  0.000201  0.000201  0.000201  0.000201  0.000201
0.000200  0.998002  0.000200  0.000200  0.000200  0.000200  0.000200  0.000200  0.000200  0.000200  0.000200
0.000201  0.997993  0.000201  0.000201  0.000201  0.000201  0.000201  0.000201  0.000201  0.000201  0.000201
0.000202  0.997984  0.000202  0.000202  0.000202  0.000202  0.000202  0.000202  0.000202  0.000202  0.000202
0.000202  0.997975  0.000202  0.000202  0.000202  0.000202  0.000202  0.000202  0.000202  0.000202  0.000202
0.000210  0.997900  0.000210  0.000210  0.000210  0.000210  0.000210  0.000210  0.000210  0.000210  0.000210
0.000201  0.997993  0.000201  0.000201  0.000201  0.000201  0.000201  0.000201  0.000201  0.000201  0.000201
0.000202  0.997984  0.000202  0.000202  0.000202  0.000202  0.000202  0.000202  0.000202  0.000202  0.000202
0.000202  0.997975  0.000202  0.000202  0.000202  0.000202  0.000202  0.000202  0.000202  0.000202  0.000202
0.000202  0.997975  0.000202  0.000202  0.000202  0.000202  0.000202  0.000202  0.000202  0.000202  0.000202
0.000202  0.997975  0.000202  0.000202  0.000202  0.000202  0.000202  0.000202  0.000202  0.000202  0.000202
0.000204  0.997957  0.000204  0.000204  0.000204  0.000204  0.000204  0.000204  0.000204  0.000204  0.000204
0.000201  0.997993  0.000201  0.000201  0.000201  0.000201  0.000201  0.000201  0.000201  0.000201  0.000201
0.000202  0.997975  0.000202  0.000202  0.000202  0.000202  0.000202  0.000202  0.000202  0.000202  0.000202
0.000202  0.000202  0.000202  0.000202  0.000202  0.000202  0.000202  0.680114  0.000202  0.000202  0.318063
0.000204  0.000204  0.000204  0.000204  0.000204  0.000204  0.000204  0.997957  0.000204  0.000204  0.000204
0.000203  0.000203  0.000203  0.000203  0.000203  0.000203  0.000203  0.684703  0.000203  0.000203  0.313467
0.000205  0.000205  0.000205  0.114400  0.000205  0.000205  0.000205  0.883753  0.000205  0.000205  0.000205
0.000216  0.000216  0.000216  0.000216  0.000216  0.047200  0.000216  0.950857  0.000216  0.000216  0.000216
0.000202  0.000202  0.000202  0.000202  0.000202  0.000202  0.000202  0.997984  0.000202  0.000202  0.000202
0.000205  0.000205  0.000205  0.000205  0.000205  0.000205  0.000205  0.997948  0.000205  0.000205  0.000205
0.000204  0.000204  0.000204  0.000204  0.000204  0.000204  0.000204  0.997957  0.000204  0.000204  0.000204
0.000204  0.000204  0.000204  0.000204  0.000204  0.000204  0.000204  0.997957  0.000204  0.000204  0.000204
0.000207  0.000207  0.000207  0.000207  0.000207  0.000207  0.000207  0.997929  0.000207  0.000207  0.000207
0.000202  0.000202  0.000202  0.000202  0.000202  0.000202  0.000202  0.893678  0.000202  0.000202  0.104508
0.000210  0.000210  0.000210  0.000210  0.000210  0.000210  0.000210  0.997900  0.000210  0.000210  0.000210
0.000202  0.000202  0.000202  0.000202  0.000202  0.000202  0.249641  0.748545  0.000202  0.000202  0.000202
0.000202  0.000202  0.000202  0.000202  0.000202  0.000202  0.000202  0.997984  0.000202  0.000202  0.000202
0.000203  0.000203  0.000203  0.000203  0.000203  0.000203  0.000203  0.997966  0.000203  0.000203  0.000203
0.000203  0.000203  0.000203  0.000203  0.000203  0.000203  0.000203  0.997966  0.000203  0.000203  0.000203
0.000200  0.000200  0.000200  0.000200  0.000200  0.000200  0.000200  0.998002  0.000200  0.000200  0.000200
0.000208  0.000208  0.000208  0.000208  0.000208  0.000208  0.000208  0.997919  0.000208  0.000208  0.000208
0.000203  0.000203  0.000203  0.000203  0.000203  0.000203  0.000203  0.837630  0.000203  0.000203  0.160539
0.000202  0.000202  0.000202  0.000202  0.000202  0.000202  0.000202  0.997984  0.000202  0.000202  0.000202
0.997938  0.000206  0.000206  0.000206  0.000206  0.000206  0.000206  0.000206  0.000206  0.000206  0.000206
0.997957  0.000204  0.000204  0.000204  0.000204  0.000204  0.000204  0.000204  0.000204  0.000204  0.000204
0.997938  0.000206  0.000206  0.000206  0.000206  0.000206  0.000206  0.000206  0.000206  0.000206  0.000206
0.788876  0.000203  0.000203  0.000203  0.000203  0.000203  0.000203  0.000203  0.000203  0.000203  0.209293
0.997948  0.000205  0.000205  0.000205  0.000205  0.000205  0.000205  0.000205  0.000205  0.000205  0.000205
0.997957  0.000204  0.000204  0.000204  0.000204  0.000204  0.000204  0.000204  0.000204  0.000204  0.000204
0.997957  0.000204  0.000204  0.000204  0.000204  0.000204  0.000204  0.000204  0.000204  0.000204  0.000204
0.997975  0.000202  0.000202  0.000202  0.000202  0.000202  0.000202  0.000202  0.000202  0.000202  0.000202
0.997966  0.000203  0.000203  0.000203  0.000203  0.000203  0.000203  0.000203  0.000203  0.000203  0.000203
0.997975  0.000202  0.000202  0.000202  0.000202  0.000202  0.000202  0.000202  0.000202  0.000202  0.000202
0.641396  0.000207  0.000207  0.000207  0.000207  0.000207  0.000207  0.000207  0.000207  0.000207  0.356741
0.997957  0.000204  0.000204  0.000204  0.000204  0.000204  0.000204  0.000204  0.000204  0.000204  0.000204
0.998002  0.000200  0.000200  0.000200  0.000200  0.000200  0.000200  0.000200  0.000200  0.000200  0.000200
0.997966  0.000203  0.000203  0.000203  0.000203  0.000203  0.000203  0.000203  0.000203  0.000203  0.000203
0.997975  0.000202  0.000202  0.000202  0.000202  0.000202  0.000202  0.000202  0.000202  0.000202  0.000202
0.893666  0.000200  0.000200  0.000200  0.000200  0.000200  0.104535  0.000200  0.000200  0.000200  0.000200
0.997957  0.000204  0.000204  0.000204  0.000204  0.000204  0.000204  0.000204  0.000204  0.000204  0.000204
0.997966  0.000203  0.000203  0.000203  0.000203  0.000203  0.000203  0.000203  0.000203  0.000203  0.000203
0.701631  0.000202  0.000202  0.000202  0.000202  0.000202  0.000202  0.000202  0.000202  0.000202  0.296554
0.997957  0.000204  0.000204  0.000204  0.000204  0.000204  0.000204  0.000204  0.000204  0.000204  0.000204
0.000196  0.000196  0.000196  0.000196  0.000196  0.000196  0.000196  0.000196  0.000196  0.998036  0.000196
0.000201  0.000201  0.000201  0.000201  0.000201  0.000201  0.000201  0.000201  0.000201  0.997993  0.000201
0.000204  0.000204  0.000204  0.000204  0.000204  0.000204  0.000204  0.000204  0.000204  0.997957  0.000204
0.000201  0.000201  0.000201  0.000201  0.000201  0.000201  0.000201  0.000201  0.000201  0.997993  0.000201
0.000196  0.000196  0.000196  0.000196  0.000196  0.000196  0.000196  0.000196  0.000196  0.998036  0.000196
0.000200  0.000200  0.000200  0.000200  0.000200  0.000200  0.000200  0.000200  0.000200  0.998002  0.000200
0.000200  0.000200  0.000200  0.000200  0.000200  0.000200  0.000200  0.000200  0.000200  0.998002  0.000200
0.000199  0.000199  0.000199  0.000199  0.000199  0.000199  0.000199  0.000199  0.000199  0.998011  0.000199
0.000200  0.000200  0.000200  0.000200  0.000200  0.000200  0.000200  0.000200  0.000200  0.998002  0.000200
0.000201  0.000201  0.000201  0.000201  0.000201  0.000201  0.000201  0.000201  0.000201  0.997993  0.000201
0.000202  0.000202  0.000202  0.000202  0.000202  0.000202  0.000202  0.000202  0.000202  0.997975  0.000202
0.000197  0.000197  0.000197  0.000197  0.000197  0.000197  0.000197  0.000197  0.000197  0.998028  0.000197
0.000206  0.000206  0.000206  0.000206  0.103464  0.000206  0.000206  0.000206  0.000206  0.894681  0.000206
0.000202  0.000202  0.000202  0.000202  0.000202  0.000202  0.000202  0.000202  0.000202  0.997975  0.000202
0.000206  0.000206  0.000206  0.000206  0.000206  0.000206  0.000206  0.000206  0.000206  0.997938  0.000206
0.000207  0.000207  0.000207  0.000207  0.000207  0.000207  0.000207  0.000207  0.997929  0.000207  0.000207
0.000207  0.000207  0.000207  0.000207  0.000207  0.000207  0.000207  0.000207  0.732875  0.000207  0.265261
0.000215  0.000215  0.000215  0.218789  0.091894  0.000215  0.000215  0.000215  0.609663  0.000215  0.078149
0.000203  0.000203  0.000203  0.000203  0.000203  0.000203  0.000203  0.000203  0.876271  0.000203  0.121899
0.000212  0.000212  0.000212  0.000212  0.000212  0.000212  0.000212  0.000212  0.803818  0.000212  0.194274
0.000230  0.000230  0.000230  0.000230  0.297124  0.000230  0.000230  0.000230  0.700805  0.000230  0.000230
0.000205  0.000205  0.000205  0.107028  0.000205  0.000205  0.000205  0.000205  0.823863  0.067467  0.000205
0.000217  0.143271  0.000217  0.000217  0.112223  0.000217  0.000217  0.257664  0.485323  0.000217  0.000217
0.000210  0.000210  0.000210  0.000210  0.000210  0.000210  0.000210  0.117432  0.880678  0.000210  0.000210
0.000204  0.000204  0.000204  0.000204  0.000204  0.000204  0.000204  0.000204  0.997957  0.000204  0.000204
0.000221  0.000221  0.000221  0.000221  0.000221  0.380652  0.000221  0.000221  0.617357  0.000221  0.000221
0.000209  0.000209  0.000209  0.000209  0.102624  0.000209  0.000209  0.107988  0.590867  0.000209  0.197058
0.000211  0.000211  0.000211  0.000211  0.000211  0.000211  0.347641  0.000211  0.650461  0.000211  0.000211
0.000206  0.000206  0.000206  0.000206  0.000206  0.000206  0.139891  0.000206  0.858253  0.000206  0.000206
0.000212  0.000212  0.318982  0.000212  0.167480  0.000212  0.000212  0.000212  0.511843  0.000212  0.000212
0.000208  0.000208  0.000208  0.000208  0.000208  0.000208  0.000208  0.336900  0.661228  0.000208  0.000208
0.000215  0.000215  0.310582  0.000215  0.240225  0.000215  0.000215  0.000215  0.000215  0.000215  0.447474
0.000207  0.000207  0.000207  0.000207  0.056412  0.000207  0.000207  0.000207  0.759879  0.000207  0.182051
0.000202  0.000202  0.000202  0.000202  0.127138  0.000202  0.000202  0.338106  0.000202  0.197184  0.336160
0.000205  0.000205  0.000205  0.000205  0.000205  0.000205  0.000205  0.249334  0.748819  0.000205  0.000205
0.000212  0.000212  0.326808  0.000212  0.000212  0.000212  0.000212  0.000212  0.671285  0.000212  0.000212
0.000203  0.000203  0.000203  0.000203  0.857938  0.000203  0.000203  0.000203  0.140231  0.000203  0.000203
0.000206  0.000206  0.000206  0.000206  0.349283  0.000206  0.000206  0.000206  0.000206  0.648862  0.000206
0.000208  0.000208  0.000208  0.000208  0.431901  0.000208  0.000208  0.000208  0.000208  0.566226  0.000208
0.000193  0.000193  0.000193  0.000193  0.286727  0.000193  0.000193  0.000193  0.000193  0.711536  0.000193
0.000201  0.000201  0.000201  0.000201  0.308685  0.086395  0.000201  0.000201  0.000201  0.603315  0.000201
0.000204  0.000204  0.000204  0.000204  0.385848  0.000204  0.000204  0.000204  0.000204  0.612313  0.000204
0.000285  0.000285  0.000285  0.000285  0.113877  0.883558  0.000285  0.000285  0.000285  0.000285  0.000285
0.000271  0.000271  0.000271  0.000271  0.000271  0.997286  0.000271  0.000271  0.000271  0.000271  0.000271
0.000281  0.000281  0.000281  0.000281  0.000281  0.997185  0.000281  0.000281  0.000281  0.000281  0.000281
0.000273  0.000273  0.000273  0.000273  0.000273  0.997270  0.000273  0.000273  0.000273  0.000273  0.000273
0.000259  0.000259  0.000259  0.000259  0.000259  0.997410  0.000259  0.000259  0.000259  0.000259  0.000259
0.000237  0.000237  0.000237  0.000237  0.830075  0.167788  0.000237  0.000237  0.000237  0.000237  0.000237
0.000245  0.000245  0.000245  0.000245  0.132133  0.865661  0.000245  0.000245  0.000245  0.000245  0.000245
0.000264  0.000264  0.000264  0.000264  0.300431  0.697198  0.000264  0.000264  0.000264  0.000264  0.000264
0.000265  0.000265  0.000265  0.000265  0.202762  0.794853  0.000265  0.000265  0.000265  0.000265  0.000265
0.000227  0.000227  0.000227  0.000227  0.719536  0.278423  0.000227  0.000227  0.000227  0.000227  0.000227
0.000220  0.104880  0.000220  0.000220  0.574168  0.189180  0.000220  0.000220  0.000220  0.130230  0.000220
0.000226  0.000226  0.000226  0.000226  0.595155  0.402815  0.000226  0.000226  0.000226  0.000226  0.000226
0.382602  0.000206  0.000206  0.000206  0.000206  0.000206  0.000206  0.615542  0.000206  0.000206  0.000206
0.000201  0.159181  0.000201  0.000201  0.000201  0.000201  0.140138  0.699075  0.000201  0.000201  0.000201
0.000207  0.224916  0.000207  0.000207  0.000207  0.000207  0.000207  0.773220  0.000207  0.000207  0.000207
0.399088  0.000209  0.000209  0.000209  0.000209  0.000209  0.000209  0.599031  0.000209  0.000209  0.000209
0.349106  0.000211  0.000211  0.000211  0.000211  0.000211  0.000211  0.648995  0.000211  0.000211  0.000211
0.356555  0.000207  0.000207  0.000207  0.000207  0.000207  0.000207  0.641581  0.000207  0.000207  0.000207
0.000199  0.000199  0.000199  0.000199  0.000199  0.000199  0.000199  0.669462  0.000199  0.000199  0.328748
0.000206  0.198333  0.000206  0.000206  0.000206  0.000206  0.000206  0.589089  0.000206  0.000206  0.210929
0.000208  0.216814  0.000208  0.000208  0.000208  0.000208  0.000208  0.483116  0.000208  0.000208  0.298405
0.000207  0.284482  0.000207  0.000207  0.000207  0.000207  0.000207  0.713654  0.000207  0.000207  0.000207
0.000200  0.000200  0.000200  0.000200  0.000200  0.000200  0.000200  0.645471  0.000200  0.000200  0.352731
0.417592  0.000203  0.000203  0.000203  0.000203  0.000203  0.000203  0.000203  0.000203  0.000203  0.580578
0.270810  0.000211  0.000211  0.077757  0.000211  0.000211  0.000211  0.000211  0.000211  0.000211  0.649746
0.254511  0.000211  0.000211  0.110282  0.000211  0.000211  0.000211  0.330118  0.000211  0.000211  0.303613
0.000203  0.000203  0.997966  0.000203  0.000203  0.000203  0.000203  0.000203  0.000203  0.000203  0.000203
0.000204  0.000204  0.997957  0.000204  0.000204  0.000204  0.000204  0.000204  0.000204  0.000204  0.000204
0.000202  0.000202  0.997984  0.000202  0.000202  0.000202  0.000202  0.000202  0.000202  0.000202  0.000202
0.000202  0.000202  0.997975  0.000202  0.000202  0.000202  0.000202  0.000202  0.000202  0.000202  0.000202
0.000202  0.000202  0.997975  0.000202  0.000202  0.000202  0.000202  0.000202  0.000202  0.000202  0.000202
0.000206  0.000206  0.997938  0.000206  0.000206  0.000206  0.000206  0.000206  0.000206  0.000206  0.000206
0.000202  0.000202  0.997975  0.000202  0.000202  0.000202  0.000202  0.000202  0.000202  0.000202  0.000202
0.000202  0.000202  0.997975  0.000202  0.000202  0.000202  0.000202  0.000202  0.000202  0.000202  0.000202
0.000204  0.000204  0.997957  0.000204  0.000204  0.000204  0.000204  0.000204  0.000204  0.000204  0.000204
0.000204  0.000204  0.997957  0.000204  0.000204  0.000204  0.000204  0.000204  0.000204  0.000204  0.000204
0.000204  0.000204  0.997957  0.000204  0.000204  0.000204  0.000204  0.000204  0.000204  0.000204  0.000204
0.000200  0.000200  0.998002  0.000200  0.000200  0.000200  0.000200  0.000200  0.000200  0.000200  0.000200
0.000202  0.000202  0.997975  0.000202  0.000202  0.000202  0.000202  0.000202  0.000202  0.000202  0.000202
0.000204  0.000204  0.997957  0.000204  0.000204  0.000204  0.000204  0.000204  0.000204  0.000204  0.000204
0.000202  0.000202  0.997984  0.000202  0.000202  0.000202  0.000202  0.000202  0.000202  0.000202  0.000202
0.000203  0.000203  0.997966  0.000203  0.000203  0.000203  0.000203  0.000203  0.000203  0.000203  0.000203
0.000200  0.000200  0.998002  0.000200  0.000200  0.000200  0.000200  0.000200  0.000200  0.000200  0.000200
0.000199  0.000199  0.998011  0.000199  0.000199  0.000199  0.000199  0.000199  0.000199  0.000199  0.000199
0.000202  0.000202  0.997984  0.000202  0.000202  0.000202  0.000202  0.000202  0.000202  0.000202  0.000202
0.179277  0.000201  0.818916  0.000201  0.000201  0.000201  0.000201  0.000201  0.000201  0.000201  0.000201
0.000202  0.000202  0.997984  0.000202  0.000202  0.000202  0.000202  0.000202  0.000202  0.000202  0.000202
0.000262  0.000262  0.000262  0.000262  0.000262  0.997380  0.000262  0.000262  0.000262  0.000262  0.000262
0.000227  0.000227  0.000227  0.000227  0.365897  0.368826  0.000227  0.000227  0.263463  0.000227  0.000227
0.000264  0.000264  0.000264  0.000264  0.000264  0.997365  0.000264  0.000264  0.000264  0.000264  0.000264
0.000219  0.000219  0.000219  0.000219  0.718535  0.000219  0.000219  0.279494  0.000219  0.000219  0.000219
0.000270  0.000270  0.000270  0.000270  0.000270  0.997302  0.000270  0.000270  0.000270  0.000270  0.000270
0.000276  0.000276  0.000276  0.000276  0.079694  0.917819  0.000276  0.000276  0.000276  0.000276  0.000276
0.000244  0.000244  0.000244  0.000244  0.385919  0.611888  0.000244  0.000244  0.000244  0.000244  0.000244
0.000250  0.000250  0.000250  0.000250  0.457372  0.540374  0.000250  0.000250  0.000250  0.000250  0.000250
0.000267  0.000267  0.000267  0.000267  0.000267  0.997334  0.000267  0.000267  0.000267  0.000267  0.000267
0.000265  0.000265  0.000265  0.000265  0.234046  0.763569  0.000265  0.000265  0.000265  0.000265  0.000265
0.000300  0.000300  0.000300  0.000300  0.000300  0.996999  0.000300  0.000300  0.000300  0.000300  0.000300
0.000289  0.000289  0.000289  0.000289  0.000289  0.997114  0.000289  0.000289  0.000289  0.000289  0.000289
0.000265  0.000265  0.000265  0.000265  0.000265  0.997349  0.000265  0.000265  0.000265  0.000265  0.000265
0.000208  0.135799  0.399800  0.000208  0.000208  0.000208  0.000208  0.385661  0.000208  0.000208  0.077284
0.000202  0.000202  0.647132  0.000202  0.000202  0.000202  0.000202  0.351053  0.000202  0.000202  0.000202
0.000204  0.000204  0.210418  0.116882  0.000204  0.000204  0.216021  0.000204  0.000204  0.000204  0.455249
0.000202  0.000202  0.606108  0.000202  0.000202  0.000202  0.000202  0.392069  0.000202  0.000202  0.000202
0.000205  0.139841  0.858312  0.000205  0.000205  0.000205  0.000205  0.000205  0.000205  0.000205  0.000205
0.000201  0.000201  0.587520  0.000201  0.000201  0.000201  0.000201  0.410673  0.000201  0.000201  0.000201
0.000208  0.000208  0.516423  0.000208  0.000208  0.000208  0.000208  0.481705  0.000208  0.000208  0.000208
0.000203  0.242957  0.755212  0.000203  0.000203  0.000203  0.000203  0.000203  0.000203  0.000203  0.000203
0.000202  0.000202  0.383691  0.000202  0.000202  0.000202  0.000202  0.315050  0.000202  0.000202  0.299639
0.000204  0.000204  0.558904  0.000204  0.000204  0.000204  0.000204  0.439257  0.000204  0.000204  0.000204
0.000204  0.113150  0.885011  0.000204  0.000204  0.000204  0.000204  0.000204  0.000204  0.000204  0.000204
0.000200  0.000200  0.370451  0.000200  0.000200  0.000200  0.210795  0.171552  0.000200  0.000200  0.245804
0.000205  0.000205  0.957701  0.000205  0.000205  0.000205  0.000205  0.000205  0.000205  0.040452  0.000205
0.000208  0.000208  0.752822  0.000208  0.000208  0.000208  0.000208  0.245305  0.000208  0.000208  0.000208
0.000204  0.214375  0.656624  0.000204  0.000204  0.000204  0.000204  0.000204  0.127367  0.000204  0.000204
0.000208  0.279795  0.718332  0.000208  0.000208  0.000208  0.000208  0.000208  0.000208  0.000208  0.000208
0.000207  0.000207  0.894879  0.000207  0.000207  0.000207  0.000207  0.000207  0.000207  0.000207  0.103257
0.000205  0.242549  0.586024  0.000205  0.000205  0.000205  0.000205  0.000205  0.000205  0.000205  0.169785
0.237986  0.175655  0.584732  0.000203  0.000203  0.000203  0.000203  0.000203  0.000203  0.000203  0.000203
0.000206  0.151325  0.490920  0.000206  0.000206  0.000206  0.192008  0.164304  0.000206  0.000206  0.000206
0.000208  0.000208  0.752274  0.000208  0.000208  0.000208  0.000208  0.245854  0.000208  0.000208  0.000208
0.000207  0.000207  0.000207  0.000207  0.000207  0.000207  0.000207  0.000207  0.000207  0.000207  0.997929
0.000204  0.000204  0.000204  0.000204  0.000204  0.000204  0.000204  0.000204  0.000204  0.000204  0.997957
0.000214  0.000214  0.000214  0.000214  0.000214  0.000214  0.000214  0.000214  0.000214  0.000214  0.997861
0.000208  0.000208  0.000208  0.000208  0.000208  0.000208  0.000208  0.000208  0.000208  0.000208  0.997919
0.000203  0.000203  0.000203  0.000203  0.000203  0.000203  0.000203  0.000203  0.000203  0.000203  0.997966
0.000204  0.000204  0.000204  0.000204  0.000204  0.000204  0.000204  0.000204  0.000204  0.000204  0.997957
0.000204  0.000204  0.000204  0.116019  0.000204  0.000204  0.000204  0.000204  0.000204  0.000204  0.882142
0.000206  0.000206  0.000206  0.000206  0.000206  0.000206  0.000206  0.000206  0.000206  0.000206  0.997938
0.000201  0.000201  0.000201  0.000201  0.000201  0.000201  0.000201  0.000201  0.000201  0.000201  0.997993
0.000202  0.000202  0.000202  0.000202  0.000202  0.000202  0.111658  0.000202  0.000202  0.000202  0.886519
0.000203  0.000203  0.000203  0.000203  0.000203  0.000203  0.000203  0.000203  0.000203  0.000203  0.997966
0.000205  0.000205  0.000205  0.000205  0.000205  0.000205  0.000205  0.000205  0.000205  0.000205  0.997948
0.000203  0.000203  0.072419  0.000203  0.000203  0.000203  0.000203  0.000203  0.000203  0.000203  0.925750
0.000211  0.000211  0.000211  0.000211  0.000211  0.000211  0.000211  0.000211  0.000211  0.000211  0.997891
0.000207  0.000207  0.000207  0.000207  0.000207  0.000207  0.000207  0.000207  0.000207  0.000207  0.997929
0.000206  0.000206  0.000206  0.000206  0.000206  0.000206  0.000206  0.000206  0.000206  0.000206  0.997938
0.000205  0.000205  0.000205  0.000205  0.000205  0.000205  0.000205  0.000205  0.000205  0.000205  0.997948
0.000210  0.000210  0.000210  0.000210  0.000210  0.000210  0.000210  0.000210  0.000210  0.000210  0.997900
0.000205  0.000205  0.000205  0.000205  0.000205  0.000205  0.000205  0.000205  0.000205  0.000205  0.997948
0.000206  0.000206  0.000206  0.000206  0.000206  0.000206  0.000206  0.000206  0.000206  0.000206  0.997938
0.000213  0.000213  0.000213  0.000213  0.000213  0.000213  0.000213  0.000213  0.000213  0.000213  0.997871
0.000206  0.000206  0.997938  0.000206  0.000206  0.000206  0.000206  0.000206  0.000206  0.000206  0.000206
0.000209  0.000209  0.997910  0.000209  0.000209  0.000209  0.000209  0.000209  0.000209  0.000209  0.000209
0.060316  0.000214  0.937758  0.000214  0.000214  0.000214  0.000214  0.000214  0.000214  0.000214  0.000214
0.000204  0.129540  0.868621  0.000204  0.000204  0.000204  0.000204  0.000204  0.000204  0.000204  0.000204
0.000207  0.000207  0.997929  0.000207  0.000207  0.000207  0.000207  0.000207  0.000207  0.000207  0.000207
0.000208  0.000208  0.997919  0.000208  0.000208  0.000208  0.000208  0.000208  0.000208  0.000208  0.000208
0.000203  0.000203  0.997966  0.000203  0.000203  0.000203  0.000203  0.000203  0.000203  0.000203  0.000203
0.000208  0.000208  0.997919  0.000208  0.000208  0.000208  0.000208  0.000208  0.000208  0.000208  0.000208
0.190001  0.000204  0.808160  0.000204  0.000204  0.000204  0.000204  0.000204  0.000204  0.000204  0.000204
0.000202  0.000202  0.997984  0.000202  0.000202  0.000202  0.000202  0.000202  0.000202  0.000202  0.000202
0.066093  0.000205  0.932060  0.000205  0.000205  0.000205  0.000205  0.000205  0.000205  0.000205  0.000205
0.000205  0.000205  0.997948  0.000205  0.000205  0.000205  0.000205  0.000205  0.000205  0.000205  0.000205
0.000209  0.000209  0.846939  0.000209  0.000209  0.000209  0.151180  0.000209  0.000209  0.000209  0.000209
0.000207  0.000207  0.997929  0.000207  0.000207  0.000207  0.000207  0.000207  0.000207  0.000207  0.000207
0.090244  0.000207  0.907892  0.000207  0.000207  0.000207  0.000207  0.000207  0.000207  0.000207  0.000207
0.197559  0.000207  0.800577  0.000207  0.000207  0.000207  0.000207  0.000207  0.000207  0.000207  0.000207
0.000208  0.000208  0.997919  0.000208  0.000208  0.000208  0.000208  0.000208  0.000208  0.000208  0.000208
0.000208  0.000208  0.997919  0.000208  0.000208  0.000208  0.000208  0.000208  0.000208  0.000208  0.000208
0.000212  0.000212  0.723514  0.000212  0.000212  0.000212  0.274578  0.000212  0.000212  0.000212  0.000212
0.000198  0.000198  0.000198  0.000198  0.000198  0.000198  0.998019  0.000198  0.000198  0.000198  0.000198
0.000204  0.000204  0.000204  0.000204  0.000204  0.000204  0.997957  0.000204  0.000204  0.000204  0.000204
0.000202  0.000202  0.000202  0.000202  0.000202  0.000202  0.997984  0.000202  0.000202  0.000202  0.000202
0.000199  0.000199  0.000199  0.000199  0.000199  0.000199  0.998011  0.000199  0.000199  0.000199  0.000199
0.000198  0.000198  0.000198  0.000198  0.000198  0.000198  0.998019  0.000198  0.000198  0.000198  0.000198
0.000198  0.000198  0.000198  0.000198  0.000198  0.000198  0.998019  0.000198  0.000198  0.000198  0.000198
0.000199  0.000199  0.000199  0.000199  0.000199  0.000199  0.998011  0.000199  0.000199  0.000199  0.000199
0.000202  0.000202  0.000202  0.000202  0.000202  0.000202  0.997975  0.000202  0.000202  0.000202  0.000202
0.000198  0.000198  0.000198  0.000198  0.000198  0.000198  0.998019  0.000198  0.000198  0.000198  0.000198
0.000200  0.000200  0.228374  0.000200  0.000200  0.000200  0.769828  0.000200  0.000200  0.000200  0.000200
0.000200  0.000200  0.000200  0.000200  0.000200  0.000200  0.998002  0.000200  0.000200  0.000200  0.000200
0.000201  0.000201  0.000201  0.000201  0.000201  0.000201  0.997993  0.000201  0.000201  0.000201  0.000201
0.000201  0.000201  0.000201  0.000201  0.000201  0.000201  0.997993  0.000201  0.000201  0.000201  0.000201
0.000200  0.000200  0.000200  0.000200  0.000200  0.000200  0.998002  0.000200  0.000200  0.000200  0.000200
0.000203  0.000203  0.000203  0.000203  0.000203  0.000203  0.997966  0.000203  0.000203  0.000203  0.000203
0.000201  0.000201  0.000201  0.000201  0.000201  0.000201  0.997993  0.000201  0.000201  0.000201  0.000201
0.000199  0.000199  0.000199  0.000199  0.000199  0.000199  0.998011  0.000199  0.000199  0.000199  0.000199
0.000199  0.000199  0.000199  0.000199  0.000199  0.000199  0.998011  0.000199  0.000199  0.000199  0.000199
0.000201  0.000201  0.000201  0.000201  0.000201  0.000201  0.997993  0.000201  0.000201  0.000201  0.000201
0.000200  0.000200  0.000200  0.000200  0.000200  0.000200  0.868295  0.000200  0.000200  0.000200  0.129906
0.000198  0.000198  0.000198  0.000198  0.000198  0.000198  0.998019  0.000198  0.000198  0.000198  0.000198
0.000215  0.000215  0.000215  0.000215  0.997851  0.000215  0.000215  0.000215  0.000215  0.000215  0.000215
0.000204  0.000204  0.000204  0.000204  0.997957  0.000204  0.000204  0.000204  0.000204  0.000204  0.000204
0.000216  0.000216  0.000216  0.000216  0.997840  0.000216  0.000216  0.000216  0.000216  0.000216  0.000216
0.000208  0.000208  0.000208  0.000208  0.997919  0.000208  0.000208  0.000208  0.000208  0.000208  0.000208
0.000207  0.000207  0.000207  0.000207  0.892992  0.000207  0.000207  0.000207  0.000207  0.105144  0.000207
0.000228  0.000228  0.000228  0.000228  0.875410  0.122539  0.000228  0.000228  0.000228  0.000228  0.000228
0.000199  0.000199  0.000199  0.000199  0.998011  0.000199  0.000199  0.000199  0.000199  0.000199  0.000199
0.000218  0.000218  0.000218  0.000218  0.926291  0.071746  0.000218  0.000218  0.000218  0.000218  0.000218
0.000199  0.000199  0.000199  0.000199  0.937704  0.000199  0.000199  0.000199  0.000199  0.060506  0.000199
0.000206  0.000206  0.000206  0.000206  0.917673  0.000206  0.000206  0.000206  0.000206  0.080472  0.000206
0.000210  0.000210  0.000210  0.000210  0.997900  0.000210  0.000210  0.000210  0.000210  0.000210  0.000210
0.000212  0.000212  0.000212  0.000212  0.997881  0.000212  0.000212  0.000212  0.000212  0.000212  0.000212
0.000209  0.000209  0.000209  0.000209  0.997910  0.000209  0.000209  0.000209  0.000209  0.000209  0.000209
0.000230  0.000230  0.000230  0.000230  0.839461  0.158468  0.000230  0.000230  0.000230  0.000230  0.000230
0.000211  0.000211  0.000211  0.000211  0.997890  0.000211  0.000211  0.000211  0.000211  0.000211  0.000211
0.000214  0.000214  0.000214  0.000214  0.997861  0.000214  0.000214  0.000214  0.000214  0.000214  0.000214
0.000207  0.000207  0.000207  0.000207  0.905581  0.000207  0.000207  0.000207  0.000207  0.092555  0.000207
0.000214  0.000214  0.000214  0.000214  0.997861  0.000214  0.000214  0.000214  0.000214  0.000214  0.000214
0.000207  0.000207  0.000207  0.000207  0.997929  0.000207  0.000207  0.000207  0.000207  0.000207  0.000207
0.000211  0.000211  0.000211  0.000211  0.997891  0.000211  0.000211  0.000211  0.000211  0.000211  0.000211
0.000212  0.000212  0.000212  0.000212  0.997881  0.000212  0.000212  0.000212  0.000212  0.000212  0.000212
0.000236  0.000236  0.000236  0.000236  0.629927  0.367947  0.000236  0.000236  0.000236  0.000236  0.000236
0.000204  0.000204  0.000204  0.997957  0.000204  0.000204  0.000204  0.000204  0.000204  0.000204  0.000204
0.000198  0.000198  0.000198  0.998019  0.000198  0.000198  0.000198  0.000198  0.000198  0.000198  0.000198
0.000204  0.000204  0.000204  0.943081  0.055081  0.000204  0.000204  0.000204  0.000204  0.000204  0.000204
0.000200  0.000200  0.000200  0.998002  0.000200  0.000200  0.000200  0.000200  0.000200  0.000200  0.000200
0.000200  0.000200  0.000200  0.998002  0.000200  0.000200  0.000200  0.000200  0.000200  0.000200  0.000200
0.000202  0.000202  0.000202  0.997984  0.000202  0.000202  0.000202  0.000202  0.000202  0.000202  0.000202
0.000202  0.000202  0.000202  0.997984  0.000202  0.000202  0.000202  0.000202  0.000202  0.000202  0.000202
0.000214  0.000214  0.000214  0.997861  0.000214  0.000214  0.000214  0.000214  0.000214  0.000214  0.000214
0.000202  0.000202  0.000202  0.997984  0.000202  0.000202  0.000202  0.000202  0.000202  0.000202  0.000202
0.000201  0.000201  0.000201  0.997993  0.000201  0.000201  0.000201  0.000201  0.000201  0.000201  0.000201
0.000203  0.000203  0.000203  0.916491  0.081678  0.000203  0.000203  0.000203  0.000203  0.000203  0.000203
0.000202  0.000202  0.000202  0.997984  0.000202  0.000202  0.000202  0.000202  0.000202  0.000202  0.000202
0.000205  0.000205  0.000205  0.997948  0.000205  0.000205  0.000205  0.000205  0.000205  0.000205  0.000205
0.000202  0.000202  0.000202  0.997975  0.000202  0.000202  0.000202  0.000202  0.000202  0.000202  0.000202
0.000198  0.000198  0.000198  0.998019  0.000198  0.000198  0.000198  0.000198  0.000198  0.000198  0.000198
0.000206  0.000206  0.000206  0.997938  0.000206  0.000206  0.000206  0.000206  0.000206  0.000206  0.000206
0.000197  0.000197  0.000197  0.998028  0.000197  0.000197  0.000197  0.000197  0.000197  0.000197  0.000197
0.000199  0.000199  0.000199  0.998011  0.000199  0.000199  0.000199  0.000199  0.000199  0.000199  0.000199
0.000197  0.000197  0.000197  0.998028  0.000197  0.000197  0.000197  0.000197  0.000197  0.000197  0.000197
0.000197  0.000197  0.000197  0.998028  0.000197  0.000197  0.000197  0.000197  0.000197  0.000197  0.000197
0.000200  0.000200  0.000200  0.000200  0.000200  0.000200  0.000200  0.000200  0.998002  0.000200  0.000200
0.000206  0.000206  0.000206  0.000206  0.000206  0.000206  0.000206  0.000206  0.997938  0.000206  0.000206
0.000199  0.000199  0.000199  0.000199  0.000199  0.000199  0.000199  0.000199  0.998011  0.000199  0.000199
0.000203  0.000203  0.000203  0.000203  0.000203  0.000203  0.000203  0.000203  0.997966  0.000203  0.000203
0.000202  0.000202  0.000202  0.000202  0.000202  0.000202  0.000202  0.000202  0.997984  0.000202  0.000202
0.000198  0.000198  0.000198  0.000198  0.000198  0.000198  0.000198  0.000198  0.998019  0.000198  0.000198
0.000202  0.000202  0.000202  0.000202  0.000202  0.000202  0.000202  0.000202  0.997975  0.000202  0.000202
0.000199  0.000199  0.000199  0.000199  0.000199  0.000199  0.000199  0.000199  0.998011  0.000199  0.000199
0.000202  0.000202  0.000202  0.000202  0.000202  0.000202  0.000202  0.000202  0.997975  0.000202  0.000202
0.000202  0.000202  0.000202  0.000202  0.000202  0.000202  0.000202  0.000202  0.997975  0.000202  0.000202
0.000201  0.000201  0.000201  0.000201  0.000201  0.000201  0.000201  0.000201  0.997993  0.000201  0.000201
0.000200  0.000200  0.000200  0.000200  0.000200  0.000200  0.000200  0.000200  0.998002  0.000200  0.000200
0.000202  0.000202  0.000202  0.000202  0.000202  0.000202  0.000202  0.000202  0.997975  0.000202  0.000202
0.000200  0.000200  0.000200  0.000200  0.000200  0.000200  0.000200  0.000200  0.998002  0.000200  0.000200
0.000206  0.000206  0.000206  0.000206  0.000206  0.000206  0.000206  0.000206  0.997938  0.000206  0.000206
0.000201  0.000201  0.000201  0.000201  0.133305  0.000201  0.000201  0.000201  0.864889  0.000201  0.000201
0.000203  0.000203  0.000203  0.000203  0.000203  0.000203  0.000203  0.000203  0.997966  0.000203  0.000203
