  1:	0.004  0.003  0.005  0.021  0.010  0.012  0.004  0.001  0.899  0.002  0.037  0.003	10
  2:	0.012  0.025  0.017  0.025  0.017  0.021  0.022  0.781  0.033  0.031  0.010  0.008	18
  3:	0.088  0.003  0.052  0.152  0.001  0.002  0.012  0.017  0.500  0.001  0.169  0.004	1
  4:	0.109  0.003  0.025  0.406  0.041  0.014  0.042  0.011  0.241  0.001  0.102  0.005	1
  5:	0.007  0.003  0.010  0.005  0.005  0.024  0.003  0.880  0.004  0.042  0.006  0.009	12
  6:	0.005  0.002  0.003  0.005  0.001  0.002  0.003  0.002  0.004  0.001  0.969  0.003	21
  7:	0.002  0.001  0.001  0.001  0.991  0.001  0.001  0.001  0.001  0.000  0.001  0.001	20
  8:	0.008  0.002  0.001  0.009  0.004  0.002  0.007  0.003  0.953  0.001  0.006  0.003	20
  9:	0.003  0.001  0.002  0.001  0.001  0.001  0.001  0.049  0.001  0.001  0.002  0.937	21
 10:	0.001  0.001  0.001  0.001  0.001  0.001  0.001  0.223  0.001  0.769  0.001  0.001	21
 11:	0.015  0.006  0.884  0.017  0.007  0.019  0.006  0.021  0.008  0.004  0.008  0.005	21
 12:	0.002  0.001  0.001  0.001  0.001  0.001  0.001  0.809  0.001  0.182  0.001  0.001	6
 13:	0.005  0.004  0.003  0.006  0.002  0.002  0.006  0.938  0.008  0.015  0.006  0.004	12
 14:	0.102  0.006  0.005  0.005  0.023  0.011  0.011  0.001  0.013  0.001  0.763  0.060	14
 15:	0.003  0.001  0.001  0.973  0.002  0.002  0.008  0.000  0.005  0.001  0.002  0.001	21
 16:	0.005  0.012  0.143  0.008  0.007  0.018  0.003  0.741  0.013  0.004  0.042  0.004	10
 17:	0.001  0.001  0.001  0.001  0.001  0.001  0.001  0.986  0.001  0.004  0.001  0.001	3
 18:	0.003  0.006  0.002  0.002  0.002  0.001  0.002  0.975  0.002  0.001  0.001  0.003	1
 19:	0.024  0.009  0.043  0.312  0.004  0.007  0.004  0.001  0.577  0.002  0.005  0.013	21
 20:	0.949  0.004  0.012  0.003  0.006  0.002  0.008  0.003  0.002  0.001  0.004  0.007	21
 21:	0.107  0.005  0.001  0.006  0.004  0.001  0.857  0.000  0.006  0.001  0.003  0.008	21
 22:	0.004  0.004  0.002  0.957  0.003  0.006  0.003  0.001  0.004  0.002  0.007  0.007	21
 23:	0.011  0.013  0.010  0.010  0.006  0.006  0.011  0.718  0.007  0.188  0.012  0.007	22
 24:	0.002  0.976  0.001  0.001  0.001  0.001  0.001  0.013  0.001  0.000  0.001  0.001	20
 25:	0.002  0.002  0.004  0.002  0.001  0.971  0.001  0.012  0.001  0.001  0.002  0.001	20

  1:	0.029  0.007  0.004  0.005  0.041  0.024  0.035  0.001  0.005  0.842  0.004  0.003	10
  2:	0.030  0.018  0.008  0.010  0.020  0.008  0.024  0.784  0.019  0.026  0.031  0.022	18
  3:	0.007  0.001  0.002  0.002  0.003  0.167  0.804  0.001  0.005  0.006  0.001  0.001	1
  4:	0.006  0.070  0.003  0.022  0.016  0.092  0.688  0.001  0.093  0.006  0.001  0.003	1
  5:	0.025  0.006  0.009  0.006  0.004  0.007  0.010  0.884  0.004  0.003  0.041  0.003	12
  6:	0.004  0.001  0.003  0.003  0.005  0.968  0.002  0.002  0.003  0.005  0.001  0.002	21
  7:	0.001  0.991  0.001  0.001  0.001  0.001  0.001  0.001  0.001  0.001  0.000  0.001	20
  8:	0.003  0.008  0.003  0.006  0.010  0.004  0.008  0.002  0.005  0.948  0.001  0.003	20
  9:	0.002  0.001  0.938  0.002  0.001  0.002  0.001  0.049  0.001  0.001  0.001  0.001	21
 10:	0.001  0.001  0.001  0.001  0.001  0.001  0.001  0.223  0.001  0.001  0.770  0.001	21
 11:	0.693  0.042  0.026  0.014  0.029  0.016  0.047  0.047  0.031  0.017  0.019  0.019	21
 12:	0.002  0.001  0.001  0.001  0.001  0.001  0.001  0.808  0.001  0.001  0.182  0.001	6
 13:	0.003  0.002  0.003  0.003  0.005  0.008  0.005  0.937  0.005  0.008  0.016  0.004	12
 14:	0.014  0.022  0.058  0.085  0.007  0.774  0.013  0.001  0.010  0.007  0.001  0.007	14
 15:	0.002  0.002  0.001  0.002  0.970  0.002  0.007  0.000  0.007  0.003  0.001  0.001	21
 16:	0.104  0.007  0.004  0.004  0.005  0.023  0.060  0.769  0.003  0.007  0.003  0.011	10
 17:	0.001  0.001  0.001  0.001  0.001  0.001  0.001  0.985  0.001  0.001  0.006  0.001	3
 18:	0.002  0.002  0.003  0.003  0.002  0.001  0.003  0.976  0.002  0.002  0.001  0.005	1
 19:	0.009  0.003  0.008  0.004  0.030  0.004  0.912  0.001  0.003  0.023  0.001  0.003	21
 20:	0.006  0.005  0.009  0.948  0.003  0.005  0.004  0.003  0.008  0.002  0.001  0.005	21
 21:	0.002  0.003  0.005  0.105  0.006  0.003  0.012  0.000  0.853  0.006  0.001  0.004	21
 22:	0.007  0.003  0.006  0.003  0.959  0.005  0.004  0.001  0.003  0.005  0.002  0.004	21
 23:	0.010  0.006  0.006  0.008  0.011  0.012  0.004  0.723  0.011  0.011  0.186  0.012	22
 24:	0.001  0.001  0.001  0.001  0.001  0.001  0.001  0.013  0.001  0.001  0.000  0.977	20
 25:	0.976  0.001  0.001  0.002  0.003  0.001  0.001  0.009  0.001  0.002  0.001  0.002	20

  1:	0.006  0.019  0.036  0.001  0.008  0.008  0.839  0.043  0.015  0.020  0.003  0.004	10
  2:	0.010  0.010  0.027  0.777  0.018  0.010  0.030  0.018  0.019  0.020  0.036  0.026	18
  3:	0.003  0.157  0.813  0.001  0.001  0.006  0.004  0.003  0.008  0.002  0.001  0.001	1
  4:	0.002  0.080  0.707  0.001  0.096  0.082  0.012  0.012  0.002  0.003  0.001  0.002	1
  5:	0.011  0.007  0.013  0.875  0.006  0.004  0.003  0.003  0.009  0.018  0.047  0.003	12
  6:	0.004  0.970  0.002  0.002  0.001  0.003  0.005  0.004  0.004  0.001  0.001  0.002	21
  7:	0.001  0.001  0.001  0.001  0.992  0.001  0.001  0.001  0.001  0.001  0.000  0.001	20
  8:	0.004  0.004  0.007  0.002  0.007  0.006  0.950  0.010  0.002  0.004  0.001  0.002	20
  9:	0.939  0.001  0.001  0.049  0.001  0.002  0.001  0.001  0.002  0.001  0.001  0.001	21
 10:	0.001  0.001  0.001  0.217  0.001  0.001  0.001  0.001  0.001  0.001  0.776  0.001	21
 11:	0.008  0.007  0.013  0.020  0.007  0.010  0.006  0.014  0.886  0.020  0.003  0.007	21
 12:	0.001  0.001  0.001  0.798  0.001  0.001  0.001  0.001  0.001  0.002  0.192  0.001	6
 13:	0.004  0.007  0.004  0.932  0.002  0.004  0.010  0.006  0.004  0.002  0.021  0.004	12
 14:	0.071  0.784  0.023  0.001  0.027  0.053  0.007  0.006  0.006  0.016  0.001  0.006	14
 15:	0.002  0.002  0.006  0.000  0.002  0.004  0.004  0.975  0.001  0.002  0.001  0.001	21
 16:	0.005  0.021  0.057  0.746  0.006  0.003  0.007  0.004  0.124  0.013  0.003  0.010	10
 17:	0.001  0.001  0.001  0.987  0.001  0.001  0.001  0.001  0.001  0.001  0.004  0.001	3
 18:	0.004  0.002  0.003  0.974  0.001  0.002  0.001  0.002  0.002  0.002  0.001  0.006	1
 19:	0.010  0.003  0.908  0.000  0.003  0.003  0.022  0.029  0.014  0.003  0.001  0.003	21
 20:	0.008  0.003  0.003  0.003  0.015  0.949  0.002  0.002  0.009  0.003  0.001  0.003	21
 21:	0.010  0.006  0.010  0.000  0.003  0.912  0.029  0.015  0.002  0.001  0.001  0.011	21
 22:	0.008  0.004  0.004  0.001  0.003  0.003  0.005  0.960  0.003  0.005  0.002  0.004	21
 23:	0.008  0.011  0.005  0.703  0.006  0.009  0.012  0.010  0.009  0.006  0.208  0.013	22
 24:	0.002  0.001  0.001  0.013  0.001  0.001  0.001  0.001  0.001  0.001  0.000  0.977	20
 25:	0.002  0.001  0.001  0.012  0.001  0.001  0.001  0.002  0.004  0.971  0.001  0.001	20

  1:	0.031  0.112  0.023  0.023  0.029  0.003  0.002  0.005  0.004  0.009  0.004  0.755	10
  2:	0.011  0.018  0.007  0.021  0.023  0.018  0.835  0.007  0.019  0.017  0.006  0.019	18
  3:	0.004  0.002  0.141  0.002  0.804  0.001  0.001  0.002  0.007  0.001  0.003  0.032	1
  4:	0.008  0.020  0.082  0.004  0.681  0.003  0.001  0.002  0.093  0.082  0.011  0.014	1
  5:	0.003  0.008  0.005  0.011  0.010  0.003  0.941  0.006  0.003  0.004  0.004  0.003	12
  6:	0.004  0.005  0.965  0.003  0.003  0.002  0.002  0.003  0.002  0.001  0.004  0.005	21
  7:	0.001  0.001  0.001  0.001  0.001  0.001  0.001  0.001  0.001  0.991  0.001  0.001	20
  8:	0.012  0.107  0.010  0.002  0.009  0.003  0.002  0.003  0.004  0.010  0.006  0.831	20
  9:	0.002  0.001  0.001  0.001  0.001  0.001  0.049  0.937  0.001  0.001  0.002  0.001	21
 10:	0.030  0.007  0.003  0.046  0.008  0.002  0.803  0.008  0.003  0.009  0.077  0.004	21
 11:	0.016  0.023  0.018  0.702  0.040  0.020  0.058  0.027  0.027  0.040  0.012  0.017	21
 12:	0.002  0.001  0.002  0.002  0.001  0.001  0.985  0.001  0.001  0.001  0.001  0.002	6
 13:	0.004  0.004  0.004  0.002  0.004  0.004  0.962  0.002  0.004  0.001  0.002  0.006	12
 14:	0.007  0.003  0.666  0.009  0.013  0.006  0.001  0.053  0.011  0.020  0.074  0.135	14
 15:	0.004  0.977  0.001  0.001  0.005  0.002  0.001  0.001  0.003  0.001  0.002  0.002	21
 16:	0.005  0.004  0.017  0.077  0.056  0.018  0.798  0.004  0.003  0.008  0.003  0.007	10
 17:	0.001  0.001  0.001  0.001  0.001  0.001  0.989  0.001  0.001  0.001  0.001  0.001	3
 18:	0.002  0.002  0.001  0.001  0.002  0.004  0.977  0.004  0.002  0.001  0.002  0.002	1
 19:	0.029  0.015  0.004  0.006  0.903  0.004  0.001  0.008  0.003  0.002  0.004  0.020	21
 20:	0.004  0.003  0.004  0.005  0.004  0.005  0.004  0.011  0.010  0.005  0.943  0.002	21
 21:	0.005  0.005  0.003  0.001  0.012  0.005  0.000  0.005  0.853  0.004  0.103  0.005	21
 22:	0.973  0.003  0.002  0.003  0.005  0.002  0.001  0.003  0.002  0.002  0.002  0.002	21
 23:	0.009  0.016  0.010  0.006  0.003  0.009  0.914  0.004  0.008  0.006  0.006  0.009	22
 24:	0.002  0.001  0.001  0.001  0.001  0.976  0.013  0.001  0.001  0.001  0.001  0.001	20
 25:	0.003  0.003  0.002  0.974  0.002  0.001  0.009  0.001  0.001  0.001  0.002  0.002	20

  1:	0.042  0.017  0.016  0.026  0.024  0.004  0.008  0.002  0.830  0.008  0.019  0.004	10
  2:	0.029  0.006  0.004  0.016  0.017  0.007  0.016  0.838  0.027  0.008  0.009  0.022	18
  3:	0.804  0.044  0.129  0.002  0.003  0.002  0.002  0.001  0.005  0.003  0.003  0.001	1
  4:	0.680  0.092  0.014  0.020  0.003  0.002  0.085  0.001  0.009  0.088  0.004  0.002	1
  5:	0.012  0.004  0.003  0.008  0.009  0.007  0.004  0.942  0.002  0.003  0.003  0.002	12
  6:	0.003  0.966  0.005  0.003  0.004  0.003  0.002  0.003  0.004  0.003  0.002  0.002	21
  7:	0.001  0.001  0.001  0.001  0.001  0.001  0.991  0.001  0.001  0.001  0.001  0.001	20
  8:	0.011  0.006  0.004  0.003  0.002  0.003  0.007  0.002  0.943  0.006  0.010  0.002	20
  9:	0.002  0.001  0.002  0.001  0.002  0.936  0.001  0.049  0.001  0.002  0.001  0.001	21
 10:	0.012  0.003  0.016  0.009  0.078  0.010  0.011  0.803  0.005  0.022  0.029  0.002	21
 11:	0.054  0.010  0.033  0.026  0.690  0.019  0.041  0.060  0.014  0.025  0.009  0.018	21
 12:	0.001  0.001  0.003  0.001  0.002  0.001  0.001  0.985  0.002  0.001  0.002  0.001	6
 13:	0.004  0.004  0.002  0.005  0.002  0.002  0.001  0.962  0.007  0.003  0.003  0.004	12
 14:	0.004  0.005  0.959  0.005  0.003  0.006  0.004  0.001  0.003  0.004  0.003  0.004	14
 15:	0.007  0.001  0.001  0.979  0.001  0.001  0.001  0.001  0.003  0.002  0.002  0.002	21
 16:	0.059  0.016  0.010  0.004  0.073  0.004  0.007  0.799  0.006  0.003  0.004  0.015	10
 17:	0.002  0.001  0.001  0.001  0.001  0.001  0.001  0.989  0.001  0.001  0.001  0.001	3
 18:	0.003  0.001  0.002  0.002  0.001  0.003  0.001  0.979  0.001  0.002  0.001  0.004	1
 19:	0.910  0.003  0.004  0.014  0.006  0.008  0.003  0.001  0.023  0.004  0.021  0.003	21
 20:	0.006  0.003  0.006  0.002  0.004  0.006  0.014  0.004  0.002  0.948  0.002  0.003	21
 21:	0.010  0.006  0.011  0.017  0.002  0.007  0.003  0.001  0.034  0.893  0.006  0.012	21
 22:	0.006  0.003  0.002  0.003  0.003  0.003  0.002  0.001  0.002  0.002  0.970  0.002	21
 23:	0.004  0.013  0.003  0.016  0.006  0.003  0.006  0.915  0.010  0.007  0.007  0.008	22
 24:	0.001  0.001  0.001  0.001  0.001  0.001  0.001  0.014  0.001  0.001  0.001  0.976	20
 25:	0.002  0.002  0.002  0.003  0.973  0.001  0.001  0.009  0.002  0.001  0.002  0.001	20

  1:	0.913  0.007  0.008  0.035  0.004  0.001  0.000  0.010  0.016  0.002  0.002  0.003	10
  2:	0.035  0.031  0.010  0.011  0.009  0.270  0.540  0.015  0.018  0.013  0.011  0.037	18
  3:	0.613  0.004  0.005  0.202  0.022  0.021  0.001  0.002  0.122  0.001  0.004  0.003	1
  4:	0.412  0.008  0.012  0.033  0.093  0.024  0.001  0.070  0.340  0.001  0.004  0.002	1
  5:	0.004  0.021  0.003  0.006  0.004  0.358  0.569  0.005  0.008  0.011  0.008  0.003	12
  6:	0.006  0.002  0.003  0.970  0.003  0.001  0.002  0.001  0.006  0.001  0.003  0.002	21
  7:	0.001  0.001  0.001  0.001  0.001  0.001  0.001  0.992  0.001  0.000  0.001  0.001	20
  8:	0.959  0.002  0.009  0.007  0.007  0.001  0.002  0.005  0.003  0.001  0.003  0.003	20
  9:	0.002  0.001  0.001  0.002  0.002  0.001  0.049  0.001  0.001  0.001  0.939  0.001	21
 10:	0.001  0.001  0.001  0.000  0.001  0.251  0.044  0.001  0.000  0.700  0.001  0.001	21
 11:	0.040  0.694  0.015  0.017  0.050  0.019  0.031  0.046  0.032  0.015  0.023  0.018	21
 12:	0.001  0.002  0.001  0.001  0.001  0.586  0.385  0.001  0.001  0.021  0.001  0.001	6
 13:	0.005  0.003  0.003  0.004  0.003  0.268  0.693  0.002  0.004  0.006  0.005  0.003	12
 14:	0.023  0.012  0.006  0.789  0.070  0.001  0.001  0.026  0.005  0.001  0.061  0.006	14
 15:	0.005  0.001  0.002  0.001  0.002  0.000  0.000  0.001  0.984  0.001  0.001  0.001	21
 16:	0.021  0.143  0.010  0.040  0.004  0.045  0.693  0.011  0.006  0.010  0.006  0.012	10
 17:	0.001  0.001  0.001  0.001  0.001  0.002  0.990  0.001  0.001  0.001  0.001  0.001	3
 18:	0.003  0.002  0.003  0.002  0.003  0.002  0.968  0.002  0.002  0.001  0.003  0.009	1
 19:	0.711  0.024  0.051  0.007  0.015  0.001  0.001  0.004  0.153  0.003  0.017  0.014	21
 20:	0.003  0.006  0.002  0.004  0.954  0.002  0.001  0.015  0.002  0.001  0.006  0.003	21
 21:	0.022  0.001  0.006  0.007  0.917  0.001  0.000  0.003  0.020  0.001  0.008  0.013	21
 22:	0.006  0.003  0.973  0.003  0.002  0.001  0.000  0.002  0.004  0.001  0.003  0.002	21
 23:	0.005  0.003  0.003  0.004  0.005  0.903  0.052  0.003  0.008  0.007  0.003  0.005	22
 24:	0.001  0.001  0.001  0.001  0.001  0.001  0.012  0.001  0.001  0.001  0.001  0.978	20
 25:	0.002  0.976  0.002  0.002  0.002  0.001  0.007  0.001  0.003  0.001  0.001  0.002	20

  1:	0.008  0.019  0.008  0.834  0.018  0.047  0.004  0.004  0.002  0.015  0.004  0.036	10
  2:	0.009  0.020  0.016  0.025  0.008  0.017  0.018  0.006  0.834  0.005  0.023  0.019	18
  3:	0.004  0.003  0.001  0.005  0.033  0.003  0.006  0.002  0.001  0.133  0.001  0.806	1
  4:	0.017  0.003  0.070  0.008  0.086  0.021  0.101  0.002  0.001  0.010  0.002  0.679	1
  5:	0.005  0.013  0.004  0.002  0.005  0.003  0.003  0.006  0.939  0.004  0.003  0.014	12
  6:	0.006  0.004  0.002  0.004  0.965  0.002  0.002  0.003  0.003  0.006  0.002  0.002	21
  7:	0.002  0.001  0.991  0.001  0.001  0.001  0.001  0.001  0.001  0.001  0.001  0.001	20
  8:	0.008  0.002  0.008  0.941  0.006  0.010  0.005  0.003  0.002  0.003  0.002  0.008	20
  9:	0.002  0.002  0.001  0.001  0.001  0.001  0.001  0.936  0.049  0.002  0.001  0.001	21
 10:	0.113  0.035  0.008  0.003  0.002  0.014  0.003  0.007  0.798  0.007  0.002  0.007	21
 11:	0.015  0.690  0.044  0.013  0.012  0.026  0.026  0.017  0.056  0.037  0.019  0.043	21
 12:	0.002  0.002  0.001  0.001  0.001  0.001  0.001  0.001  0.985  0.004  0.001  0.001	6
 13:	0.003  0.002  0.001  0.007  0.006  0.005  0.004  0.002  0.961  0.002  0.004  0.003	12
 14:	0.008  0.003  0.003  0.004  0.005  0.005  0.004  0.006  0.001  0.956  0.004  0.003	14
 15:	0.004  0.001  0.002  0.003  0.003  0.968  0.008  0.001  0.000  0.001  0.001  0.007	21
 16:	0.004  0.075  0.006  0.006  0.018  0.004  0.003  0.004  0.797  0.011  0.017  0.055	10
 17:	0.001  0.001  0.001  0.001  0.001  0.001  0.001  0.001  0.989  0.001  0.001  0.001	3
 18:	0.002  0.001  0.001  0.001  0.001  0.002  0.002  0.003  0.976  0.002  0.005  0.003	1
 19:	0.005  0.008  0.002  0.023  0.003  0.030  0.003  0.007  0.001  0.004  0.003  0.910	21
 20:	0.942  0.005  0.005  0.002  0.003  0.003  0.009  0.009  0.004  0.008  0.005  0.004	21
 21:	0.103  0.001  0.005  0.005  0.003  0.005  0.854  0.005  0.000  0.004  0.004  0.011	21
 22:	0.004  0.005  0.003  0.004  0.004  0.958  0.002  0.006  0.001  0.005  0.004  0.004	21
 23:	0.010  0.007  0.006  0.010  0.015  0.009  0.008  0.004  0.915  0.004  0.010  0.004	22
 24:	0.001  0.001  0.001  0.001  0.001  0.001  0.001  0.001  0.013  0.001  0.976  0.001	20
 25:	0.003  0.974  0.001  0.002  0.002  0.002  0.001  0.001  0.009  0.002  0.002  0.001	20

  1:	0.010  0.029  0.036  0.004  0.009  0.019  0.024  0.004  0.840  0.004  0.001  0.020	10
  2:	0.014  0.016  0.027  0.032  0.020  0.025  0.008  0.025  0.027  0.009  0.785  0.011	18
  3:	0.004  0.002  0.801  0.001  0.002  0.004  0.174  0.001  0.004  0.003  0.002  0.003	1
  4:	0.105  0.020  0.664  0.001  0.070  0.003  0.118  0.002  0.010  0.002  0.001  0.005	1
  5:	0.006  0.008  0.010  0.042  0.005  0.018  0.009  0.003  0.003  0.009  0.883  0.004	12
  6:	0.004  0.006  0.003  0.001  0.001  0.002  0.965  0.002  0.005  0.003  0.002  0.003	21
  7:	0.002  0.001  0.001  0.000  0.991  0.001  0.001  0.001  0.001  0.001  0.001  0.001	20
  8:	0.008  0.003  0.008  0.001  0.007  0.002  0.005  0.002  0.948  0.003  0.002  0.010	20
  9:	0.002  0.001  0.001  0.001  0.001  0.001  0.002  0.001  0.001  0.938  0.049  0.001	21
 10:	0.001  0.001  0.001  0.770  0.001  0.001  0.001  0.001  0.001  0.001  0.223  0.001	21
 11:	0.047  0.025  0.041  0.019  0.042  0.688  0.016  0.019  0.018  0.024  0.047  0.011	21
 12:	0.002  0.001  0.001  0.182  0.001  0.002  0.001  0.001  0.001  0.001  0.808  0.001	6
 13:	0.005  0.007  0.005  0.016  0.002  0.003  0.007  0.004  0.009  0.003  0.937  0.004	12
 14:	0.077  0.004  0.021  0.001  0.027  0.010  0.783  0.007  0.007  0.057  0.001  0.005	14
 15:	0.002  0.980  0.005  0.001  0.001  0.001  0.001  0.002  0.003  0.001  0.000  0.002	21
 16:	0.004  0.003  0.061  0.004  0.007  0.101  0.020  0.014  0.008  0.004  0.768  0.005	10
 17:	0.001  0.001  0.001  0.006  0.001  0.001  0.001  0.001  0.001  0.001  0.985  0.001	3
 18:	0.003  0.002  0.003  0.001  0.002  0.002  0.001  0.007  0.002  0.003  0.973  0.002	1
 19:	0.005  0.015  0.905  0.001  0.003  0.007  0.004  0.003  0.024  0.008  0.001  0.024	21
 20:	0.952  0.002  0.005  0.001  0.016  0.005  0.004  0.003  0.002  0.006  0.003  0.002	21
 21:	0.909  0.019  0.008  0.001  0.003  0.001  0.007  0.011  0.028  0.006  0.001  0.006	21
 22:	0.004  0.003  0.005  0.001  0.002  0.004  0.002  0.002  0.002  0.003  0.000  0.972	21
 23:	0.013  0.016  0.004  0.187  0.006  0.007  0.010  0.012  0.012  0.005  0.721  0.008	22
 24:	0.001  0.001  0.001  0.000  0.001  0.001  0.001  0.977  0.001  0.001  0.013  0.001	20
 25:	0.002  0.003  0.001  0.001  0.001  0.974  0.002  0.002  0.002  0.001  0.009  0.002	20

  1:	0.836  0.046  0.005  0.036  0.004  0.004  0.007  0.016  0.022  0.004  0.018  0.003	10
  2:	0.028  0.016  0.006  0.022  0.021  0.016  0.016  0.006  0.021  0.008  0.005  0.834	18
  3:	0.007  0.002  0.002  0.808  0.001  0.004  0.001  0.036  0.003  0.002  0.133  0.001	1
  4:	0.009  0.014  0.012  0.674  0.002  0.108  0.046  0.123  0.003  0.002  0.007  0.001	1
  5:	0.003  0.002  0.004  0.013  0.003  0.003  0.004  0.004  0.015  0.006  0.004  0.940	12
  6:	0.006  0.002  0.004  0.002  0.002  0.002  0.002  0.965  0.004  0.003  0.005  0.002	21
  7:	0.001  0.001  0.001  0.001  0.001  0.001  0.991  0.001  0.001  0.001  0.001  0.001	20
  8:	0.947  0.009  0.005  0.007  0.003  0.004  0.007  0.005  0.002  0.003  0.004  0.002	20
  9:	0.002  0.001  0.002  0.001  0.001  0.001  0.001  0.001  0.001  0.937  0.002  0.049	21
 10:	0.006  0.020  0.064  0.007  0.002  0.004  0.011  0.003  0.069  0.009  0.010  0.797	21
 11:	0.020  0.027  0.010  0.044  0.019  0.021  0.040  0.011  0.698  0.018  0.036  0.056	21
 12:	0.002  0.001  0.001  0.001  0.001  0.001  0.001  0.001  0.002  0.001  0.004  0.984	6
 13:	0.008  0.005  0.003  0.003  0.004  0.004  0.001  0.005  0.002  0.003  0.003  0.962	12
 14:	0.005  0.004  0.006  0.002  0.004  0.005  0.003  0.005  0.002  0.006  0.957  0.001	14
 15:	0.005  0.967  0.002  0.008  0.001  0.007  0.002  0.003  0.001  0.001  0.001  0.000	21
 16:	0.008  0.004  0.003  0.057  0.015  0.003  0.007  0.015  0.076  0.004  0.011  0.797	10
 17:	0.001  0.001  0.001  0.001  0.001  0.001  0.001  0.001  0.001  0.001  0.001  0.989	3
 18:	0.001  0.002  0.002  0.002  0.004  0.002  0.001  0.001  0.002  0.003  0.002  0.977	1
 19:	0.025  0.028  0.004  0.914  0.003  0.003  0.003  0.003  0.007  0.008  0.003  0.001	21
 20:	0.003  0.003  0.943  0.004  0.005  0.009  0.004  0.003  0.004  0.009  0.007  0.004	21
 21:	0.007  0.004  0.100  0.011  0.004  0.855  0.005  0.003  0.001  0.005  0.005  0.000	21
 22:	0.007  0.955  0.003  0.005  0.003  0.003  0.002  0.004  0.005  0.006  0.005  0.001	21
 23:	0.013  0.009  0.006  0.003  0.010  0.008  0.006  0.014  0.007  0.004  0.004  0.916	22
 24:	0.001  0.001  0.001  0.001  0.976  0.001  0.001  0.001  0.001  0.001  0.001  0.013	20
 25:	0.002  0.002  0.002  0.001  0.002  0.001  0.001  0.001  0.975  0.001  0.002  0.009	20

  1:	0.178  0.016  0.002  0.003  0.065  0.717  0.007  0.001  0.000  0.008  0.002  0.002	10
  2:	0.034  0.028  0.011  0.008  0.019  0.016  0.014  0.259  0.553  0.015  0.031  0.013	18
  3:	0.795  0.002  0.002  0.004  0.002  0.172  0.001  0.008  0.000  0.011  0.001  0.001	1
  4:	0.705  0.004  0.002  0.024  0.022  0.067  0.090  0.009  0.000  0.072  0.002  0.001	1
  5:	0.017  0.013  0.007  0.006  0.003  0.004  0.005  0.344  0.583  0.002  0.003  0.012	12
  6:	0.002  0.003  0.007  0.006  0.003  0.965  0.001  0.001  0.003  0.002  0.004  0.002	21
  7:	0.001  0.001  0.001  0.001  0.001  0.001  0.992  0.001  0.001  0.001  0.001  0.000	20
  8:	0.075  0.002  0.002  0.005  0.042  0.837  0.020  0.001  0.002  0.011  0.003  0.001	20
  9:	0.002  0.001  0.939  0.002  0.001  0.001  0.001  0.001  0.049  0.001  0.001  0.001	21
 10:	0.001  0.001  0.001  0.001  0.001  0.001  0.001  0.245  0.058  0.001  0.001  0.689	21
 11:	0.061  0.667  0.027  0.013  0.031  0.023  0.041  0.020  0.031  0.034  0.020  0.032	21
 12:	0.001  0.002  0.001  0.001  0.001  0.001  0.001  0.573  0.399  0.001  0.001  0.019	6
 13:	0.005  0.002  0.005  0.003  0.004  0.004  0.002  0.256  0.706  0.004  0.003  0.005	12
 14:	0.009  0.008  0.111  0.090  0.003  0.737  0.023  0.001  0.001  0.009  0.006  0.001	14
 15:	0.012  0.001  0.001  0.002  0.969  0.003  0.002  0.000  0.000  0.006  0.001  0.001	21
 16:	0.063  0.112  0.006  0.005  0.007  0.014  0.009  0.066  0.695  0.005  0.012  0.006	10
 17:	0.001  0.001  0.001  0.001  0.001  0.001  0.001  0.002  0.990  0.001  0.001  0.001	3
 18:	0.003  0.002  0.002  0.003  0.002  0.002  0.002  0.002  0.969  0.002  0.009  0.002	1
 19:	0.929  0.006  0.009  0.005  0.032  0.007  0.003  0.001  0.001  0.003  0.003  0.001	21
 20:	0.005  0.005  0.010  0.949  0.004  0.003  0.005  0.003  0.001  0.009  0.005  0.001	21
 21:	0.015  0.001  0.006  0.104  0.006  0.004  0.004  0.001  0.000  0.853  0.005  0.001	21
 22:	0.007  0.005  0.006  0.003  0.962  0.005  0.003  0.001  0.000  0.003  0.004  0.001	21
 23:	0.005  0.003  0.003  0.006  0.005  0.005  0.003  0.862  0.090  0.004  0.006  0.010	22
 24:	0.002  0.001  0.001  0.001  0.001  0.001  0.001  0.001  0.012  0.001  0.978  0.000	20
 25:	0.002  0.977  0.001  0.002  0.003  0.002  0.001  0.001  0.007  0.001  0.002  0.001	20

