  1:	0.032  0.007  0.003  0.003  0.003  0.032  0.833  0.012  0.006  0.000  0.019  0.004  0.002  0.001  0.043	10
  2:	0.005  0.003  0.011  0.448  0.015  0.005  0.008  0.005  0.006  0.230  0.006  0.003  0.217  0.033  0.005	18
  3:	0.166  0.003  0.001  0.003  0.001  0.799  0.003  0.008  0.002  0.000  0.001  0.002  0.002  0.007  0.002	1
  4:	0.098  0.126  0.004  0.003  0.001  0.668  0.007  0.001  0.066  0.000  0.003  0.002  0.002  0.003  0.016	1
  5:	0.004  0.004  0.002  0.102  0.014  0.004  0.002  0.005  0.003  0.493  0.005  0.009  0.279  0.072  0.002	12
  6:	0.970  0.003  0.002  0.003  0.002  0.002  0.005  0.002  0.001  0.001  0.001  0.002  0.001  0.000  0.004	21
  7:	0.001  0.001  0.001  0.001  0.000  0.001  0.001  0.001  0.991  0.001  0.001  0.001  0.001  0.000  0.001	20
  8:	0.006  0.006  0.003  0.001  0.001  0.009  0.946  0.001  0.007  0.001  0.003  0.003  0.001  0.002  0.009	20
  9:	0.002  0.002  0.001  0.002  0.001  0.001  0.001  0.001  0.001  0.048  0.001  0.937  0.001  0.001  0.001	21
 10:	0.001  0.000  0.000  0.007  0.700  0.000  0.000  0.001  0.001  0.049  0.001  0.001  0.003  0.236  0.000	21
 11:	0.012  0.011  0.007  0.004  0.003  0.013  0.007  0.865  0.007  0.015  0.021  0.006  0.005  0.009  0.015	21
 12:	0.002  0.001  0.001  0.004  0.033  0.001  0.001  0.002  0.001  0.430  0.004  0.001  0.087  0.433  0.001	6
 13:	0.006  0.003  0.003  0.054  0.008  0.003  0.004  0.004  0.002  0.634  0.002  0.003  0.210  0.058  0.005	12
 14:	0.788  0.057  0.006  0.003  0.001  0.024  0.007  0.005  0.025  0.000  0.013  0.061  0.001  0.001  0.006	14
 15:	0.003  0.004  0.001  0.001  0.001  0.008  0.004  0.001  0.001  0.000  0.001  0.001  0.001  0.000  0.973	21
 16:	0.028  0.002  0.004  0.418  0.004  0.036  0.003  0.057  0.003  0.338  0.012  0.003  0.086  0.005  0.003	10
 17:	0.001  0.001  0.001  0.002  0.002  0.001  0.001  0.001  0.001  0.982  0.001  0.001  0.002  0.002  0.001	3
 18:	0.003  0.003  0.017  0.073  0.002  0.005  0.002  0.004  0.002  0.877  0.002  0.003  0.004  0.002  0.003	1
 19:	0.005  0.003  0.003  0.001  0.001  0.907  0.023  0.013  0.002  0.000  0.002  0.008  0.001  0.001  0.030	21
 20:	0.005  0.948  0.002  0.004  0.001  0.003  0.002  0.007  0.013  0.000  0.003  0.006  0.003  0.001  0.002	21
 21:	0.010  0.909  0.013  0.001  0.001  0.009  0.030  0.002  0.003  0.000  0.001  0.007  0.001  0.001  0.013	21
 22:	0.008  0.003  0.003  0.001  0.001  0.004  0.005  0.003  0.003  0.000  0.005  0.006  0.002  0.001  0.956	21
 23:	0.004  0.003  0.004  0.028  0.013  0.002  0.003  0.002  0.002  0.051  0.002  0.002  0.741  0.143  0.003	22
 24:	0.001  0.001  0.972  0.013  0.000  0.001  0.001  0.001  0.001  0.003  0.001  0.001  0.002  0.001  0.001	20
 25:	0.002  0.001  0.001  0.012  0.001  0.002  0.001  0.004  0.001  0.003  0.965  0.001  0.003  0.001  0.002	20

  1:	0.016  0.000  0.012  0.012  0.003  0.003  0.790  0.042  0.095  0.004  0.008  0.002  0.003  0.003  0.008	10
  2:	0.027  0.532  0.020  0.022  0.015  0.008  0.020  0.010  0.006  0.006  0.012  0.264  0.012  0.031  0.015	18
  3:	0.790  0.000  0.001  0.006  0.006  0.002  0.003  0.024  0.158  0.001  0.002  0.003  0.001  0.001  0.002	1
  4:	0.668  0.000  0.003  0.002  0.095  0.003  0.007  0.086  0.025  0.018  0.067  0.002  0.001  0.003  0.020	1
  5:	0.011  0.561  0.011  0.006  0.002  0.007  0.003  0.003  0.014  0.004  0.004  0.355  0.009  0.003  0.006	12
  6:	0.003  0.002  0.001  0.003  0.002  0.003  0.003  0.967  0.005  0.003  0.002  0.001  0.002  0.002  0.002	21
  7:	0.001  0.001  0.001  0.001  0.001  0.001  0.001  0.001  0.001  0.001  0.990  0.001  0.000  0.001  0.001	20
  8:	0.030  0.002  0.004  0.002  0.006  0.002  0.835  0.048  0.025  0.009  0.027  0.001  0.001  0.004  0.004	20
  9:	0.002  0.048  0.001  0.002  0.001  0.935  0.001  0.001  0.002  0.002  0.001  0.001  0.001  0.001  0.001	21
 10:	0.001  0.045  0.001  0.001  0.000  0.001  0.000  0.000  0.000  0.001  0.001  0.249  0.699  0.000  0.000	21
 11:	0.016  0.017  0.022  0.864  0.006  0.005  0.008  0.005  0.019  0.010  0.006  0.003  0.003  0.006  0.010	21
 12:	0.001  0.383  0.002  0.001  0.001  0.001  0.001  0.001  0.002  0.001  0.001  0.587  0.017  0.000  0.001	6
 13:	0.005  0.684  0.002  0.004  0.004  0.004  0.004  0.004  0.003  0.002  0.002  0.269  0.006  0.003  0.004	12
 14:	0.004  0.001  0.002  0.002  0.006  0.009  0.004  0.005  0.945  0.009  0.004  0.001  0.001  0.004  0.004	14
 15:	0.007  0.000  0.001  0.001  0.002  0.001  0.002  0.001  0.001  0.002  0.001  0.000  0.001  0.001  0.977	21
 16:	0.053  0.658  0.013  0.160  0.003  0.005  0.007  0.024  0.009  0.003  0.007  0.046  0.004  0.007  0.003	10
 17:	0.001  0.987  0.001  0.001  0.001  0.001  0.001  0.001  0.001  0.001  0.001  0.002  0.001  0.001  0.001	3
 18:	0.003  0.959  0.002  0.002  0.002  0.004  0.002  0.002  0.002  0.003  0.002  0.002  0.001  0.009  0.002	1
 19:	0.903  0.000  0.002  0.015  0.003  0.007  0.039  0.003  0.004  0.004  0.003  0.001  0.001  0.003  0.013	21
 20:	0.005  0.001  0.002  0.011  0.008  0.007  0.002  0.003  0.006  0.941  0.004  0.002  0.001  0.004  0.003	21
 21:	0.013  0.000  0.001  0.001  0.851  0.005  0.004  0.003  0.005  0.102  0.004  0.000  0.001  0.005  0.005	21
 22:	0.005  0.000  0.002  0.002  0.003  0.007  0.954  0.002  0.001  0.003  0.001  0.001  0.001  0.002  0.012	21
 23:	0.003  0.064  0.002  0.003  0.004  0.002  0.004  0.005  0.003  0.005  0.003  0.882  0.009  0.004  0.007	22
 24:	0.001  0.012  0.001  0.001  0.001  0.001  0.001  0.001  0.001  0.001  0.001  0.001  0.000  0.976  0.001	20
 25:	0.002  0.010  0.969  0.005  0.001  0.001  0.001  0.001  0.002  0.001  0.001  0.001  0.001  0.001  0.002	20

  1:	0.027  0.006  0.040  0.005  0.003  0.012  0.003  0.833  0.016  0.003  0.001  0.015  0.004  0.031  0.002	10
  2:	0.025  0.014  0.014  0.006  0.031  0.018  0.012  0.024  0.009  0.008  0.519  0.006  0.012  0.022  0.278	18
  3:	0.002  0.001  0.003  0.001  0.001  0.003  0.001  0.006  0.017  0.001  0.000  0.218  0.003  0.740  0.002	1
  4:	0.006  0.078  0.034  0.016  0.002  0.002  0.001  0.007  0.061  0.002  0.000  0.088  0.088  0.613  0.002	1
  5:	0.016  0.004  0.003  0.004  0.003  0.006  0.011  0.003  0.003  0.007  0.545  0.011  0.003  0.010  0.372	12
  6:	0.002  0.002  0.002  0.003  0.002  0.004  0.002  0.004  0.966  0.003  0.002  0.005  0.002  0.002  0.001	21
  7:	0.001  0.990  0.001  0.001  0.001  0.001  0.000  0.001  0.001  0.001  0.001  0.001  0.001  0.001  0.001	20
  8:	0.004  0.007  0.008  0.006  0.003  0.002  0.001  0.946  0.005  0.003  0.002  0.003  0.004  0.007  0.001	20
  9:	0.001  0.001  0.001  0.002  0.001  0.002  0.001  0.001  0.001  0.935  0.048  0.002  0.001  0.001  0.002	21
 10:	0.001  0.001  0.000  0.001  0.001  0.001  0.700  0.000  0.001  0.001  0.044  0.000  0.000  0.000  0.249	21
 11:	0.030  0.006  0.016  0.010  0.007  0.852  0.003  0.006  0.005  0.005  0.019  0.020  0.006  0.013  0.003	21
 12:	0.002  0.001  0.001  0.001  0.001  0.001  0.019  0.001  0.001  0.001  0.374  0.003  0.001  0.001  0.594	6
 13:	0.003  0.002  0.004  0.002  0.003  0.004  0.006  0.005  0.004  0.004  0.671  0.003  0.004  0.004  0.283	12
 14:	0.005  0.005  0.005  0.012  0.004  0.002  0.001  0.004  0.078  0.012  0.001  0.863  0.005  0.004  0.001	14
 15:	0.002  0.002  0.966  0.002  0.001  0.001  0.001  0.003  0.003  0.001  0.000  0.001  0.007  0.008  0.000	21
 16:	0.018  0.007  0.004  0.003  0.007  0.154  0.004  0.005  0.023  0.004  0.647  0.017  0.003  0.046  0.058	10
 17:	0.001  0.001  0.001  0.001  0.001  0.001  0.001  0.001  0.001  0.001  0.972  0.001  0.001  0.001  0.016	3
 18:	0.003  0.002  0.002  0.003  0.010  0.002  0.001  0.002  0.002  0.004  0.946  0.002  0.003  0.003  0.015	1
 19:	0.004  0.002  0.029  0.003  0.003  0.014  0.001  0.023  0.003  0.007  0.000  0.004  0.003  0.903  0.001	21
 20:	0.003  0.004  0.003  0.943  0.004  0.012  0.001  0.002  0.003  0.007  0.001  0.006  0.007  0.003  0.002	21
 21:	0.002  0.004  0.004  0.102  0.005  0.001  0.001  0.005  0.003  0.006  0.000  0.005  0.851  0.011  0.000	21
 22:	0.007  0.002  0.953  0.003  0.004  0.002  0.001  0.005  0.004  0.006  0.000  0.005  0.002  0.004  0.002	21
 23:	0.004  0.002  0.003  0.005  0.005  0.003  0.009  0.004  0.005  0.003  0.052  0.003  0.004  0.003  0.897	22
 24:	0.001  0.001  0.001  0.001  0.977  0.001  0.000  0.001  0.001  0.001  0.011  0.001  0.001  0.001  0.001	20
 25:	0.970  0.001  0.002  0.002  0.001  0.004  0.001  0.001  0.001  0.001  0.010  0.002  0.001  0.002  0.002	20

  1:	0.007  0.007  0.018  0.026  0.024  0.026  0.004  0.004  0.830  0.015  0.013  0.003  0.001  0.021  0.004	10
  2:	0.010  0.017  0.006  0.013  0.025  0.010  0.008  0.022  0.025  0.008  0.016  0.030  0.773  0.020  0.018	18
  3:	0.002  0.001  0.155  0.002  0.785  0.003  0.002  0.001  0.004  0.033  0.005  0.000  0.001  0.001  0.004	1
  4:	0.026  0.049  0.033  0.011  0.647  0.006  0.002  0.002  0.007  0.094  0.002  0.001  0.001  0.004  0.115	1
  5:	0.007  0.005  0.008  0.005  0.009  0.004  0.008  0.003  0.003  0.005  0.009  0.041  0.873  0.019  0.003	12
  6:	0.005  0.002  0.005  0.002  0.002  0.002  0.003  0.002  0.004  0.963  0.004  0.001  0.002  0.001  0.002	21
  7:	0.002  0.989  0.001  0.001  0.001  0.001  0.001  0.001  0.001  0.001  0.001  0.000  0.001  0.001  0.001	20
  8:	0.008  0.009  0.003  0.003  0.008  0.009  0.003  0.002  0.938  0.006  0.001  0.001  0.002  0.003  0.004	20
  9:	0.003  0.001  0.002  0.001  0.001  0.001  0.934  0.001  0.001  0.001  0.002  0.001  0.049  0.001  0.001	21
 10:	0.001  0.001  0.001  0.001  0.001  0.001  0.001  0.001  0.001  0.001  0.001  0.768  0.223  0.001  0.001	21
 11:	0.012  0.006  0.016  0.008  0.010  0.011  0.004  0.006  0.005  0.005  0.873  0.003  0.021  0.015  0.005	21
 12:	0.001  0.001  0.002  0.001  0.001  0.001  0.001  0.001  0.001  0.001  0.001  0.183  0.805  0.001  0.001	6
 13:	0.004  0.002  0.004  0.006  0.005  0.003  0.003  0.004  0.008  0.008  0.003  0.015  0.929  0.002  0.004	12
 14:	0.014  0.004  0.914  0.004  0.003  0.003  0.008  0.004  0.004  0.031  0.002  0.001  0.001  0.002  0.004	14
 15:	0.002  0.001  0.001  0.977  0.004  0.002  0.001  0.002  0.003  0.001  0.001  0.001  0.000  0.001  0.002	21
 16:	0.005  0.005  0.013  0.003  0.054  0.004  0.004  0.010  0.007  0.018  0.124  0.003  0.735  0.012  0.002	10
 17:	0.001  0.001  0.001  0.001  0.001  0.001  0.001  0.001  0.001  0.001  0.001  0.005  0.983  0.001  0.001	3
 18:	0.003  0.001  0.002  0.001  0.003  0.002  0.003  0.006  0.002  0.002  0.002  0.001  0.969  0.002  0.002	1
 19:	0.005  0.002  0.003  0.012  0.897  0.023  0.007  0.003  0.023  0.003  0.014  0.001  0.000  0.003  0.003	21
 20:	0.941  0.005  0.006  0.003  0.003  0.002  0.006  0.004  0.002  0.003  0.013  0.001  0.003  0.002  0.007	21
 21:	0.104  0.004  0.004  0.005  0.010  0.003  0.005  0.004  0.005  0.003  0.001  0.001  0.000  0.001  0.849	21
 22:	0.003  0.002  0.002  0.003  0.004  0.970  0.002  0.002  0.002  0.002  0.002  0.001  0.000  0.002  0.002	21
 23:	0.010  0.006  0.004  0.015  0.003  0.007  0.005  0.011  0.008  0.017  0.009  0.181  0.710  0.005  0.010	22
 24:	0.001  0.001  0.001  0.001  0.001  0.001  0.001  0.975  0.001  0.001  0.001  0.000  0.013  0.001  0.001	20
 25:	0.002  0.001  0.002  0.002  0.001  0.001  0.001  0.001  0.001  0.001  0.005  0.001  0.012  0.967  0.001	20

  1:	0.028  0.000  0.004  0.006  0.830  0.020  0.022  0.023  0.011  0.018  0.024  0.007  0.003  0.003  0.002	10
  2:	0.009  0.531  0.009  0.008  0.023  0.008  0.007  0.015  0.023  0.019  0.021  0.015  0.014  0.033  0.264	18
  3:	0.004  0.000  0.001  0.004  0.005  0.028  0.220  0.002  0.005  0.002  0.723  0.001  0.001  0.002  0.002	1
  4:	0.008  0.000  0.001  0.116  0.012  0.079  0.100  0.030  0.001  0.003  0.570  0.074  0.001  0.004  0.001	1
  5:	0.004  0.563  0.008  0.003  0.003  0.004  0.010  0.007  0.006  0.011  0.009  0.004  0.016  0.003  0.348	12
  6:	0.003  0.002  0.003  0.002  0.005  0.964  0.006  0.003  0.003  0.002  0.002  0.002  0.002  0.002  0.001	21
  7:	0.001  0.001  0.001  0.001  0.001  0.001  0.001  0.001  0.001  0.001  0.001  0.990  0.000  0.001  0.001	20
  8:	0.012  0.002  0.002  0.005  0.943  0.006  0.003  0.003  0.001  0.003  0.008  0.007  0.001  0.002  0.001	20
  9:	0.002  0.048  0.935  0.002  0.001  0.001  0.002  0.001  0.002  0.001  0.001  0.001  0.001  0.001  0.001	21
 10:	0.001  0.046  0.001  0.000  0.000  0.000  0.000  0.000  0.001  0.001  0.000  0.001  0.705  0.001  0.241	21
 11:	0.018  0.017  0.005  0.009  0.006  0.004  0.019  0.009  0.862  0.021  0.010  0.007  0.003  0.006  0.003	21
 12:	0.001  0.390  0.001  0.001  0.001  0.001  0.002  0.001  0.001  0.002  0.001  0.001  0.036  0.001  0.563	6
 13:	0.003  0.688  0.004  0.003  0.005  0.005  0.003  0.004  0.005  0.002  0.004  0.002  0.010  0.003  0.259	12
 14:	0.005  0.001  0.014  0.013  0.004  0.115  0.822  0.005  0.002  0.004  0.005  0.007  0.001  0.003  0.001	14
 15:	0.003  0.000  0.001  0.002  0.003  0.001  0.001  0.978  0.001  0.001  0.005  0.001  0.001  0.001  0.000	21
 16:	0.006  0.655  0.004  0.003  0.006  0.024  0.019  0.003  0.161  0.011  0.041  0.007  0.005  0.008  0.047	10
 17:	0.001  0.987  0.001  0.001  0.001  0.001  0.001  0.001  0.001  0.001  0.001  0.001  0.001  0.001  0.002	3
 18:	0.003  0.958  0.004  0.004  0.002  0.002  0.003  0.002  0.003  0.002  0.003  0.002  0.002  0.009  0.002	1
 19:	0.029  0.000  0.007  0.003  0.024  0.003  0.004  0.012  0.015  0.003  0.893  0.002  0.001  0.003  0.001	21
 20:	0.002  0.001  0.005  0.948  0.002  0.003  0.005  0.002  0.011  0.003  0.003  0.011  0.001  0.002  0.002	21
 21:	0.009  0.000  0.007  0.895  0.031  0.006  0.008  0.017  0.002  0.001  0.009  0.003  0.001  0.011  0.001	21
 22:	0.970  0.000  0.003  0.002  0.002  0.003  0.002  0.003  0.002  0.002  0.004  0.002  0.001  0.002  0.001	21
 23:	0.004  0.059  0.002  0.005  0.004  0.004  0.003  0.007  0.003  0.002  0.003  0.002  0.022  0.005  0.875	22
 24:	0.002  0.012  0.001  0.001  0.001  0.001  0.001  0.001  0.001  0.001  0.001  0.001  0.000  0.976  0.001	20
 25:	0.002  0.010  0.001  0.001  0.001  0.001  0.002  0.002  0.005  0.967  0.001  0.001  0.001  0.001  0.002	20

  1:	0.027  0.025  0.017  0.818  0.016  0.028  0.003  0.003  0.006  0.006  0.023  0.003  0.013  0.002  0.010	10
  2:	0.024  0.461  0.008  0.023  0.009  0.021  0.031  0.009  0.015  0.008  0.016  0.015  0.004  0.335  0.022	18
  3:	0.002  0.072  0.003  0.005  0.023  0.744  0.001  0.003  0.001  0.003  0.002  0.000  0.136  0.002  0.003	1
  4:	0.005  0.068  0.004  0.012  0.084  0.606  0.002  0.002  0.070  0.107  0.024  0.001  0.011  0.001  0.002	1
  5:	0.016  0.478  0.003  0.003  0.003  0.008  0.003  0.007  0.005  0.003  0.006  0.014  0.011  0.435  0.007	12
  6:	0.002  0.002  0.002  0.004  0.966  0.002  0.002  0.003  0.002  0.002  0.002  0.002  0.005  0.001  0.004	21
  7:	0.001  0.001  0.001  0.001  0.001  0.001  0.001  0.001  0.990  0.001  0.001  0.000  0.001  0.001  0.001	20
  8:	0.004  0.002  0.009  0.944  0.006  0.008  0.002  0.003  0.008  0.005  0.003  0.001  0.003  0.001  0.001	20
  9:	0.002  0.042  0.001  0.001  0.001  0.001  0.001  0.936  0.001  0.001  0.001  0.001  0.002  0.008  0.002	21
 10:	0.001  0.038  0.000  0.000  0.001  0.000  0.000  0.001  0.001  0.001  0.000  0.709  0.000  0.246  0.001	21
 11:	0.030  0.016  0.010  0.006  0.005  0.011  0.007  0.005  0.007  0.008  0.011  0.003  0.020  0.005  0.857	21
 12:	0.002  0.325  0.001  0.001  0.001  0.001  0.001  0.001  0.001  0.001  0.001  0.042  0.002  0.621  0.001	6
 13:	0.003  0.584  0.003  0.005  0.005  0.004  0.003  0.003  0.002  0.003  0.005  0.008  0.003  0.366  0.003	12
 14:	0.003  0.001  0.003  0.003  0.005  0.003  0.004  0.005  0.004  0.005  0.005  0.001  0.957  0.001  0.002	14
 15:	0.002  0.001  0.002  0.003  0.001  0.005  0.001  0.001  0.001  0.002  0.979  0.001  0.001  0.000  0.001	21
 16:	0.015  0.575  0.005  0.006  0.022  0.045  0.008  0.004  0.008  0.003  0.003  0.005  0.010  0.141  0.150	10
 17:	0.001  0.850  0.001  0.001  0.001  0.001  0.001  0.001  0.001  0.001  0.001  0.001  0.001  0.139  0.001	3
 18:	0.003  0.822  0.003  0.002  0.002  0.003  0.009  0.003  0.002  0.004  0.002  0.001  0.002  0.139  0.003	1
 19:	0.004  0.001  0.026  0.023  0.003  0.894  0.003  0.007  0.003  0.004  0.013  0.001  0.004  0.001  0.014	21
 20:	0.004  0.001  0.002  0.002  0.003  0.004  0.003  0.005  0.013  0.944  0.002  0.001  0.006  0.002  0.010	21
 21:	0.002  0.001  0.005  0.030  0.005  0.010  0.011  0.007  0.003  0.899  0.018  0.001  0.008  0.001  0.002	21
 22:	0.004  0.001  0.969  0.002  0.003  0.004  0.002  0.002  0.002  0.002  0.003  0.001  0.002  0.001  0.002	21
 23:	0.004  0.045  0.004  0.004  0.006  0.003  0.005  0.003  0.003  0.006  0.008  0.032  0.003  0.870  0.004	22
 24:	0.001  0.010  0.001  0.001  0.001  0.001  0.976  0.001  0.001  0.001  0.001  0.000  0.001  0.003  0.001	20
 25:	0.969  0.009  0.001  0.001  0.001  0.001  0.001  0.001  0.001  0.001  0.002  0.001  0.002  0.003  0.004	20

  1:	0.017  0.008  0.002  0.003  0.789  0.007  0.010  0.001  0.003  0.004  0.004  0.088  0.011  0.014  0.041	10
  2:	0.024  0.017  0.008  0.017  0.016  0.018  0.016  0.769  0.019  0.008  0.032  0.007  0.028  0.014  0.007	18
  3:	0.001  0.001  0.002  0.002  0.003  0.001  0.002  0.000  0.003  0.002  0.000  0.004  0.109  0.865  0.004	1
  4:	0.003  0.053  0.002  0.073  0.018  0.035  0.001  0.000  0.004  0.063  0.001  0.003  0.015  0.687  0.041	1
  5:	0.020  0.005  0.008  0.003  0.003  0.007  0.008  0.872  0.003  0.005  0.043  0.007  0.008  0.002  0.007	12
  6:	0.002  0.002  0.003  0.002  0.003  0.002  0.004  0.002  0.002  0.003  0.001  0.006  0.002  0.003  0.964	21
  7:	0.001  0.989  0.001  0.001  0.001  0.001  0.001  0.001  0.001  0.001  0.000  0.001  0.001  0.001  0.001	20
  8:	0.005  0.024  0.002  0.006  0.840  0.004  0.002  0.003  0.004  0.007  0.001  0.024  0.032  0.002  0.044	20
  9:	0.002  0.001  0.934  0.001  0.001  0.001  0.002  0.049  0.001  0.002  0.001  0.002  0.001  0.001  0.001	21
 10:	0.001  0.001  0.001  0.001  0.001  0.001  0.001  0.222  0.001  0.001  0.768  0.001  0.001  0.000  0.001	21
 11:	0.029  0.006  0.004  0.005  0.007  0.008  0.865  0.021  0.006  0.009  0.003  0.014  0.010  0.010  0.005	21
 12:	0.002  0.001  0.001  0.001  0.001  0.001  0.001  0.802  0.001  0.001  0.185  0.001  0.001  0.002  0.001	6
 13:	0.003  0.002  0.003  0.004  0.006  0.007  0.003  0.929  0.004  0.003  0.015  0.004  0.005  0.004  0.007	12
 14:	0.004  0.004  0.006  0.004  0.004  0.004  0.002  0.001  0.004  0.007  0.001  0.948  0.003  0.004  0.004	14
 15:	0.002  0.001  0.001  0.002  0.002  0.978  0.001  0.000  0.001  0.001  0.001  0.001  0.003  0.002  0.001	21
 16:	0.021  0.006  0.004  0.003  0.007  0.003  0.119  0.732  0.010  0.003  0.003  0.010  0.017  0.047  0.015	10
 17:	0.001  0.001  0.001  0.001  0.001  0.001  0.001  0.981  0.001  0.001  0.005  0.001  0.001  0.002  0.001	3
 18:	0.002  0.001  0.004  0.002  0.002  0.002  0.002  0.967  0.006  0.002  0.001  0.002  0.003  0.002  0.001	1
 19:	0.004  0.002  0.006  0.003  0.036  0.015  0.013  0.000  0.002  0.003  0.001  0.004  0.896  0.011  0.003	21
 20:	0.003  0.004  0.005  0.008  0.002  0.003  0.011  0.003  0.004  0.940  0.001  0.006  0.003  0.004  0.003	21
 21:	0.002  0.004  0.005  0.851  0.005  0.006  0.001  0.000  0.004  0.103  0.001  0.004  0.011  0.002  0.003	21
 22:	0.004  0.001  0.007  0.003  0.952  0.014  0.002  0.001  0.002  0.003  0.002  0.001  0.004  0.002  0.002	21
 23:	0.007  0.006  0.005  0.011  0.009  0.015  0.011  0.707  0.011  0.008  0.184  0.004  0.003  0.002  0.016	22
 24:	0.001  0.001  0.001  0.001  0.001  0.001  0.001  0.014  0.974  0.001  0.000  0.001  0.001  0.001  0.001	20
 25:	0.967  0.001  0.001  0.001  0.001  0.002  0.004  0.012  0.001  0.002  0.001  0.002  0.001  0.002  0.001	20

  1:	0.019  0.020  0.006  0.001  0.003  0.842  0.002  0.031  0.004  0.019  0.019  0.003  0.004  0.003  0.024	10
  2:	0.028  0.009  0.013  0.545  0.009  0.025  0.250  0.019  0.013  0.008  0.021  0.012  0.006  0.029  0.014	18
  3:	0.018  0.138  0.001  0.000  0.002  0.003  0.004  0.814  0.009  0.003  0.002  0.001  0.002  0.001  0.002	1
  4:	0.003  0.082  0.078  0.000  0.002  0.010  0.004  0.686  0.091  0.006  0.003  0.001  0.014  0.002  0.017	1
  5:	0.012  0.005  0.005  0.581  0.009  0.004  0.335  0.008  0.003  0.003  0.012  0.012  0.004  0.003  0.006	12
  6:	0.004  0.963  0.001  0.002  0.003  0.006  0.001  0.002  0.002  0.003  0.001  0.001  0.003  0.002  0.005	21
  7:	0.001  0.001  0.990  0.001  0.001  0.001  0.001  0.001  0.001  0.001  0.001  0.000  0.001  0.001  0.001	20
  8:	0.002  0.004  0.007  0.002  0.002  0.945  0.001  0.008  0.005  0.010  0.003  0.001  0.006  0.002  0.003	20
  9:	0.002  0.001  0.001  0.048  0.936  0.001  0.001  0.001  0.001  0.001  0.001  0.001  0.002  0.001  0.001	21
 10:	0.001  0.000  0.001  0.053  0.001  0.000  0.238  0.000  0.000  0.000  0.001  0.702  0.000  0.000  0.000	21
 11:	0.872  0.007  0.007  0.017  0.005  0.006  0.004  0.012  0.007  0.013  0.022  0.003  0.011  0.007  0.009	21
 12:	0.002  0.001  0.001  0.404  0.001  0.001  0.561  0.001  0.001  0.001  0.002  0.024  0.001  0.001  0.001	6
 13:	0.005  0.004  0.002  0.699  0.004  0.005  0.254  0.003  0.004  0.003  0.002  0.006  0.002  0.003  0.004	12
 14:	0.009  0.768  0.023  0.001  0.059  0.006  0.001  0.013  0.014  0.005  0.011  0.001  0.081  0.006  0.003	14
 15:	0.002  0.001  0.001  0.000  0.001  0.002  0.000  0.005  0.002  0.002  0.001  0.001  0.001  0.001  0.979	21
 16:	0.169  0.025  0.006  0.663  0.003  0.005  0.045  0.050  0.003  0.005  0.010  0.004  0.003  0.006  0.003	10
 17:	0.001  0.001  0.001  0.987  0.001  0.001  0.002  0.001  0.001  0.001  0.001  0.001  0.001  0.001  0.001	3
 18:	0.003  0.002  0.002  0.960  0.003  0.002  0.002  0.003  0.003  0.003  0.002  0.001  0.003  0.009  0.002	1
 19:	0.017  0.003  0.003  0.000  0.007  0.024  0.001  0.898  0.003  0.022  0.003  0.001  0.004  0.003  0.012	21
 20:	0.016  0.003  0.005  0.001  0.006  0.002  0.002  0.003  0.007  0.002  0.002  0.001  0.943  0.004  0.003	21
 21:	0.002  0.003  0.004  0.000  0.006  0.005  0.000  0.012  0.850  0.003  0.001  0.001  0.103  0.004  0.005	21
 22:	0.003  0.002  0.002  0.000  0.002  0.002  0.001  0.005  0.002  0.970  0.003  0.001  0.002  0.002  0.003	21
 23:	0.005  0.004  0.003  0.098  0.003  0.004  0.836  0.003  0.003  0.003  0.003  0.017  0.005  0.006  0.007	22
 24:	0.002  0.001  0.001  0.012  0.001  0.001  0.001  0.001  0.001  0.001  0.001  0.000  0.001  0.976  0.001	20
 25:	0.006  0.001  0.001  0.010  0.001  0.002  0.001  0.002  0.001  0.002  0.967  0.001  0.001  0.001  0.002	20

  1:	0.016  0.004  0.007  0.008  0.086  0.003  0.014  0.796  0.044  0.004  0.002  0.002  0.003  0.010  0.002	10
  2:	0.028  0.024  0.013  0.014  0.005  0.008  0.020  0.020  0.009  0.020  0.454  0.009  0.018  0.017  0.342	18
  3:	0.798  0.001  0.002  0.001  0.143  0.002  0.001  0.004  0.030  0.001  0.002  0.001  0.004  0.009  0.001	1
  4:	0.676  0.002  0.019  0.070  0.010  0.012  0.003  0.007  0.101  0.001  0.001  0.003  0.090  0.002  0.003	1
  5:	0.009  0.003  0.004  0.005  0.010  0.004  0.014  0.003  0.005  0.022  0.558  0.007  0.003  0.007  0.348	12
  6:	0.003  0.002  0.002  0.002  0.006  0.003  0.001  0.003  0.965  0.001  0.001  0.003  0.002  0.004  0.002	21
  7:	0.001  0.001  0.001  0.989  0.001  0.001  0.001  0.001  0.001  0.000  0.001  0.001  0.001  0.001  0.001	20
  8:	0.027  0.004  0.004  0.026  0.025  0.007  0.004  0.842  0.045  0.001  0.002  0.002  0.007  0.002  0.003	20
  9:	0.002  0.001  0.001  0.001  0.002  0.002  0.001  0.001  0.001  0.001  0.019  0.935  0.001  0.001  0.030	21
 10:	0.001  0.001  0.000  0.001  0.000  0.001  0.001  0.001  0.001  0.725  0.240  0.001  0.000  0.001  0.027	21
 11:	0.014  0.006  0.007  0.006  0.019  0.010  0.022  0.008  0.005  0.003  0.010  0.005  0.006  0.865  0.014	21
 12:	0.001  0.001  0.001  0.001  0.002  0.001  0.001  0.001  0.001  0.080  0.674  0.001  0.001  0.001  0.235	6
 13:	0.005  0.004  0.005  0.002  0.003  0.002  0.002  0.005  0.005  0.010  0.523  0.003  0.004  0.004  0.423	12
 14:	0.005  0.004  0.004  0.004  0.945  0.008  0.003  0.004  0.005  0.001  0.001  0.008  0.005  0.002  0.002	14
 15:	0.006  0.001  0.860  0.001  0.001  0.002  0.001  0.002  0.001  0.001  0.000  0.001  0.002  0.001  0.119	21
 16:	0.054  0.009  0.003  0.006  0.010  0.003  0.012  0.006  0.021  0.004  0.305  0.004  0.003  0.147  0.412	10
 17:	0.001  0.001  0.001  0.001  0.001  0.001  0.001  0.001  0.001  0.003  0.375  0.001  0.001  0.001  0.612	3
 18:	0.004  0.008  0.002  0.002  0.003  0.003  0.002  0.002  0.001  0.001  0.367  0.003  0.002  0.003  0.596	1
 19:	0.902  0.003  0.013  0.003  0.004  0.003  0.003  0.036  0.003  0.001  0.001  0.007  0.003  0.014  0.005	21
 20:	0.005  0.004  0.003  0.005  0.006  0.941  0.002  0.002  0.003  0.001  0.002  0.005  0.008  0.012  0.002	21
 21:	0.014  0.004  0.006  0.004  0.004  0.102  0.001  0.005  0.003  0.001  0.000  0.005  0.848  0.001  0.002	21
 22:	0.006  0.002  0.012  0.001  0.001  0.003  0.003  0.950  0.002  0.001  0.001  0.007  0.003  0.002  0.004	21
 23:	0.004  0.008  0.007  0.004  0.003  0.005  0.003  0.006  0.008  0.073  0.825  0.003  0.007  0.005  0.039	22
 24:	0.001  0.975  0.001  0.001  0.001  0.001  0.001  0.001  0.001  0.000  0.005  0.001  0.001  0.001  0.008	20
 25:	0.002  0.001  0.002  0.001  0.002  0.002  0.967  0.002  0.001  0.001  0.006  0.001  0.001  0.005  0.007	20

  1:	0.006  0.000  0.022  0.006  0.014  0.019  0.001  0.003  0.029  0.003  0.846  0.019  0.024  0.002  0.006	10
  2:	0.012  0.500  0.007  0.006  0.010  0.007  0.002  0.031  0.021  0.009  0.025  0.017  0.010  0.331  0.011	18
  3:	0.004  0.000  0.173  0.003  0.005  0.004  0.009  0.002  0.790  0.001  0.005  0.001  0.002  0.000  0.001	1
  4:	0.003  0.000  0.095  0.104  0.001  0.007  0.004  0.003  0.677  0.001  0.011  0.005  0.014  0.001  0.076	1
  5:	0.013  0.550  0.005  0.003  0.006  0.003  0.032  0.003  0.011  0.009  0.003  0.010  0.004  0.344  0.005	12
  6:	0.004  0.002  0.964  0.003  0.002  0.003  0.000  0.002  0.003  0.002  0.005  0.001  0.006  0.001  0.001	21
  7:	0.001  0.001  0.001  0.001  0.001  0.001  0.000  0.001  0.001  0.000  0.001  0.001  0.001  0.001  0.991	20
  8:	0.004  0.001  0.004  0.005  0.002  0.009  0.003  0.003  0.007  0.001  0.950  0.003  0.003  0.000  0.006	20
  9:	0.938  0.048  0.001  0.002  0.001  0.001  0.001  0.001  0.001  0.001  0.001  0.001  0.001  0.001  0.001	21
 10:	0.001  0.046  0.000  0.000  0.001  0.000  0.244  0.000  0.000  0.697  0.000  0.001  0.000  0.007  0.001	21
 11:	0.009  0.017  0.007  0.012  0.875  0.013  0.001  0.007  0.012  0.003  0.006  0.018  0.009  0.004  0.007	21
 12:	0.001  0.418  0.002  0.001  0.002  0.001  0.497  0.001  0.001  0.012  0.001  0.002  0.001  0.059  0.001	6
 13:	0.004  0.683  0.004  0.003  0.004  0.003  0.037  0.003  0.003  0.007  0.005  0.002  0.004  0.237  0.002	12
 14:	0.070  0.001  0.784  0.060  0.005  0.004  0.001  0.005  0.020  0.001  0.006  0.012  0.003  0.001  0.025	14
 15:	0.002  0.000  0.001  0.002  0.001  0.002  0.000  0.002  0.005  0.001  0.002  0.001  0.979  0.000  0.001	21
 16:	0.006  0.638  0.024  0.003  0.135  0.005  0.001  0.008  0.048  0.004  0.006  0.013  0.003  0.099  0.007	10
 17:	0.001  0.986  0.001  0.001  0.001  0.001  0.003  0.001  0.001  0.001  0.001  0.001  0.001  0.001  0.001	3
 18:	0.004  0.962  0.002  0.003  0.002  0.003  0.001  0.009  0.003  0.001  0.002  0.002  0.002  0.002  0.002	1
 19:	0.010  0.000  0.003  0.003  0.015  0.026  0.000  0.003  0.895  0.001  0.024  0.003  0.013  0.001  0.003	21
 20:	0.007  0.001  0.003  0.948  0.009  0.002  0.001  0.003  0.003  0.001  0.002  0.003  0.002  0.003  0.013	21
 21:	0.009  0.000  0.007  0.898  0.002  0.006  0.000  0.013  0.009  0.001  0.030  0.001  0.020  0.001  0.003	21
 22:	0.004  0.000  0.002  0.002  0.003  0.971  0.000  0.002  0.004  0.001  0.002  0.002  0.003  0.001  0.002	21
 23:	0.003  0.044  0.002  0.002  0.002  0.002  0.006  0.003  0.002  0.007  0.003  0.002  0.005  0.915  0.002	22
 24:	0.001  0.011  0.001  0.001  0.001  0.001  0.001  0.977  0.001  0.000  0.001  0.001  0.001  0.001  0.001	20
 25:	0.002  0.009  0.001  0.001  0.005  0.002  0.001  0.001  0.002  0.001  0.001  0.968  0.002  0.003  0.001	20

