  1:	0.003  0.027  0.933  0.037	10
  2:	0.857  0.028  0.070  0.045	18
  3:	0.033  0.004  0.821  0.142	1
  4:	0.015  0.096  0.809  0.080	1
  5:	0.959  0.008  0.024  0.009	12
  6:	0.005  0.008  0.055  0.932	21
  7:	0.002  0.995  0.001  0.002	20
  8:	0.004  0.033  0.885  0.078	20
  9:	0.052  0.004  0.007  0.938	21
 10:	0.841  0.056  0.081  0.021	21
 11:	0.210  0.036  0.678  0.075	21
 12:	0.992  0.003  0.003  0.003	6
 13:	0.978  0.004  0.010  0.009	12
 14:	0.003  0.031  0.035  0.931	14
 15:	0.001  0.004  0.985  0.010	21
 16:	0.873  0.018  0.085  0.023	10
 17:	0.995  0.002  0.002  0.002	3
 18:	0.989  0.002  0.003  0.006	1
 19:	0.005  0.017  0.943  0.036	21
 20:	0.005  0.309  0.070  0.616	21
 21:	0.001  0.126  0.132  0.740	21
 22:	0.002  0.003  0.983  0.012	21
 23:	0.943  0.015  0.016  0.025	22
 24:	0.026  0.008  0.005  0.961	20
 25:	0.079  0.005  0.911  0.006	20

  1:	0.005  0.987  0.001  0.008	10
  2:	0.049  0.050  0.860  0.041	18
  3:	0.003  0.965  0.028  0.005	1
  4:	0.003  0.972  0.021  0.003	1
  5:	0.007  0.006  0.959  0.029	12
  6:	0.010  0.977  0.005  0.008	21
  7:	0.020  0.972  0.005  0.003	20
  8:	0.007  0.986  0.004  0.003	20
  9:	0.004  0.941  0.052  0.003	21
 10:	0.003  0.011  0.746  0.240	21
 11:	0.036  0.222  0.061  0.681	21
 12:	0.002  0.002  0.991  0.006	6
 13:	0.008  0.006  0.984  0.003	12
 14:	0.009  0.974  0.002  0.016	14
 15:	0.003  0.993  0.001  0.003	21
 16:	0.028  0.048  0.825  0.099	10
 17:	0.002  0.001  0.996  0.001	3
 18:	0.007  0.002  0.989  0.002	1
 19:	0.015  0.955  0.001  0.029	21
 20:	0.010  0.976  0.005  0.009	21
 21:	0.017  0.979  0.001  0.003	21
 22:	0.004  0.981  0.002  0.012	21
 23:	0.020  0.020  0.944  0.016	22
 24:	0.984  0.002  0.013  0.001	20
 25:	0.004  0.003  0.010  0.983	20

  1:	0.013  0.979  0.008  0.001	10
  2:	0.055  0.067  0.026  0.852	18
  3:	0.007  0.961  0.002  0.030	1
  4:	0.009  0.956  0.010  0.025	1
  5:	0.033  0.006  0.007  0.954	12
  6:	0.014  0.976  0.005  0.006	21
  7:	0.001  0.001  0.996  0.001	20
  8:	0.006  0.969  0.022  0.004	20
  9:	0.004  0.933  0.009  0.054	21
 10:	0.229  0.008  0.016  0.747	21
 11:	0.702  0.167  0.068  0.063	21
 12:	0.008  0.002  0.002  0.988	6
 13:	0.004  0.010  0.003  0.984	12
 14:	0.033  0.928  0.037  0.002	14
 15:	0.005  0.991  0.003  0.001	21
 16:	0.118  0.035  0.016  0.831	10
 17:	0.002  0.002  0.001  0.995	3
 18:	0.003  0.004  0.002  0.992	1
 19:	0.036  0.953  0.010  0.002	21
 20:	0.016  0.732  0.247  0.005	21
 21:	0.004  0.931  0.064  0.001	21
 22:	0.015  0.980  0.003  0.002	21
 23:	0.019  0.026  0.014  0.941	22
 24:	0.006  0.944  0.013  0.037	20
 25:	0.984  0.003  0.002  0.010	20

  1:	0.015  0.983  0.002  0.001	10
  2:	0.063  0.080  0.039  0.818	18
  3:	0.004  0.957  0.001  0.038	1
  4:	0.015  0.952  0.001  0.033	1
  5:	0.022  0.019  0.052  0.907	12
  6:	0.015  0.979  0.002  0.005	21
  7:	0.989  0.010  0.001  0.001	20
  8:	0.010  0.986  0.001  0.003	20
  9:	0.006  0.939  0.003  0.053	21
 10:	0.002  0.001  0.777  0.220	21
 11:	0.837  0.070  0.025  0.068	21
 12:	0.002  0.001  0.177  0.819	6
 13:	0.005  0.008  0.024  0.963	12
 14:	0.097  0.899  0.002  0.002	14
 15:	0.004  0.994  0.001  0.001	21
 16:	0.143  0.023  0.007  0.827	10
 17:	0.001  0.001  0.003  0.995	3
 18:	0.003  0.003  0.002  0.993	1
 19:	0.032  0.963  0.003  0.003	21
 20:	0.217  0.777  0.003  0.004	21
 21:	0.029  0.968  0.001  0.001	21
 22:	0.007  0.989  0.003  0.001	21
 23:	0.019  0.027  0.213  0.741	22
 24:	0.019  0.944  0.002  0.035	20
 25:	0.972  0.009  0.003  0.016	20

  1:	0.982  0.001  0.013  0.005	10
  2:	0.046  0.857  0.051  0.046	18
  3:	0.971  0.025  0.002  0.002	1
  4:	0.972  0.020  0.005  0.003	1
  5:	0.012  0.964  0.014  0.011	12
  6:	0.969  0.006  0.013  0.013	21
  7:	0.013  0.001  0.980  0.006	20
  8:	0.984  0.004  0.007  0.005	20
  9:	0.940  0.053  0.004  0.003	21
 10:	0.009  0.750  0.240  0.002	21
 11:	0.061  0.073  0.844  0.022	21
 12:	0.003  0.991  0.005  0.001	6
 13:	0.007  0.983  0.003  0.007	12
 14:	0.921  0.002  0.068  0.009	14
 15:	0.994  0.001  0.003  0.002	21
 16:	0.039  0.830  0.104  0.026	10
 17:	0.001  0.996  0.001  0.001	3
 18:	0.002  0.989  0.002  0.007	1
 19:	0.951  0.002  0.031  0.017	21
 20:	0.800  0.004  0.186  0.010	21
 21:	0.959  0.001  0.021  0.018	21
 22:	0.989  0.002  0.005  0.003	21
 23:	0.021  0.940  0.021  0.017	22
 24:	0.003  0.013  0.001  0.983	20
 25:	0.008  0.016  0.973  0.004	20

  1:	0.014  0.974  0.001  0.010	10
  2:	0.044  0.059  0.849  0.048	18
  3:	0.004  0.967  0.025  0.004	1
  4:	0.013  0.961  0.020  0.005	1
  5:	0.007  0.007  0.955  0.032	12
  6:	0.019  0.964  0.006  0.011	21
  7:	0.994  0.003  0.001  0.002	20
  8:	0.029  0.963  0.004  0.005	20
  9:	0.008  0.935  0.054  0.003	21
 10:	0.010  0.010  0.746  0.234	21
 11:	0.150  0.096  0.060  0.694	21
 12:	0.002  0.003  0.988  0.007	6
 13:	0.005  0.010  0.981  0.003	12
 14:	0.054  0.916  0.003  0.027	14
 15:	0.003  0.992  0.001  0.004	21
 16:	0.023  0.046  0.828  0.102	10
 17:	0.002  0.002  0.995  0.002	3
 18:	0.005  0.003  0.990  0.002	1
 19:	0.035  0.932  0.002  0.032	21
 20:	0.325  0.659  0.004  0.012	21
 21:	0.159  0.836  0.001  0.003	21
 22:	0.004  0.982  0.002  0.011	21
 23:	0.027  0.021  0.935  0.016	22
 24:	0.976  0.004  0.017  0.003	20
 25:	0.004  0.004  0.010  0.982	20

  1:	0.977  0.012  0.010  0.001	10
  2:	0.062  0.039  0.049  0.850	18
  3:	0.968  0.002  0.005  0.026	1
  4:	0.963  0.010  0.005  0.022	1
  5:	0.007  0.006  0.031  0.956	12
  6:	0.967  0.016  0.012  0.006	21
  7:	0.003  0.994  0.002  0.001	20
  8:	0.967  0.025  0.005  0.004	20
  9:	0.937  0.007  0.003  0.054	21
 10:	0.012  0.009  0.231  0.748	21
 11:	0.103  0.138  0.700  0.059	21
 12:	0.003  0.002  0.007  0.988	6
 13:	0.010  0.005  0.003  0.982	12
 14:	0.931  0.041  0.025  0.003	14
 15:	0.993  0.003  0.003  0.001	21
 16:	0.043  0.020  0.108  0.830	10
 17:	0.002  0.001  0.002  0.995	3
 18:	0.003  0.004  0.002  0.991	1
 19:	0.938  0.028  0.032  0.002	21
 20:	0.671  0.313  0.012  0.004	21
 21:	0.852  0.143  0.003  0.001	21
 22:	0.984  0.003  0.011  0.002	21
 23:	0.021  0.025  0.016  0.937	22
 24:	0.005  0.976  0.002  0.017	20
 25:	0.004  0.003  0.983  0.010	20

  1:	0.013  0.007  0.001  0.979	10
  2:	0.052  0.027  0.853  0.069	18
  3:	0.006  0.002  0.030  0.962	1
  4:	0.008  0.012  0.025  0.955	1
  5:	0.032  0.007  0.954  0.006	12
  6:	0.013  0.005  0.006  0.976	21
  7:	0.001  0.996  0.001  0.001	20
  8:	0.006  0.021  0.004  0.969	20
  9:	0.004  0.009  0.054  0.934	21
 10:	0.232  0.015  0.746  0.007	21
 11:	0.706  0.066  0.064  0.164	21
 12:	0.009  0.002  0.987  0.002	6
 13:	0.004  0.003  0.983  0.010	12
 14:	0.032  0.037  0.002  0.929	14
 15:	0.005  0.003  0.001  0.991	21
 16:	0.117  0.016  0.831  0.036	10
 17:	0.002  0.002  0.995  0.001	3
 18:	0.002  0.002  0.992  0.003	1
 19:	0.035  0.009  0.002  0.954	21
 20:	0.015  0.247  0.005  0.733	21
 21:	0.004  0.065  0.001  0.930	21
 22:	0.015  0.003  0.002  0.980	21
 23:	0.019  0.014  0.943  0.025	22
 24:	0.006  0.013  0.038  0.943	20
 25:	0.985  0.002  0.010  0.003	20

  1:	0.973  0.017  0.009  0.001	10
  2:	0.057  0.061  0.025  0.858	18
  3:	0.971  0.004  0.002  0.023	1
  4:	0.963  0.005  0.012  0.019	1
  5:	0.006  0.029  0.006  0.959	12
  6:	0.964  0.022  0.007  0.006	21
  7:	0.001  0.001  0.996  0.001	20
  8:	0.967  0.008  0.020  0.004	20
  9:	0.935  0.004  0.007  0.054	21
 10:	0.050  0.078  0.044  0.828	21
 11:	0.058  0.820  0.051  0.071	21
 12:	0.002  0.002  0.002  0.994	6
 13:	0.008  0.005  0.002  0.985	12
 14:	0.917  0.041  0.040  0.002	14
 15:	0.994  0.003  0.003  0.001	21
 16:	0.053  0.092  0.013  0.843	10
 17:	0.002  0.001  0.001  0.996	3
 18:	0.003  0.004  0.002  0.992	1
 19:	0.929  0.058  0.011  0.001	21
 20:	0.722  0.024  0.249  0.005	21
 21:	0.922  0.007  0.069  0.001	21
 22:	0.989  0.006  0.002  0.002	21
 23:	0.022  0.018  0.011  0.949	22
 24:	0.017  0.966  0.005  0.012	20
 25:	0.006  0.980  0.002  0.012	20

  1:	0.004  0.035  0.026  0.934	10
  2:	0.852  0.042  0.045  0.062	18
  3:	0.050  0.092  0.011  0.847	1
  4:	0.028  0.225  0.006  0.741	1
  5:	0.955  0.008  0.031  0.006	12
  6:	0.004  0.761  0.019  0.216	21
  7:	0.003  0.991  0.003  0.004	20
  8:	0.005  0.037  0.007  0.952	20
  9:	0.051  0.923  0.005  0.021	21
 10:	0.750  0.011  0.230  0.009	21
 11:	0.066  0.185  0.668  0.081	21
 12:	0.988  0.003  0.007  0.002	6
 13:	0.979  0.005  0.004  0.012	12
 14:	0.002  0.917  0.049  0.032	14
 15:	0.001  0.003  0.002  0.993	21
 16:	0.832  0.017  0.108  0.043	10
 17:	0.995  0.002  0.002  0.002	3
 18:	0.991  0.004  0.002  0.003	1
 19:	0.003  0.056  0.037  0.904	21
 20:	0.004  0.972  0.010  0.014	21
 21:	0.001  0.783  0.004  0.212	21
 22:	0.003  0.007  0.007  0.983	21
 23:	0.938  0.026  0.017  0.019	22
 24:	0.024  0.965  0.004  0.007	20
 25:	0.011  0.003  0.982  0.004	20

