  1:	0.047  0.002  0.020  0.021  0.005  0.905	10
  2:	0.025  0.798  0.044  0.044  0.038  0.051	18
  3:	0.206  0.038  0.002  0.005  0.001  0.748	1
  4:	0.160  0.030  0.057  0.006  0.001  0.746	1
  5:	0.013  0.892  0.006  0.033  0.050  0.006	12
  6:	0.941  0.003  0.014  0.013  0.002  0.027	21
  7:	0.003  0.001  0.991  0.002  0.001  0.002	20
  8:	0.032  0.004  0.026  0.005  0.001  0.931	20
  9:	0.941  0.050  0.002  0.002  0.001  0.003	21
 10:	0.002  0.222  0.001  0.001  0.773  0.001	21
 11:	0.103  0.051  0.095  0.660  0.021  0.071	21
 12:	0.002  0.810  0.001  0.002  0.184  0.001	6
 13:	0.007  0.952  0.005  0.004  0.020  0.011	12
 14:	0.933  0.002  0.025  0.029  0.001  0.010	14
 15:	0.004  0.001  0.002  0.002  0.001  0.991	21
 16:	0.021  0.796  0.021  0.117  0.006  0.039	10
 17:	0.001  0.991  0.001  0.001  0.004  0.001	3
 18:	0.003  0.987  0.003  0.002  0.002  0.003	1
 19:	0.022  0.002  0.037  0.032  0.005  0.901	21
 20:	0.545  0.003  0.407  0.012  0.002  0.030	21
 21:	0.463  0.001  0.229  0.003  0.001  0.302	21
 22:	0.010  0.001  0.003  0.005  0.003  0.978	21
 23:	0.020  0.730  0.022  0.011  0.201  0.016	22
 24:	0.004  0.017  0.973  0.002  0.001  0.003	20
 25:	0.003  0.009  0.002  0.981  0.001  0.003	20

  1:	0.025  0.002  0.902  0.042  0.007  0.022	10
  2:	0.025  0.845  0.042  0.016  0.040  0.033	18
  3:	0.002  0.024  0.749  0.215  0.002  0.007	1
  4:	0.078  0.016  0.789  0.108  0.002  0.006	1
  5:	0.007  0.949  0.006  0.006  0.005  0.027	12
  6:	0.008  0.003  0.021  0.946  0.009  0.012	21
  7:	0.995  0.001  0.001  0.001  0.001  0.001	20
  8:	0.032  0.004  0.920  0.031  0.008  0.005	20
  9:	0.003  0.050  0.003  0.939  0.002  0.003	21
 10:	0.022  0.766  0.012  0.010  0.003  0.186	21
 11:	0.064  0.060  0.068  0.088  0.028  0.692	21
 12:	0.002  0.988  0.002  0.002  0.001  0.005	6
 13:	0.003  0.975  0.008  0.005  0.007  0.003	12
 14:	0.023  0.002  0.009  0.936  0.009  0.021	14
 15:	0.003  0.001  0.990  0.003  0.002  0.002	21
 16:	0.013  0.813  0.032  0.016  0.024  0.101	10
 17:	0.001  0.993  0.001  0.001  0.001  0.001	3
 18:	0.002  0.983  0.002  0.002  0.008  0.002	1
 19:	0.015  0.002  0.908  0.020  0.022  0.032	21
 20:	0.323  0.004  0.044  0.602  0.013  0.015	21
 21:	0.106  0.001  0.346  0.518  0.026  0.003	21
 22:	0.003  0.002  0.976  0.010  0.004  0.006	21
 23:	0.013  0.933  0.015  0.013  0.016  0.011	22
 24:	0.002  0.013  0.002  0.002  0.979  0.001	20
 25:	0.002  0.010  0.003  0.002  0.003  0.980	20

  1:	0.027  0.020  0.043  0.900  0.002  0.008	10
  2:	0.037  0.023  0.016  0.044  0.842  0.038	18
  3:	0.008  0.002  0.212  0.753  0.022  0.002	1
  4:	0.009  0.079  0.106  0.787  0.015  0.003	1
  5:	0.029  0.006  0.007  0.005  0.948  0.005	12
  6:	0.015  0.007  0.944  0.022  0.003  0.009	21
  7:	0.001  0.994  0.001  0.001  0.001  0.001	20
  8:	0.006  0.028  0.031  0.922  0.004  0.008	20
  9:	0.003  0.002  0.939  0.003  0.050  0.002	21
 10:	0.220  0.014  0.007  0.007  0.749  0.003	21
 11:	0.700  0.055  0.090  0.069  0.059  0.026	21
 12:	0.007  0.002  0.003  0.002  0.986  0.001	6
 13:	0.003  0.002  0.005  0.009  0.973  0.007	12
 14:	0.025  0.020  0.936  0.009  0.002  0.009	14
 15:	0.002  0.002  0.003  0.990  0.001  0.002	21
 16:	0.112  0.012  0.014  0.032  0.807  0.023	10
 17:	0.002  0.001  0.001  0.001  0.993  0.002	3
 18:	0.002  0.002  0.003  0.002  0.983  0.008	1
 19:	0.039  0.014  0.019  0.906  0.002  0.020	21
 20:	0.020  0.314  0.606  0.045  0.004  0.011	21
 21:	0.004  0.094  0.524  0.353  0.001  0.024	21
 22:	0.007  0.002  0.009  0.976  0.002  0.004	21
 23:	0.016  0.010  0.014  0.016  0.928  0.017	22
 24:	0.002  0.002  0.002  0.002  0.013  0.980	20
 25:	0.980  0.002  0.002  0.003  0.010  0.003	20

  1:	0.003  0.008  0.020  0.904  0.022  0.043	10
  2:	0.847  0.038  0.023  0.046  0.032  0.015	18
  3:	0.029  0.002  0.002  0.755  0.007  0.204	1
  4:	0.021  0.003  0.079  0.795  0.007  0.095	1
  5:	0.950  0.005  0.006  0.005  0.027  0.006	12
  6:	0.004  0.009  0.007  0.022  0.011  0.948	21
  7:	0.001  0.001  0.995  0.001  0.001  0.001	20
  8:	0.004  0.009  0.028  0.923  0.005  0.030	20
  9:	0.051  0.002  0.002  0.003  0.003  0.940	21
 10:	0.759  0.003  0.016  0.011  0.202  0.009	21
 11:	0.063  0.027  0.053  0.070  0.694  0.094	21
 12:	0.988  0.001  0.002  0.002  0.005  0.002	6
 13:	0.975  0.007  0.002  0.008  0.003  0.005	12
 14:	0.002  0.009  0.019  0.009  0.022  0.939	14
 15:	0.001  0.002  0.002  0.990  0.002  0.003	21
 16:	0.813  0.023  0.012  0.034  0.105  0.013	10
 17:	0.993  0.002  0.001  0.001  0.001  0.001	3
 18:	0.983  0.008  0.002  0.003  0.002  0.002	1
 19:	0.003  0.022  0.012  0.910  0.035  0.018	21
 20:	0.005  0.012  0.314  0.042  0.018  0.611	21
 21:	0.001  0.026  0.095  0.352  0.003  0.522	21
 22:	0.002  0.004  0.002  0.977  0.006  0.008	21
 23:	0.932  0.017  0.010  0.015  0.012  0.014	22
 24:	0.014  0.980  0.002  0.002  0.001  0.002	20
 25:	0.010  0.003  0.002  0.003  0.980  0.002	20

  1:	0.048  0.018  0.002  0.009  0.022  0.901	10
  2:	0.016  0.024  0.845  0.038  0.032  0.045	18
  3:	0.211  0.002  0.025  0.003  0.006  0.753	1
  4:	0.112  0.073  0.018  0.003  0.006  0.788	1
  5:	0.008  0.006  0.949  0.005  0.027  0.006	12
  6:	0.949  0.007  0.003  0.009  0.012  0.021	21
  7:	0.001  0.994  0.001  0.001  0.001  0.001	20
  8:	0.034  0.028  0.004  0.009  0.006  0.919	20
  9:	0.941  0.002  0.050  0.002  0.002  0.003	21
 10:	0.011  0.015  0.755  0.003  0.207  0.009	21
 11:	0.100  0.052  0.060  0.026  0.691  0.072	21
 12:	0.003  0.002  0.987  0.001  0.006  0.002	6
 13:	0.006  0.002  0.974  0.007  0.003  0.009	12
 14:	0.939  0.020  0.002  0.009  0.022  0.009	14
 15:	0.004  0.002  0.001  0.002  0.002  0.990	21
 16:	0.015  0.011  0.812  0.022  0.103  0.037	10
 17:	0.001  0.001  0.993  0.001  0.001  0.001	3
 18:	0.003  0.002  0.984  0.007  0.002  0.002	1
 19:	0.022  0.012  0.002  0.021  0.035  0.907	21
 20:	0.608  0.312  0.004  0.012  0.015  0.048	21
 21:	0.523  0.095  0.001  0.025  0.003  0.352	21
 22:	0.010  0.002  0.002  0.004  0.006  0.976	21
 23:	0.016  0.011  0.930  0.016  0.013  0.014	22
 24:	0.002  0.001  0.013  0.980  0.001  0.002	20
 25:	0.003  0.002  0.010  0.003  0.980  0.003	20

  1:	0.027  0.008  0.038  0.905  0.002  0.020	10
  2:	0.035  0.039  0.017  0.044  0.843  0.023	18
  3:	0.011  0.003  0.196  0.762  0.026  0.001	1
  4:	0.010  0.002  0.063  0.813  0.019  0.093	1
  5:	0.030  0.005  0.007  0.005  0.948  0.005	12
  6:	0.014  0.009  0.945  0.022  0.003  0.006	21
  7:	0.001  0.001  0.001  0.001  0.001  0.994	20
  8:	0.006  0.009  0.030  0.925  0.004  0.027	20
  9:	0.003  0.002  0.940  0.003  0.050  0.002	21
 10:	0.222  0.003  0.007  0.007  0.748  0.013	21
 11:	0.703  0.026  0.094  0.066  0.060  0.051	21
 12:	0.007  0.001  0.002  0.002  0.986  0.002	6
 13:	0.003  0.007  0.005  0.009  0.974  0.002	12
 14:	0.025  0.009  0.936  0.010  0.002  0.019	14
 15:	0.002  0.002  0.003  0.990  0.001  0.002	21
 16:	0.110  0.024  0.013  0.034  0.808  0.011	10
 17:	0.002  0.002  0.001  0.001  0.993  0.001	3
 18:	0.002  0.008  0.003  0.002  0.984  0.002	1
 19:	0.040  0.020  0.019  0.908  0.002  0.011	21
 20:	0.021  0.011  0.608  0.046  0.004  0.310	21
 21:	0.004  0.025  0.522  0.357  0.001  0.090	21
 22:	0.007  0.004  0.009  0.976  0.002  0.002	21
 23:	0.015  0.016  0.014  0.015  0.929  0.011	22
 24:	0.002  0.979  0.002  0.002  0.014  0.001	20
 25:	0.981  0.003  0.002  0.003  0.010  0.002	20

  1:	0.002  0.003  0.025  0.020  0.010  0.940	10
  2:	0.822  0.036  0.019  0.024  0.044  0.055	18
  3:	0.046  0.001  0.103  0.003  0.003  0.844	1
  4:	0.028  0.001  0.033  0.106  0.003  0.828	1
  5:	0.909  0.047  0.014  0.008  0.007  0.014	12
  6:	0.002  0.001  0.939  0.004  0.010  0.043	21
  7:	0.002  0.000  0.001  0.995  0.001  0.001	20
  8:	0.004  0.001  0.017  0.027  0.008  0.943	20
  9:	0.049  0.001  0.936  0.004  0.002  0.008	21
 10:	0.224  0.772  0.001  0.001  0.001  0.001	21
 11:	0.103  0.032  0.814  0.020  0.008  0.023	21
 12:	0.823  0.172  0.001  0.002  0.001  0.001	6
 13:	0.959  0.019  0.005  0.003  0.007  0.008	12
 14:	0.001  0.001  0.966  0.016  0.009  0.007	14
 15:	0.001  0.001  0.003  0.002  0.002  0.992	21
 16:	0.849  0.010  0.072  0.014  0.021  0.033	10
 17:	0.993  0.003  0.001  0.001  0.001  0.001	3
 18:	0.986  0.001  0.002  0.002  0.007  0.002	1
 19:	0.005  0.005  0.042  0.011  0.022  0.915	21
 20:	0.004  0.002  0.702  0.235  0.012  0.047	21
 21:	0.002  0.001  0.216  0.151  0.032  0.598	21
 22:	0.001  0.003  0.006  0.002  0.004  0.984	21
 23:	0.748  0.195  0.015  0.009  0.017  0.017	22
 24:	0.014  0.001  0.002  0.001  0.980  0.002	20
 25:	0.027  0.006  0.957  0.002  0.003  0.005	20

  1:	0.028  0.020  0.900  0.008  0.002  0.042	10
  2:	0.035  0.023  0.047  0.039  0.842  0.014	18
  3:	0.010  0.002  0.762  0.003  0.030  0.192	1
  4:	0.012  0.078  0.783  0.004  0.020  0.104	1
  5:	0.029  0.006  0.005  0.005  0.948  0.007	12
  6:	0.015  0.007  0.021  0.010  0.003  0.944	21
  7:	0.001  0.994  0.001  0.001  0.001  0.001	20
  8:	0.007  0.027  0.925  0.009  0.004  0.028	20
  9:	0.003  0.002  0.003  0.002  0.050  0.940	21
 10:	0.217  0.014  0.009  0.003  0.750  0.006	21
 11:	0.703  0.052  0.073  0.026  0.060  0.087	21
 12:	0.006  0.002  0.002  0.001  0.987  0.002	6
 13:	0.003  0.002  0.009  0.007  0.973  0.005	12
 14:	0.026  0.020  0.009  0.009  0.002  0.935	14
 15:	0.002  0.002  0.990  0.002  0.001  0.003	21
 16:	0.112  0.012  0.033  0.024  0.806  0.013	10
 17:	0.002  0.001  0.001  0.002  0.993  0.001	3
 18:	0.002  0.002  0.002  0.007  0.983  0.003	1
 19:	0.040  0.012  0.904  0.022  0.002  0.021	21
 20:	0.020  0.315  0.043  0.012  0.004  0.606	21
 21:	0.004  0.092  0.360  0.025  0.001  0.518	21
 22:	0.007  0.002  0.975  0.004  0.002  0.009	21
 23:	0.016  0.011  0.015  0.016  0.928  0.014	22
 24:	0.002  0.002  0.002  0.979  0.014  0.002	20
 25:	0.980  0.002  0.003  0.003  0.010  0.002	20

  1:	0.003  0.039  0.022  0.007  0.908  0.021	10
  2:	0.846  0.016  0.033  0.037  0.045  0.023	18
  3:	0.033  0.189  0.006  0.004  0.767  0.002	1
  4:	0.021  0.092  0.005  0.003  0.797  0.082	1
  5:	0.950  0.007  0.028  0.005  0.005  0.006	12
  6:	0.004  0.948  0.012  0.010  0.021  0.006	21
  7:	0.001  0.001  0.001  0.001  0.001  0.995	20
  8:	0.004  0.029  0.005  0.008  0.928  0.025	20
  9:	0.051  0.940  0.002  0.002  0.003  0.002	21
 10:	0.759  0.010  0.204  0.003  0.010  0.015	21
 11:	0.062  0.092  0.695  0.027  0.074  0.051	21
 12:	0.989  0.002  0.005  0.001  0.002  0.002	6
 13:	0.975  0.005  0.003  0.006  0.008  0.002	12
 14:	0.002  0.940  0.021  0.009  0.009  0.019	14
 15:	0.001  0.003  0.002  0.002  0.990  0.002	21
 16:	0.815  0.014  0.103  0.022  0.034  0.012	10
 17:	0.994  0.001  0.001  0.001  0.001  0.001	3
 18:	0.985  0.002  0.002  0.007  0.002  0.002	1
 19:	0.003  0.018  0.032  0.021  0.913  0.012	21
 20:	0.005  0.610  0.016  0.012  0.045  0.313	21
 21:	0.001  0.520  0.003  0.026  0.356  0.092	21
 22:	0.002  0.008  0.005  0.004  0.978  0.002	21
 23:	0.933  0.014  0.012  0.017  0.015  0.010	22
 24:	0.014  0.002  0.001  0.980  0.002  0.001	20
 25:	0.010  0.002  0.980  0.003  0.003  0.002	20

  1:	0.024  0.023  0.906  0.008  0.002  0.037	10
  2:	0.026  0.033  0.044  0.041  0.842  0.015	18
  3:	0.003  0.009  0.765  0.003  0.027  0.193	1
  4:	0.096  0.006  0.811  0.003  0.018  0.067	1
  5:	0.007  0.027  0.006  0.005  0.948  0.007	12
  6:	0.009  0.011  0.023  0.010  0.003  0.943	21
  7:	0.995  0.001  0.001  0.001  0.001  0.001	20
  8:	0.032  0.006  0.922  0.009  0.004  0.028	20
  9:	0.003  0.002  0.003  0.002  0.050  0.939	21
 10:	0.017  0.211  0.008  0.003  0.753  0.008	21
 11:	0.057  0.698  0.068  0.027  0.060  0.090	21
 12:	0.002  0.005  0.002  0.001  0.987  0.002	6
 13:	0.003  0.003  0.008  0.007  0.974  0.006	12
 14:	0.027  0.022  0.009  0.009  0.002  0.932	14
 15:	0.003  0.002  0.990  0.002  0.001  0.003	21
 16:	0.014  0.106  0.033  0.024  0.808  0.014	10
 17:	0.002  0.001  0.001  0.001  0.993  0.001	3
 18:	0.002  0.002  0.002  0.006  0.985  0.003	1
 19:	0.016  0.035  0.906  0.022  0.002  0.019	21
 20:	0.320  0.017  0.047  0.012  0.004  0.600	21
 21:	0.103  0.003  0.360  0.025  0.001  0.507	21
 22:	0.003  0.006  0.977  0.004  0.002  0.009	21
 23:	0.013  0.013  0.015  0.017  0.928  0.014	22
 24:	0.002  0.001  0.002  0.980  0.013  0.002	20
 25:	0.002  0.980  0.003  0.003  0.010  0.002	20

