  1:	0.023  0.907  0.038  0.002  0.019  0.004  0.006	10
  2:	0.040  0.043  0.016  0.799  0.027  0.034  0.040	18
  3:	0.006  0.759  0.193  0.037  0.002  0.001  0.002	1
  4:	0.010  0.797  0.079  0.028  0.082  0.001  0.003	1
  5:	0.033  0.006  0.009  0.896  0.008  0.044  0.004	12
  6:	0.016  0.019  0.947  0.003  0.006  0.001  0.009	21
  7:	0.001  0.001  0.001  0.001  0.994  0.000  0.001	20
  8:	0.006  0.927  0.030  0.004  0.024  0.001  0.007	20
  9:	0.003  0.003  0.940  0.050  0.002  0.001  0.002	21
 10:	0.002  0.001  0.001  0.224  0.001  0.771  0.001	21
 11:	0.682  0.075  0.094  0.050  0.057  0.019  0.023	21
 12:	0.002  0.001  0.001  0.817  0.001  0.176  0.001	6
 13:	0.004  0.010  0.006  0.952  0.002  0.019  0.006	12
 14:	0.027  0.008  0.935  0.001  0.019  0.001  0.008	14
 15:	0.002  0.990  0.003  0.001  0.002  0.001  0.002	21
 16:	0.120  0.039  0.014  0.793  0.011  0.005  0.018	10
 17:	0.001  0.001  0.001  0.991  0.001  0.004  0.001	3
 18:	0.002  0.002  0.003  0.982  0.002  0.001  0.007	1
 19:	0.036  0.914  0.016  0.002  0.011  0.005  0.016	21
 20:	0.019  0.045  0.607  0.003  0.313  0.003  0.010	21
 21:	0.004  0.348  0.530  0.001  0.094  0.001  0.022	21
 22:	0.005  0.977  0.009  0.001  0.002  0.003  0.004	21
 23:	0.011  0.015  0.016  0.737  0.009  0.196  0.017	22
 24:	0.002  0.002  0.002  0.013  0.001  0.001  0.980	20
 25:	0.981  0.003  0.002  0.009  0.002  0.001  0.002	20

  1:	0.021  0.002  0.009  0.033  0.912  0.006  0.016	10
  2:	0.033  0.848  0.015  0.014  0.038  0.033  0.019	18
  3:	0.008  0.020  0.016  0.182  0.771  0.002  0.002	1
  4:	0.007  0.010  0.102  0.029  0.785  0.002  0.064	1
  5:	0.027  0.952  0.004  0.005  0.004  0.004  0.004	12
  6:	0.009  0.002  0.007  0.950  0.021  0.007  0.004	21
  7:	0.001  0.001  0.001  0.001  0.001  0.001  0.994	20
  8:	0.005  0.004  0.019  0.019  0.928  0.006  0.020	20
  9:	0.003  0.050  0.007  0.934  0.003  0.001  0.002	21
 10:	0.211  0.755  0.013  0.005  0.005  0.002  0.009	21
 11:	0.713  0.058  0.052  0.053  0.055  0.023  0.045	21
 12:	0.005  0.988  0.001  0.002  0.002  0.001  0.001	6
 13:	0.003  0.977  0.004  0.003  0.006  0.005  0.002	12
 14:	0.026  0.001  0.029  0.902  0.012  0.009  0.021	14
 15:	0.002  0.001  0.008  0.002  0.984  0.001  0.002	21
 16:	0.109  0.809  0.004  0.016  0.031  0.021  0.010	10
 17:	0.001  0.993  0.001  0.001  0.001  0.001  0.001	3
 18:	0.002  0.985  0.002  0.002  0.002  0.005  0.001	1
 19:	0.029  0.002  0.010  0.014  0.922  0.016  0.007	21
 20:	0.007  0.004  0.935  0.019  0.004  0.004  0.026	21
 21:	0.003  0.001  0.938  0.011  0.030  0.013  0.004	21
 22:	0.006  0.002  0.005  0.008  0.975  0.003  0.002	21
 23:	0.012  0.934  0.013  0.010  0.011  0.013  0.007	22
 24:	0.001  0.013  0.001  0.002  0.001  0.980  0.001	20
 25:	0.981  0.009  0.002  0.002  0.002  0.002  0.001	20

  1:	0.009  0.002  0.016  0.915  0.034  0.009  0.017	10
  2:	0.039  0.850  0.019  0.039  0.012  0.013  0.029	18
  3:	0.004  0.024  0.003  0.789  0.160  0.015  0.006	1
  4:	0.004  0.012  0.065  0.784  0.038  0.092  0.004	1
  5:	0.004  0.952  0.005  0.004  0.005  0.004  0.025	12
  6:	0.009  0.002  0.004  0.019  0.951  0.008  0.007	21
  7:	0.001  0.001  0.994  0.001  0.001  0.001  0.001	20
  8:	0.008  0.004  0.020  0.927  0.020  0.017  0.003	20
  9:	0.002  0.050  0.002  0.003  0.934  0.007  0.002	21
 10:	0.003  0.771  0.010  0.010  0.007  0.023  0.176	21
 11:	0.029  0.059  0.046  0.055  0.052  0.057  0.703	21
 12:	0.001  0.989  0.001  0.001  0.002  0.001  0.004	6
 13:	0.007  0.975  0.002  0.006  0.004  0.005  0.002	12
 14:	0.012  0.001  0.022  0.012  0.897  0.035  0.020	14
 15:	0.002  0.001  0.002  0.984  0.002  0.009  0.001	21
 16:	0.024  0.814  0.009  0.032  0.018  0.004  0.100	10
 17:	0.001  0.994  0.001  0.001  0.001  0.001  0.001	3
 18:	0.007  0.985  0.001  0.002  0.002  0.002  0.001	1
 19:	0.020  0.002  0.008  0.923  0.012  0.010  0.025	21
 20:	0.006  0.004  0.017  0.003  0.006  0.960  0.005	21
 21:	0.019  0.001  0.005  0.047  0.017  0.910  0.002	21
 22:	0.004  0.002  0.002  0.976  0.007  0.005  0.004	21
 23:	0.015  0.934  0.008  0.011  0.010  0.012  0.009	22
 24:	0.981  0.013  0.001  0.001  0.001  0.001  0.001	20
 25:	0.003  0.010  0.001  0.002  0.002  0.002  0.980	20

  1:	0.922  0.002  0.004  0.030  0.017  0.008  0.017	10
  2:	0.047  0.800  0.036  0.019  0.033  0.039  0.025	18
  3:	0.770  0.039  0.001  0.181  0.005  0.003  0.002	1
  4:	0.797  0.029  0.001  0.085  0.005  0.003  0.080	1
  5:	0.006  0.894  0.046  0.009  0.032  0.004  0.009	12
  6:	0.024  0.003  0.001  0.946  0.012  0.009  0.006	21
  7:	0.001  0.001  0.000  0.001  0.001  0.001  0.994	20
  8:	0.935  0.004  0.001  0.025  0.005  0.007  0.023	20
  9:	0.004  0.050  0.001  0.940  0.002  0.001  0.002	21
 10:	0.001  0.223  0.772  0.001  0.001  0.001  0.001	21
 11:	0.081  0.049  0.019  0.099  0.672  0.025  0.055	21
 12:	0.001  0.814  0.180  0.001  0.002  0.001  0.001	6
 13:	0.011  0.952  0.020  0.005  0.004  0.006  0.002	12
 14:	0.010  0.002  0.001  0.940  0.022  0.008  0.018	14
 15:	0.991  0.000  0.001  0.003  0.002  0.002  0.002	21
 16:	0.043  0.794  0.005  0.016  0.114  0.016  0.012	10
 17:	0.001  0.990  0.004  0.001  0.001  0.001  0.001	3
 18:	0.002  0.982  0.001  0.002  0.002  0.008  0.002	1
 19:	0.921  0.002  0.005  0.015  0.031  0.016  0.010	21
 20:	0.056  0.004  0.002  0.604  0.014  0.011  0.310	21
 21:	0.366  0.001  0.001  0.519  0.003  0.023  0.087	21
 22:	0.980  0.001  0.003  0.007  0.004  0.003  0.002	21
 23:	0.017  0.733  0.198  0.017  0.009  0.017  0.009	22
 24:	0.002  0.013  0.001  0.002  0.001  0.980  0.001	20
 25:	0.004  0.009  0.001  0.002  0.980  0.002  0.002	20

  1:	0.211  0.010  0.004  0.745  0.001  0.025  0.003	10
  2:	0.037  0.023  0.013  0.028  0.835  0.030  0.035	18
  3:	0.546  0.002  0.014  0.401  0.030  0.004  0.003	1
  4:	0.585  0.080  0.024  0.275  0.016  0.016  0.003	1
  5:	0.006  0.006  0.010  0.005  0.940  0.027  0.005	12
  6:	0.006  0.003  0.019  0.955  0.005  0.005  0.007	21
  7:	0.002  0.992  0.001  0.001  0.001  0.001  0.001	20
  8:	0.080  0.027  0.003  0.879  0.003  0.004  0.004	20
  9:	0.003  0.002  0.939  0.002  0.050  0.003  0.001	21
 10:	0.024  0.017  0.012  0.007  0.767  0.170  0.003	21
 11:	0.064  0.055  0.057  0.039  0.060  0.698  0.027	21
 12:	0.002  0.002  0.002  0.003  0.985  0.004  0.001	6
 13:	0.009  0.002  0.004  0.008  0.966  0.003  0.007	12
 14:	0.005  0.029  0.246  0.697  0.002  0.013  0.007	14
 15:	0.986  0.002  0.002  0.005  0.001  0.002  0.002	21
 16:	0.029  0.013  0.006  0.024  0.802  0.102  0.024	10
 17:	0.002  0.002  0.001  0.002  0.991  0.002  0.002	3
 18:	0.003  0.002  0.004  0.002  0.977  0.002  0.009	1
 19:	0.678  0.025  0.029  0.162  0.002  0.068  0.037	21
 20:	0.244  0.330  0.329  0.039  0.004  0.032  0.023	21
 21:	0.469  0.087  0.366  0.041  0.001  0.005  0.032	21
 22:	0.954  0.003  0.016  0.010  0.002  0.009  0.005	21
 23:	0.016  0.010  0.008  0.019  0.919  0.012  0.017	22
 24:	0.003  0.002  0.002  0.002  0.014  0.001  0.977	20
 25:	0.004  0.002  0.002  0.003  0.010  0.976  0.003	20

  1:	0.012  0.004  0.024  0.326  0.002  0.005  0.628	10
  2:	0.024  0.037  0.031  0.037  0.834  0.012  0.025	18
  3:	0.003  0.003  0.004  0.547  0.028  0.011  0.404	1
  4:	0.082  0.003  0.013  0.568  0.016  0.020  0.299	1
  5:	0.007  0.005  0.028  0.006  0.938  0.010  0.005	12
  6:	0.004  0.006  0.005  0.006  0.004  0.016  0.959	21
  7:	0.993  0.001  0.001  0.001  0.001  0.001  0.001	20
  8:	0.029  0.004  0.004  0.234  0.003  0.003  0.722	20
  9:	0.002  0.002  0.003  0.002  0.050  0.939  0.002	21
 10:	0.018  0.003  0.196  0.015  0.755  0.009  0.005	21
 11:	0.055  0.027  0.705  0.061  0.059  0.055  0.038	21
 12:	0.002  0.001  0.005  0.002  0.984  0.002  0.003	6
 13:	0.003  0.007  0.003  0.009  0.966  0.004  0.007	12
 14:	0.037  0.008  0.015  0.006  0.002  0.213  0.720	14
 15:	0.003  0.002  0.002  0.986  0.001  0.002  0.005	21
 16:	0.014  0.026  0.111  0.016  0.796  0.006  0.032	10
 17:	0.002  0.002  0.002  0.002  0.990  0.001  0.002	3
 18:	0.002  0.008  0.002  0.003  0.978  0.005  0.002	1
 19:	0.027  0.030  0.061  0.684  0.002  0.025  0.171	21
 20:	0.328  0.025  0.034  0.248  0.004  0.319  0.043	21
 21:	0.095  0.033  0.005  0.476  0.001  0.355  0.035	21
 22:	0.004  0.005  0.009  0.954  0.002  0.017  0.008	21
 23:	0.013  0.017  0.013  0.014  0.918  0.008  0.018	22
 24:	0.002  0.977  0.001  0.002  0.014  0.002  0.001	20
 25:	0.003  0.003  0.976  0.004  0.010  0.002  0.003	20

  1:	0.004  0.001  0.010  0.029  0.762  0.005  0.189	10
  2:	0.039  0.833  0.023  0.029  0.028  0.013  0.035	18
  3:	0.005  0.031  0.002  0.005  0.416  0.013  0.528	1
  4:	0.004  0.018  0.078  0.010  0.301  0.021  0.569	1
  5:	0.006  0.937  0.007  0.029  0.005  0.010  0.006	12
  6:	0.009  0.005  0.003  0.006  0.952  0.020  0.005	21
  7:	0.002  0.001  0.992  0.001  0.001  0.001  0.001	20
  8:	0.005  0.003  0.025  0.004  0.897  0.003  0.063	20
  9:	0.002  0.050  0.002  0.003  0.002  0.939  0.002	21
 10:	0.004  0.752  0.014  0.201  0.005  0.010  0.014	21
 11:	0.031  0.060  0.052  0.700  0.042  0.054  0.060	21
 12:	0.002  0.984  0.002  0.005  0.003  0.002  0.002	6
 13:	0.008  0.964  0.003  0.003  0.008  0.005  0.009	12
 14:	0.009  0.002  0.029  0.014  0.700  0.242  0.004	14
 15:	0.002  0.001  0.002  0.002  0.005  0.002  0.985	21
 16:	0.028  0.794  0.014  0.111  0.028  0.006  0.019	10
 17:	0.002  0.990  0.002  0.002  0.002  0.001  0.001	3
 18:	0.009  0.978  0.002  0.002  0.002  0.004  0.003	1
 19:	0.042  0.002  0.026  0.068  0.184  0.028  0.650	21
 20:	0.031  0.003  0.341  0.036  0.046  0.306  0.236	21
 21:	0.038  0.001  0.104  0.006  0.055  0.339  0.457	21
 22:	0.006  0.002  0.004  0.010  0.010  0.017  0.951	21
 23:	0.020  0.916  0.011  0.013  0.018  0.008  0.013	22
 24:	0.977  0.014  0.002  0.001  0.002  0.002  0.002	20
 25:	0.004  0.010  0.002  0.975  0.003  0.002  0.004	20

  1:	0.013  0.015  0.005  0.015  0.908  0.002  0.043	10
  2:	0.024  0.011  0.031  0.028  0.042  0.836  0.028	18
  3:	0.003  0.227  0.003  0.007  0.545  0.011  0.205	1
  4:	0.096  0.067  0.004  0.007  0.386  0.006  0.435	1
  5:	0.007  0.007  0.005  0.024  0.004  0.946  0.008	12
  6:	0.009  0.888  0.009  0.012  0.068  0.003  0.011	21
  7:	0.994  0.001  0.001  0.001  0.001  0.001  0.001	20
  8:	0.011  0.007  0.003  0.003  0.956  0.003  0.017	20
  9:	0.003  0.935  0.002  0.003  0.002  0.050  0.006	21
 10:	0.019  0.011  0.003  0.175  0.005  0.765  0.021	21
 11:	0.062  0.078  0.025  0.696  0.031  0.060  0.048	21
 12:	0.002  0.002  0.001  0.005  0.003  0.986  0.002	6
 13:	0.003  0.005  0.006  0.003  0.008  0.968  0.008	12
 14:	0.025  0.871  0.009  0.018  0.073  0.001  0.004	14
 15:	0.003  0.003  0.002  0.002  0.006  0.001  0.984	21
 16:	0.014  0.014  0.024  0.107  0.016  0.802  0.022	10
 17:	0.002  0.001  0.002  0.001  0.002  0.991  0.001	3
 18:	0.002  0.003  0.007  0.002  0.002  0.981  0.003	1
 19:	0.012  0.016  0.019  0.032  0.559  0.002  0.361	21
 20:	0.327  0.585  0.012  0.015  0.009  0.005  0.047	21
 21:	0.107  0.538  0.027  0.003  0.027  0.001  0.296	21
 22:	0.005  0.012  0.005  0.011  0.008  0.002  0.957	21
 23:	0.012  0.012  0.015  0.011  0.011  0.923  0.015	22
 24:	0.002  0.002  0.978  0.001  0.002  0.014  0.002	20
 25:	0.002  0.002  0.003  0.977  0.003  0.010  0.003	20

  1:	0.002  0.190  0.003  0.004  0.010  0.763  0.029	10
  2:	0.838  0.036  0.035  0.012  0.023  0.028  0.028	18
  3:	0.033  0.508  0.004  0.018  0.003  0.431  0.004	1
  4:	0.021  0.541  0.003  0.030  0.079  0.313  0.012	1
  5:	0.942  0.007  0.005  0.010  0.006  0.005  0.025	12
  6:	0.005  0.005  0.008  0.022  0.003  0.953  0.004	21
  7:	0.002  0.001  0.001  0.001  0.993  0.001  0.001	20
  8:	0.004  0.065  0.004  0.003  0.022  0.899  0.004	20
  9:	0.050  0.002  0.002  0.939  0.002  0.003  0.003	21
 10:	0.763  0.017  0.003  0.015  0.014  0.005  0.182	21
 11:	0.062  0.059  0.025  0.062  0.053  0.042  0.697	21
 12:	0.985  0.002  0.001  0.002  0.002  0.003  0.005	6
 13:	0.968  0.008  0.007  0.004  0.002  0.007  0.003	12
 14:	0.002  0.003  0.007  0.244  0.030  0.703  0.010	14
 15:	0.001  0.986  0.002  0.002  0.002  0.005  0.002	21
 16:	0.803  0.019  0.024  0.006  0.012  0.030  0.107	10
 17:	0.991  0.001  0.002  0.001  0.001  0.002  0.002	3
 18:	0.979  0.003  0.008  0.004  0.002  0.002  0.002	1
 19:	0.002  0.594  0.027  0.030  0.024  0.259  0.064	21
 20:	0.004  0.115  0.022  0.472  0.329  0.030  0.028	21
 21:	0.001  0.398  0.034  0.435  0.087  0.040  0.005	21
 22:	0.003  0.953  0.005  0.016  0.004  0.010  0.010	21
 23:	0.921  0.015  0.015  0.008  0.010  0.018  0.012	22
 24:	0.014  0.002  0.977  0.002  0.002  0.002  0.001	20
 25:	0.010  0.003  0.003  0.002  0.002  0.003  0.977	20

  1:	0.016  0.013  0.044  0.015  0.005  0.002  0.907	10
  2:	0.024  0.028  0.026  0.011  0.031  0.838  0.042	18
  3:	0.003  0.011  0.200  0.217  0.003  0.014  0.553	1
  4:	0.085  0.008  0.410  0.104  0.003  0.007  0.383	1
  5:	0.007  0.027  0.005  0.007  0.004  0.946  0.004	12
  6:	0.008  0.012  0.010  0.908  0.010  0.003  0.048	21
  7:	0.994  0.001  0.001  0.001  0.001  0.001  0.001	20
  8:	0.010  0.003  0.016  0.008  0.003  0.003  0.956	20
  9:	0.003  0.002  0.005  0.935  0.002  0.050  0.002	21
 10:	0.022  0.165  0.020  0.012  0.003  0.771  0.005	21
 11:	0.060  0.695  0.051  0.082  0.024  0.060  0.028	21
 12:	0.002  0.005  0.001  0.002  0.001  0.987  0.002	6
 13:	0.003  0.003  0.008  0.004  0.006  0.969  0.008	12
 14:	0.024  0.019  0.004  0.882  0.008  0.001  0.061	14
 15:	0.003  0.002  0.984  0.003  0.002  0.001  0.006	21
 16:	0.014  0.108  0.022  0.014  0.022  0.803  0.017	10
 17:	0.001  0.001  0.001  0.001  0.002  0.991  0.002	3
 18:	0.002  0.002  0.003  0.003  0.007  0.981  0.002	1
 19:	0.011  0.031  0.356  0.018  0.018  0.002  0.564	21
 20:	0.325  0.015  0.048  0.587  0.011  0.004  0.009	21
 21:	0.110  0.003  0.292  0.541  0.027  0.001  0.026	21
 22:	0.005  0.010  0.959  0.012  0.005  0.002  0.007	21
 23:	0.012  0.010  0.015  0.012  0.016  0.925  0.010	22
 24:	0.002  0.001  0.002  0.002  0.978  0.014  0.001	20
 25:	0.002  0.977  0.003  0.002  0.003  0.010  0.003	20

