  1:	0.015  0.912  0.003  0.004  0.012  0.013  0.041  0.001	10
  2:	0.027  0.041  0.036  0.033  0.013  0.031  0.031  0.788	18
  3:	0.002  0.552  0.001  0.003  0.217  0.008  0.194  0.023	1
  4:	0.083  0.358  0.001  0.003  0.099  0.007  0.436  0.014	1
  5:	0.010  0.005  0.047  0.005  0.009  0.030  0.006  0.886	12
  6:	0.008  0.055  0.001  0.009  0.902  0.011  0.010  0.003	21
  7:	0.994  0.001  0.000  0.001  0.001  0.001  0.001  0.001	20
  8:	0.010  0.959  0.001  0.003  0.007  0.002  0.015  0.003	20
  9:	0.002  0.002  0.001  0.002  0.936  0.002  0.005  0.050	21
 10:	0.001  0.001  0.772  0.001  0.001  0.001  0.001  0.222	21
 11:	0.064  0.035  0.021  0.023  0.081  0.674  0.053  0.049	21
 12:	0.002  0.001  0.185  0.001  0.001  0.002  0.001  0.807	6
 13:	0.003  0.010  0.019  0.006  0.005  0.004  0.009  0.944	12
 14:	0.025  0.053  0.001  0.008  0.887  0.021  0.003  0.001	14
 15:	0.003  0.005  0.001  0.002  0.002  0.002  0.984  0.001	21
 16:	0.015  0.021  0.006  0.017  0.017  0.118  0.024  0.783	10
 17:	0.001  0.001  0.006  0.001  0.001  0.001  0.001  0.987	3
 18:	0.003  0.003  0.002  0.008  0.003  0.002  0.002  0.978	1
 19:	0.010  0.572  0.004  0.015  0.015  0.030  0.351  0.001	21
 20:	0.326  0.009  0.003  0.011  0.593  0.015  0.039  0.004	21
 21:	0.108  0.027  0.001  0.024  0.542  0.003  0.294  0.001	21
 22:	0.004  0.007  0.003  0.005  0.011  0.009  0.960  0.001	21
 23:	0.011  0.010  0.199  0.018  0.015  0.009  0.015  0.722	22
 24:	0.002  0.001  0.001  0.978  0.002  0.001  0.002  0.013	20
 25:	0.002  0.003  0.001  0.002  0.002  0.977  0.003  0.009	20

  1:	0.008  0.008  0.016  0.036  0.015  0.001  0.004  0.912	10
  2:	0.039  0.015  0.033  0.015  0.023  0.802  0.033  0.040	18
  3:	0.004  0.027  0.005  0.141  0.002  0.038  0.001  0.781	1
  4:	0.005  0.131  0.005  0.028  0.044  0.024  0.001  0.762	1
  5:	0.005  0.005  0.030  0.008  0.007  0.898  0.042  0.006	12
  6:	0.009  0.006  0.007  0.950  0.004  0.002  0.001  0.020	21
  7:	0.001  0.001  0.001  0.001  0.994  0.001  0.000  0.001	20
  8:	0.008  0.016  0.003  0.021  0.021  0.004  0.001  0.926	20
  9:	0.002  0.007  0.002  0.933  0.002  0.050  0.001  0.003	21
 10:	0.001  0.001  0.001  0.001  0.001  0.223  0.771  0.001	21
 11:	0.027  0.061  0.682  0.060  0.052  0.048  0.019  0.052	21
 12:	0.001  0.001  0.001  0.001  0.001  0.816  0.177  0.001	6
 13:	0.006  0.004  0.003  0.005  0.002  0.952  0.019  0.008	12
 14:	0.012  0.029  0.022  0.902  0.022  0.001  0.001  0.012	14
 15:	0.002  0.008  0.001  0.002  0.002  0.000  0.001  0.984	21
 16:	0.017  0.005  0.115  0.023  0.009  0.791  0.004  0.037	10
 17:	0.001  0.001  0.001  0.001  0.001  0.990  0.004  0.001	3
 18:	0.007  0.002  0.001  0.002  0.001  0.982  0.001  0.001	1
 19:	0.019  0.009  0.025  0.012  0.008  0.001  0.004  0.921	21
 20:	0.005  0.958  0.006  0.007  0.017  0.003  0.001  0.003	21
 21:	0.019  0.910  0.002  0.017  0.004  0.001  0.001  0.047	21
 22:	0.004  0.005  0.003  0.007  0.002  0.001  0.003  0.976	21
 23:	0.019  0.012  0.007  0.012  0.007  0.735  0.195  0.013	22
 24:	0.981  0.001  0.001  0.001  0.001  0.013  0.001  0.001	20
 25:	0.003  0.002  0.980  0.002  0.001  0.009  0.001  0.002	20

  1:	0.003  0.003  0.526  0.443  0.013  0.003  0.008  0.001	10
  2:	0.040  0.037  0.042  0.019  0.035  0.014  0.026  0.787	18
  3:	0.001  0.004  0.681  0.246  0.006  0.019  0.002  0.041	1
  4:	0.001  0.004  0.676  0.171  0.008  0.026  0.088  0.025	1
  5:	0.054  0.005  0.006  0.008  0.030  0.011  0.008  0.878	12
  6:	0.002  0.004  0.005  0.970  0.005  0.009  0.002  0.003	21
  7:	0.001  0.001  0.001  0.001  0.001  0.001  0.993  0.001	20
  8:	0.001  0.004  0.500  0.462  0.004  0.003  0.024  0.003	20
  9:	0.001  0.001  0.002  0.003  0.002  0.939  0.001  0.049	21
 10:	0.774  0.001  0.001  0.001  0.001  0.001  0.001  0.220	21
 11:	0.024  0.024  0.069  0.033  0.683  0.065  0.055  0.048	21
 12:	0.193  0.001  0.001  0.001  0.002  0.001  0.001  0.800	6
 13:	0.023  0.006  0.008  0.009  0.004  0.005  0.003  0.941	12
 14:	0.002  0.006  0.005  0.707  0.017  0.226  0.036  0.002	14
 15:	0.001  0.002  0.988  0.003  0.002  0.002  0.002  0.000	21
 16:	0.007  0.017  0.030  0.032  0.121  0.006  0.012  0.774	10
 17:	0.006  0.001  0.001  0.001  0.001  0.001  0.001  0.986	3
 18:	0.002  0.007  0.003  0.002  0.002  0.004  0.002  0.978	1
 19:	0.007  0.035  0.829  0.041  0.045  0.025  0.016  0.002	21
 20:	0.003  0.015  0.044  0.015  0.023  0.580  0.317  0.002	21
 21:	0.002  0.027  0.408  0.013  0.004  0.480  0.065  0.001	21
 22:	0.004  0.005  0.956  0.009  0.006  0.017  0.003  0.001	21
 23:	0.212  0.017  0.012  0.019  0.009  0.012  0.008  0.711	22
 24:	0.001  0.977  0.002  0.001  0.001  0.002  0.001  0.014	20
 25:	0.002  0.002  0.003  0.002  0.978  0.002  0.002  0.009	20

  1:	0.020  0.014  0.006  0.004  0.900  0.001  0.019  0.035	10
  2:	0.028  0.021  0.039  0.035  0.048  0.792  0.023  0.014	18
  3:	0.002  0.099  0.003  0.001  0.741  0.026  0.002  0.127	1
  4:	0.092  0.042  0.003  0.001  0.772  0.021  0.012  0.057	1
  5:	0.010  0.012  0.005  0.046  0.005  0.889  0.024  0.008	12
  6:	0.007  0.011  0.007  0.001  0.017  0.002  0.009  0.945	21
  7:	0.994  0.001  0.001  0.000  0.001  0.001  0.001  0.001	20
  8:	0.028  0.003  0.007  0.001  0.930  0.004  0.005  0.023	20
  9:	0.002  0.003  0.001  0.001  0.002  0.050  0.001  0.938	21
 10:	0.001  0.002  0.001  0.771  0.001  0.222  0.001  0.001	21
 11:	0.014  0.884  0.009  0.004  0.020  0.021  0.029  0.018	21
 12:	0.002  0.001  0.001  0.182  0.001  0.811  0.002  0.001	6
 13:	0.003  0.004  0.006  0.019  0.010  0.949  0.003  0.005	12
 14:	0.022  0.008  0.007  0.001  0.007  0.001  0.028  0.925	14
 15:	0.002  0.001  0.001  0.001  0.989  0.000  0.002  0.002	21
 16:	0.010  0.139  0.015  0.004  0.034  0.764  0.018  0.014	10
 17:	0.001  0.001  0.001  0.004  0.001  0.990  0.001  0.001	3
 18:	0.002  0.002  0.006  0.001  0.002  0.982  0.002  0.002	1
 19:	0.011  0.053  0.014  0.004  0.895  0.001  0.009  0.013	21
 20:	0.318  0.014  0.010  0.002  0.034  0.003  0.012  0.608	21
 21:	0.100  0.003  0.022  0.001  0.346  0.001  0.002  0.524	21
 22:	0.003  0.002  0.003  0.003  0.977  0.001  0.005  0.007	21
 23:	0.011  0.010  0.017  0.199  0.014  0.726  0.007  0.015	22
 24:	0.002  0.001  0.979  0.001  0.001  0.014  0.001  0.002	20
 25:	0.002  0.005  0.002  0.001  0.002  0.012  0.974  0.002	20

  1:	0.922  0.003  0.031  0.004  0.001  0.017  0.006  0.016	10
  2:	0.055  0.268  0.020  0.013  0.548  0.018  0.043  0.035	18
  3:	0.745  0.032  0.211  0.001  0.002  0.002  0.002  0.005	1
  4:	0.805  0.036  0.068  0.001  0.001  0.082  0.002  0.005	1
  5:	0.006  0.358  0.008  0.013  0.576  0.006  0.005  0.028	12
  6:	0.023  0.001  0.949  0.001  0.002  0.005  0.007  0.010	21
  7:	0.001  0.001  0.001  0.000  0.001  0.995  0.001  0.001	20
  8:	0.938  0.001  0.023  0.001  0.003  0.023  0.007  0.004	20
  9:	0.004  0.001  0.940  0.001  0.049  0.002  0.001  0.002	21
 10:	0.001  0.251  0.001  0.701  0.044  0.001  0.001  0.001	21
 11:	0.087  0.022  0.089  0.015  0.032  0.055  0.024  0.675	21
 12:	0.001  0.577  0.001  0.025  0.391  0.001  0.001  0.002	6
 13:	0.007  0.268  0.004  0.007  0.704  0.003  0.004  0.003	12
 14:	0.010  0.001  0.944  0.001  0.001  0.016  0.007  0.019	14
 15:	0.991  0.001  0.002  0.001  0.000  0.002  0.001  0.001	21
 16:	0.040  0.053  0.017  0.009  0.708  0.014  0.016  0.144	10
 17:	0.001  0.002  0.001  0.001  0.993  0.001  0.001  0.001	3
 18:	0.003  0.002  0.003  0.002  0.977  0.003  0.008  0.002	1
 19:	0.925  0.002  0.014  0.005  0.001  0.010  0.015  0.027	21
 20:	0.056  0.003  0.603  0.003  0.001  0.312  0.009  0.012	21
 21:	0.375  0.001  0.515  0.001  0.001  0.086  0.020  0.002	21
 22:	0.981  0.002  0.006  0.002  0.001  0.002  0.003  0.004	21
 23:	0.008  0.910  0.008  0.007  0.052  0.004  0.008  0.003	22
 24:	0.002  0.001  0.002  0.001  0.012  0.001  0.981  0.001	20
 25:	0.003  0.001  0.002  0.001  0.007  0.001  0.002  0.981	20

  1:	0.191  0.003  0.006  0.767  0.001  0.002  0.022  0.007	10
  2:	0.034  0.009  0.019  0.024  0.846  0.032  0.024  0.013	18
  3:	0.503  0.007  0.002  0.451  0.019  0.003  0.004  0.013	1
  4:	0.548  0.010  0.046  0.275  0.007  0.003  0.007  0.105	1
  5:	0.008  0.007  0.004  0.004  0.948  0.004  0.021  0.004	12
  6:	0.005  0.011  0.002  0.960  0.004  0.005  0.004  0.008	21
  7:	0.001  0.001  0.994  0.001  0.001  0.001  0.001  0.001	20
  8:	0.053  0.002  0.016  0.912  0.003  0.003  0.003  0.009	20
  9:	0.002  0.941  0.001  0.002  0.049  0.001  0.002  0.002	21
 10:	0.022  0.009  0.013  0.005  0.784  0.003  0.144  0.020	21
 11:	0.056  0.028  0.043  0.034  0.058  0.026  0.707  0.049	21
 12:	0.002  0.001  0.001  0.002  0.988  0.001  0.004  0.001	6
 13:	0.007  0.003  0.002  0.005  0.972  0.006  0.002  0.004	12
 14:	0.004  0.159  0.025  0.762  0.002  0.005  0.012  0.032	14
 15:	0.983  0.001  0.002  0.004  0.001  0.001  0.001  0.006	21
 16:	0.027  0.006  0.010  0.024  0.814  0.019  0.096  0.004	10
 17:	0.001  0.001  0.001  0.001  0.993  0.001  0.001  0.001	3
 18:	0.002  0.003  0.001  0.001  0.984  0.005  0.001  0.002	1
 19:	0.653  0.021  0.016  0.205  0.001  0.028  0.057  0.019	21
 20:	0.003  0.008  0.019  0.003  0.004  0.004  0.006  0.952	21
 21:	0.023  0.009  0.004  0.014  0.001  0.014  0.002  0.934	21
 22:	0.966  0.011  0.003  0.006  0.002  0.004  0.005  0.004	21
 23:	0.012  0.005  0.007  0.014  0.929  0.014  0.008  0.010	22
 24:	0.002  0.002  0.001  0.001  0.013  0.979  0.001  0.001	20
 25:	0.003  0.001  0.001  0.002  0.009  0.002  0.979  0.002	20

  1:	0.791  0.001  0.007  0.002  0.008  0.165  0.023  0.002	10
  2:	0.030  0.848  0.018  0.027  0.013  0.028  0.026  0.010	18
  3:	0.474  0.021  0.002  0.003  0.012  0.482  0.002  0.004	1
  4:	0.284  0.010  0.047  0.003  0.111  0.533  0.005  0.006	1
  5:	0.005  0.947  0.004  0.004  0.004  0.004  0.026  0.006	12
  6:	0.962  0.004  0.002  0.005  0.009  0.004  0.003  0.011	21
  7:	0.001  0.001  0.993  0.001  0.001  0.001  0.001  0.001	20
  8:	0.926  0.003  0.013  0.003  0.009  0.042  0.003  0.002	20
  9:	0.002  0.049  0.001  0.001  0.002  0.001  0.002  0.941	21
 10:	0.006  0.771  0.011  0.002  0.017  0.015  0.170  0.008	21
 11:	0.042  0.058  0.044  0.024  0.047  0.046  0.712  0.028	21
 12:	0.002  0.988  0.001  0.001  0.001  0.001  0.003  0.001	6
 13:	0.006  0.972  0.002  0.006  0.004  0.006  0.002  0.003	12
 14:	0.765  0.002  0.024  0.007  0.026  0.002  0.010  0.164	14
 15:	0.006  0.001  0.002  0.001  0.007  0.981  0.001  0.001	21
 16:	0.029  0.813  0.010  0.019  0.004  0.015  0.104  0.005	10
 17:	0.001  0.993  0.001  0.001  0.001  0.001  0.001  0.001	3
 18:	0.002  0.983  0.001  0.005  0.002  0.002  0.002  0.003	1
 19:	0.274  0.001  0.015  0.021  0.018  0.602  0.050  0.018	21
 20:	0.004  0.004  0.019  0.004  0.953  0.002  0.005  0.008	21
 21:	0.018  0.001  0.003  0.015  0.933  0.019  0.002  0.009	21
 22:	0.009  0.002  0.003  0.004  0.004  0.960  0.004  0.013	21
 23:	0.016  0.929  0.007  0.013  0.011  0.010  0.009  0.005	22
 24:	0.002  0.013  0.001  0.979  0.001  0.002  0.001  0.002	20
 25:	0.003  0.009  0.001  0.002  0.002  0.003  0.979  0.001	20

  1:	0.001  0.120  0.003  0.753  0.008  0.002  0.025  0.088	10
  2:	0.838  0.029  0.011  0.023  0.020  0.031  0.023  0.025	18
  3:	0.004  0.807  0.010  0.167  0.002  0.002  0.003  0.005	1
  4:	0.001  0.744  0.011  0.066  0.149  0.003  0.003  0.023	1
  5:	0.944  0.017  0.009  0.004  0.005  0.004  0.013  0.004	12
  6:	0.005  0.003  0.015  0.960  0.002  0.006  0.005  0.004	21
  7:	0.001  0.001  0.001  0.001  0.993  0.001  0.001  0.001	20
  8:	0.003  0.035  0.002  0.878  0.022  0.003  0.003  0.053	20
  9:	0.050  0.002  0.940  0.002  0.001  0.001  0.002  0.002	21
 10:	0.764  0.008  0.009  0.004  0.014  0.003  0.180  0.018	21
 11:	0.062  0.051  0.054  0.033  0.045  0.023  0.694  0.037	21
 12:	0.986  0.001  0.002  0.002  0.001  0.001  0.005  0.002	6
 13:	0.968  0.006  0.003  0.006  0.002  0.006  0.002  0.007	12
 14:	0.002  0.011  0.251  0.690  0.026  0.007  0.011  0.002	14
 15:	0.001  0.010  0.002  0.004  0.002  0.002  0.002  0.978	21
 16:	0.806  0.063  0.005  0.012  0.009  0.020  0.078  0.006	10
 17:	0.991  0.002  0.001  0.001  0.001  0.001  0.001  0.001	3
 18:	0.979  0.003  0.004  0.002  0.002  0.007  0.002  0.002	1
 19:	0.001  0.933  0.008  0.013  0.004  0.005  0.006  0.030	21
 20:	0.004  0.084  0.378  0.043  0.319  0.023  0.028  0.122	21
 21:	0.001  0.014  0.381  0.036  0.086  0.036  0.004  0.442	21
 22:	0.002  0.006  0.008  0.008  0.003  0.005  0.011  0.957	21
 23:	0.923  0.006  0.006  0.019  0.009  0.015  0.010  0.013	22
 24:	0.014  0.001  0.002  0.001  0.001  0.977  0.001  0.002	20
 25:	0.010  0.002  0.001  0.003  0.001  0.002  0.977  0.003	20

  1:	0.190  0.007  0.003  0.022  0.008  0.002  0.766  0.001	10
  2:	0.035  0.017  0.011  0.022  0.013  0.033  0.022  0.847	18
  3:	0.501  0.002  0.005  0.003  0.015  0.003  0.450  0.022	1
  4:	0.551  0.048  0.006  0.009  0.122  0.003  0.251  0.010	1
  5:	0.008  0.004  0.007  0.023  0.004  0.003  0.004  0.947	12
  6:	0.005  0.002  0.011  0.005  0.009  0.005  0.960  0.004	21
  7:	0.001  0.993  0.001  0.001  0.001  0.001  0.001  0.001	20
  8:	0.053  0.016  0.002  0.003  0.009  0.003  0.911  0.003	20
  9:	0.002  0.001  0.941  0.002  0.002  0.001  0.002  0.049	21
 10:	0.015  0.010  0.007  0.175  0.017  0.002  0.004  0.769	21
 11:	0.055  0.041  0.027  0.713  0.048  0.025  0.034  0.057	21
 12:	0.002  0.001  0.001  0.003  0.002  0.001  0.002  0.988	6
 13:	0.007  0.002  0.003  0.002  0.004  0.005  0.005  0.972	12
 14:	0.004  0.022  0.163  0.011  0.030  0.006  0.761  0.001	14
 15:	0.983  0.002  0.001  0.001  0.006  0.001  0.004  0.000	21
 16:	0.022  0.011  0.006  0.099  0.004  0.018  0.026  0.814	10
 17:	0.001  0.001  0.001  0.001  0.001  0.001  0.001  0.992	3
 18:	0.002  0.001  0.003  0.002  0.002  0.006  0.001  0.983	1
 19:	0.637  0.017  0.021  0.057  0.020  0.024  0.223  0.001	21
 20:	0.003  0.018  0.009  0.005  0.954  0.003  0.003  0.004	21
 21:	0.023  0.004  0.009  0.002  0.936  0.013  0.013  0.001	21
 22:	0.964  0.003  0.012  0.005  0.004  0.004  0.006  0.001	21
 23:	0.013  0.008  0.006  0.009  0.011  0.011  0.013  0.929	22
 24:	0.002  0.001  0.002  0.001  0.001  0.979  0.001  0.013	20
 25:	0.004  0.001  0.001  0.978  0.002  0.002  0.002  0.010	20

  1:	0.002  0.004  0.013  0.910  0.003  0.014  0.010  0.045	10
  2:	0.793  0.034  0.029  0.038  0.036  0.013  0.025  0.033	18
  3:	0.030  0.003  0.008  0.530  0.001  0.193  0.002  0.234	1
  4:	0.020  0.003  0.008  0.341  0.001  0.108  0.074  0.445	1
  5:	0.891  0.005  0.030  0.005  0.046  0.009  0.008  0.006	12
  6:	0.003  0.008  0.012  0.055  0.001  0.905  0.005  0.010	21
  7:	0.001  0.001  0.001  0.001  0.000  0.001  0.994  0.001	20
  8:	0.003  0.003  0.002  0.962  0.001  0.006  0.007  0.016	20
  9:	0.050  0.001  0.002  0.002  0.001  0.937  0.002  0.005	21
 10:	0.223  0.001  0.001  0.001  0.771  0.001  0.001  0.001	21
 11:	0.052  0.024  0.675  0.037  0.021  0.079  0.058  0.054	21
 12:	0.814  0.001  0.002  0.001  0.179  0.001  0.001  0.001	6
 13:	0.946  0.006  0.004  0.010  0.019  0.005  0.003  0.008	12
 14:	0.002  0.008  0.020  0.060  0.001  0.890  0.016  0.003	14
 15:	0.001  0.002  0.002  0.005  0.001  0.003  0.002  0.984	21
 16:	0.786  0.018  0.121  0.018  0.005  0.017  0.012  0.024	10
 17:	0.989  0.001  0.001  0.001  0.004  0.001  0.001  0.001	3
 18:	0.980  0.007  0.002  0.002  0.001  0.003  0.002  0.002	1
 19:	0.002  0.015  0.030  0.564  0.004  0.016  0.007  0.362	21
 20:	0.004  0.010  0.015  0.009  0.003  0.600  0.318  0.042	21
 21:	0.001  0.022  0.003  0.024  0.001  0.557  0.094  0.297	21
 22:	0.001  0.004  0.009  0.007  0.003  0.011  0.004  0.961	21
 23:	0.730  0.017  0.009  0.010  0.197  0.013  0.008  0.015	22
 24:	0.014  0.978  0.001  0.001  0.001  0.002  0.001  0.002	20
 25:	0.010  0.002  0.978  0.002  0.001  0.002  0.002  0.003	20

